MV411	chrUn_GL000214v1
E1	E2	E3	E4	E5	E6	E7	E8
0	0	0.0049	0	0.0003	0.0026	0.99	0.0022
0	0	0.0047	0	0	0.0006	0.9926	0.0021
0	0	0.0044	0	0	0.0004	0.9933	0.0019
0	0	0.0042	0	0	0.0004	0.9936	0.0017
0	0	0.0041	0	0	0.0004	0.9939	0.0016
0	0	0.004	0	0	0.0004	0.9941	0.0015
0	0	0.004	0	0	0.0004	0.9943	0.0013
0	0	0.004	0	0	0.0004	0.9944	0.0012
0	0	0.0039	0	0	0.0004	0.9945	0.0011
0	0	0.0039	0	0	0.0003	0.9946	0.001
0	0	0.0039	0	0	0.0003	0.9947	0.001
0	0	0.0039	0	0	0.0003	0.9948	0.0009
0	0	0.0039	0	0	0.0003	0.9949	0.0008
0	0	0.0039	0	0	0.0003	0.995	0.0007
0	0	0.0039	0	0	0.0003	0.995	0.0007
0	0	0.0039	0	0	0.0003	0.9951	0.0006
0	0	0.0039	0	0	0.0003	0.9951	0.0006
0	0	0.0039	0	0	0.0003	0.9952	0.0005
0	0	0.0039	0	0	0.0003	0.9952	0.0005
0	0	0.0039	0	0	0.0003	0.9953	0.0005
0	0	0.0039	0	0	0.0003	0.9953	0.0004
0	0	0.0039	0	0	0.0003	0.9953	0.0004
0	0	0.0039	0	0	0.0003	0.9954	0.0004
0	0	0.0039	0	0	0.0003	0.9954	0.0003
0	0	0.0039	0	0	0.0003	0.9954	0.0003
0	0	0.0039	0	0	0.0003	0.9954	0.0003
0	0	0.0039	0	0	0.0003	0.9955	0.0003
0	0	0.0039	0	0	0.0003	0.9955	0.0003
0	0	0.0039	0	0	0.0003	0.9955	0.0002
0	0	0.0039	0	0	0.0003	0.9955	0.0002
0	0	0.0039	0	0	0.0003	0.9955	0.0002
0	0	0.0039	0	0	0.0003	0.9955	0.0002
0	0	0.0039	0	0	0.0003	0.9956	0.0002
0	0	0.0039	0	0	0.0003	0.9956	0.0002
0	0	0.0039	0	0	0.0003	0.9956	0.0002
0	0	0.0039	0	0	0.0003	0.9956	0.0001
0	0	0.0039	0	0	0.0003	0.9956	0.0001
0	0	0.0039	0	0	0.0003	0.9956	0.0001
0	0	0.0039	0	0	0.0003	0.9956	0.0001
0	0	0.0039	0	0	0.0003	0.9956	0.0001
0	0	0.0039	0	0	0.0003	0.9956	0.0001
0	0	0.0039	0	0	0.0003	0.9956	0.0001
0	0	0.0039	0	0	0.0003	0.9956	0.0001
0	0	0.0039	0	0	0.0003	0.9956	0.0001
0	0	0.0039	0	0	0.0003	0.9956	0.0001
0	0	0.0039	0	0	0.0003	0.9956	0.0001
0	0	0.0039	0	0	0.0003	0.9957	0.0001
0	0	0.0039	0	0	0.0003	0.9957	0.0001
0	0	0.0039	0	0	0.0003	0.9957	0.0001
0	0	0.0039	0	0	0.0003	0.9957	0.0001
0	0	0.0039	0	0	0.0003	0.9957	0.0001
0	0	0.0039	0	0	0.0003	0.9957	0.0001
0	0	0.0039	0	0	0.0003	0.9957	0.0001
0	0	0.0039	0	0	0.0003	0.9957	0.0001
0	0	0.0039	0	0	0.0003	0.9957	0.0001
0	0	0.0039	0	0	0.0003	0.9957	0.0001
0	0	0.0039	0	0	0.0003	0.9957	0.0001
0	0	0.0039	0	0	0.0003	0.9957	0.0001
0	0	0.0039	0	0	0.0003	0.9957	0.0001
0	0	0.0039	0	0	0.0003	0.9957	0.0001
0	0	0.0039	0	0	0.0003	0.9957	0.0001
0	0	0.0039	0	0	0.0003	0.9957	0.0001
0	0	0.0039	0	0	0.0003	0.9957	0.0001
0	0	0.0039	0	0	0.0003	0.9957	0.0001
0	0	0.0039	0	0	0.0003	0.9957	0.0001
0	0	0.0039	0	0	0.0003	0.9957	0.0001
0	0	0.0039	0	0	0.0003	0.9957	0.0001
0	0	0.0039	0	0	0.0003	0.9957	0.0001
0	0	0.0039	0	0	0.0003	0.9957	0.0001
0	0	0.0039	0	0	0.0003	0.9957	0.0001
0	0	0.0039	0	0	0.0003	0.9957	0.0001
0	0	0.0039	0	0	0.0003	0.9957	0.0001
0	0	0.0039	0	0	0.0003	0.9957	0.0001
0	0	0.0039	0	0	0.0003	0.9957	0
0	0	0.0039	0	0	0.0003	0.9957	0
0	0	0.0039	0	0	0.0003	0.9957	0
0	0	0.0039	0	0	0.0003	0.9957	0
0	0	0.0039	0	0	0.0003	0.9957	0
0	0	0.0039	0	0	0.0003	0.9957	0
0	0	0.0039	0	0	0.0003	0.9957	0
0	0	0.0039	0	0	0.0003	0.9957	0
0	0	0.0039	0	0	0.0003	0.9957	0
0	0	0.0039	0	0	0.0003	0.9957	0
0	0	0.0039	0	0	0.0003	0.9957	0
0	0	0.0039	0	0	0.0003	0.9957	0
0	0	0.0039	0	0	0.0003	0.9957	0
0	0	0.0039	0	0	0.0003	0.9957	0
0	0	0.0039	0	0	0.0003	0.9957	0
0	0	0.0039	0	0	0.0003	0.9957	0
0	0	0.0039	0	0	0.0003	0.9957	0
0	0	0.0039	0	0	0.0003	0.9957	0
0	0	0.0039	0	0	0.0003	0.9957	0
0	0	0.0039	0	0	0.0003	0.9957	0
0	0	0.0039	0	0	0.0003	0.9957	0
0	0	0.0039	0	0	0.0003	0.9957	0
0	0	0.0039	0	0	0.0003	0.9957	0
0	0	0.0039	0	0	0.0003	0.9957	0
0	0	0.0039	0	0	0.0003	0.9957	0
0	0	0.0039	0	0	0.0003	0.9957	0
0	0	0.0039	0	0	0.0003	0.9957	0
0	0	0.0039	0	0	0.0003	0.9957	0
0	0	0.0039	0	0	0.0003	0.9957	0
0	0	0.0039	0	0	0.0003	0.9957	0
0	0	0.0039	0	0	0.0003	0.9957	0
0	0	0.0039	0	0	0.0003	0.9957	0
0	0	0.0039	0	0	0.0003	0.9957	0
0	0	0.0039	0	0	0.0003	0.9957	0
0	0	0.0039	0	0	0.0003	0.9957	0
0	0	0.0039	0	0	0.0003	0.9957	0
0	0	0.0039	0	0	0.0003	0.9957	0
0	0	0.0039	0	0	0.0003	0.9957	0
0	0	0.0039	0	0	0.0003	0.9957	0
0	0	0.0039	0	0	0.0003	0.9957	0
0	0	0.0039	0	0	0.0003	0.9957	0
0	0	0.0039	0	0	0.0003	0.9957	0
0	0	0.0039	0	0	0.0003	0.9957	0
0	0	0.0039	0	0	0.0003	0.9957	0
0	0	0.0039	0	0	0.0003	0.9957	0
0	0	0.0039	0	0	0.0003	0.9957	0
0	0	0.0039	0	0	0.0003	0.9957	0
0	0	0.0039	0	0	0.0003	0.9957	0
0	0	0.0039	0	0	0.0003	0.9957	0
0	0	0.0039	0	0	0.0003	0.9957	0
0	0	0.0039	0	0	0.0003	0.9957	0
0	0	0.0039	0	0	0.0003	0.9957	0
0	0	0.0039	0	0	0.0003	0.9957	0
0	0	0.0039	0	0	0.0003	0.9957	0
0	0	0.0039	0	0	0.0003	0.9957	0
0	0	0.0039	0	0	0.0003	0.9957	0
0	0	0.0039	0	0	0.0003	0.9957	0
0	0	0.0039	0	0	0.0003	0.9957	0
0	0	0.0039	0	0	0.0003	0.9957	0
0	0	0.0039	0	0	0.0003	0.9957	0
0	0	0.0039	0	0	0.0003	0.9957	0
0	0	0.0039	0	0	0.0003	0.9957	0
0	0	0.0039	0	0	0.0003	0.9957	0
0	0	0.0039	0	0	0.0003	0.9957	0
0	0	0.0039	0	0	0.0003	0.9957	0
0	0	0.0039	0	0	0.0003	0.9957	0
0	0	0.0039	0	0	0.0003	0.9957	0
0	0	0.0039	0	0	0.0003	0.9957	0
0	0	0.0039	0	0	0.0003	0.9957	0
0	0	0.0039	0	0	0.0003	0.9957	0
0	0	0.0039	0	0	0.0003	0.9957	0
0	0	0.0039	0	0	0.0003	0.9957	0
0	0	0.0039	0	0	0.0003	0.9957	0
0	0	0.0039	0	0	0.0003	0.9957	0
0	0	0.0039	0	0	0.0003	0.9957	0
0	0	0.0039	0	0	0.0003	0.9957	0
0	0	0.0039	0	0	0.0003	0.9957	0
0	0	0.0039	0	0	0.0003	0.9957	0
0	0	0.0039	0	0	0.0003	0.9957	0
0	0	0.0039	0	0	0.0003	0.9957	0
0	0	0.0039	0	0	0.0003	0.9957	0
0	0	0.0039	0	0	0.0003	0.9957	0
0	0	0.0039	0	0	0.0003	0.9957	0
0	0	0.0039	0	0	0.0003	0.9957	0
0	0	0.0039	0	0	0.0003	0.9957	0
0	0	0.0039	0	0	0.0003	0.9957	0
0	0	0.0039	0	0	0.0003	0.9957	0
0	0	0.0039	0	0	0.0003	0.9957	0
0	0	0.0039	0	0	0.0003	0.9957	0
0	0	0.0039	0	0	0.0003	0.9957	0
0	0	0.0039	0	0	0.0003	0.9957	0
0	0	0.0039	0	0	0.0003	0.9957	0
0	0	0.0039	0	0	0.0003	0.9957	0
0	0	0.0039	0	0	0.0003	0.9957	0
0	0	0.0039	0	0	0.0003	0.9957	0
0	0	0.0039	0	0	0.0003	0.9957	0
0	0	0.0039	0	0	0.0003	0.9957	0
0	0	0.0039	0	0	0.0003	0.9957	0
0	0	0.0039	0	0	0.0003	0.9957	0
0	0	0.0039	0	0	0.0003	0.9957	0
0	0	0.0039	0	0	0.0003	0.9957	0
0	0	0.0039	0	0	0.0003	0.9957	0
0	0	0.0039	0	0	0.0003	0.9957	0
0	0	0.0039	0	0	0.0003	0.9957	0
0	0	0.0039	0	0	0.0003	0.9957	0
0	0	0.0039	0	0	0.0003	0.9957	0
0	0	0.0039	0	0	0.0003	0.9957	0
0	0	0.0039	0	0	0.0003	0.9957	0
0	0	0.0039	0	0	0.0003	0.9957	0
0	0	0.0039	0	0	0.0003	0.9957	0
0	0	0.0039	0	0	0.0003	0.9957	0
0	0	0.0039	0	0	0.0003	0.9957	0
0	0	0.0039	0	0	0.0003	0.9957	0
0	0	0.0039	0	0	0.0003	0.9957	0
0	0	0.0039	0	0	0.0003	0.9957	0
0	0	0.0039	0	0	0.0003	0.9957	0
0	0	0.0039	0	0	0.0003	0.9957	0
0	0	0.0039	0	0	0.0003	0.9957	0
0	0	0.0039	0	0	0.0003	0.9957	0
0	0	0.0039	0	0	0.0003	0.9957	0
0	0	0.0039	0	0	0.0003	0.9957	0
0	0	0.0039	0	0	0.0003	0.9957	0
0	0	0.0039	0	0	0.0003	0.9957	0
0	0	0.0039	0	0	0.0003	0.9957	0
0	0	0.0039	0	0	0.0003	0.9957	0
0	0	0.0039	0	0	0.0003	0.9957	0
0	0	0.0039	0	0	0.0003	0.9957	0
0	0	0.0039	0	0	0.0003	0.9957	0
0	0	0.0039	0	0	0.0003	0.9957	0
0	0	0.0039	0	0	0.0003	0.9957	0
0	0	0.0039	0	0	0.0003	0.9957	0
0	0	0.0039	0	0	0.0003	0.9957	0
0	0	0.0039	0	0	0.0003	0.9957	0
0	0	0.0039	0	0	0.0003	0.9957	0
0	0	0.0039	0	0	0.0003	0.9957	0
0	0	0.0039	0	0	0.0003	0.9957	0
0	0	0.0039	0	0	0.0003	0.9957	0
0	0	0.0039	0	0	0.0003	0.9957	0
0	0	0.0039	0	0	0.0003	0.9957	0
0	0	0.0039	0	0	0.0003	0.9957	0
0	0	0.0039	0	0	0.0003	0.9957	0
0	0	0.0039	0	0	0.0003	0.9957	0
0	0	0.0039	0	0	0.0003	0.9957	0
0	0	0.0039	0	0	0.0003	0.9957	0
0	0	0.0039	0	0	0.0003	0.9957	0
0	0	0.0039	0	0	0.0003	0.9957	0
0	0	0.0039	0	0	0.0003	0.9957	0
0	0	0.0039	0	0	0.0003	0.9957	0
0	0	0.0039	0	0	0.0003	0.9957	0
0	0	0.0039	0	0	0.0003	0.9957	0
0	0	0.0039	0	0	0.0003	0.9957	0
0	0	0.0039	0	0	0.0003	0.9957	0
0	0	0.0039	0	0	0.0003	0.9957	0
0	0	0.0039	0	0	0.0003	0.9957	0
0	0	0.0039	0	0	0.0003	0.9957	0
0	0	0.0039	0	0	0.0003	0.9957	0
0	0	0.0039	0	0	0.0003	0.9957	0
0	0	0.0039	0	0	0.0003	0.9957	0
0	0	0.0039	0	0	0.0003	0.9957	0
0	0	0.0039	0	0	0.0003	0.9957	0
0	0	0.0039	0	0	0.0003	0.9957	0
0	0	0.0039	0	0	0.0003	0.9957	0
0	0	0.0039	0	0	0.0003	0.9957	0
0	0	0.0039	0	0	0.0003	0.9957	0
0	0	0.0039	0	0	0.0003	0.9957	0
0	0	0.0039	0	0	0.0003	0.9957	0
0	0	0.0039	0	0	0.0003	0.9957	0
0	0	0.0039	0	0	0.0003	0.9957	0
0	0	0.0039	0	0	0.0003	0.9957	0
0	0	0.0039	0	0	0.0003	0.9957	0
0	0	0.0039	0	0	0.0003	0.9957	0
0	0	0.0039	0	0	0.0003	0.9957	0
0	0	0.0039	0	0	0.0003	0.9957	0
0	0	0.0039	0	0	0.0003	0.9957	0
0	0	0.0039	0	0	0.0003	0.9957	0
0	0	0.0039	0	0	0.0003	0.9957	0
0	0	0.0039	0	0	0.0003	0.9957	0
0	0	0.0039	0	0	0.0003	0.9957	0
0	0	0.0039	0	0	0.0003	0.9957	0
0	0	0.0039	0	0	0.0003	0.9957	0
0	0	0.0039	0	0	0.0003	0.9957	0
0	0	0.0039	0	0	0.0003	0.9957	0
0	0	0.0039	0	0	0.0003	0.9957	0
0	0	0.0039	0	0	0.0003	0.9957	0
0	0	0.0039	0	0	0.0003	0.9957	0
0	0	0.0039	0	0	0.0003	0.9957	0
0	0	0.0039	0	0	0.0003	0.9957	0
0	0	0.0039	0	0	0.0003	0.9957	0
0	0	0.0039	0	0	0.0003	0.9957	0
0	0	0.0039	0	0	0.0003	0.9957	0
0	0	0.0039	0	0	0.0003	0.9957	0
0	0	0.0039	0	0	0.0003	0.9957	0
0	0	0.0039	0	0	0.0003	0.9957	0
0	0	0.0039	0	0	0.0003	0.9957	0
0	0	0.0039	0	0	0.0003	0.9957	0
0	0	0.0039	0	0	0.0003	0.9957	0
0	0	0.0039	0	0	0.0003	0.9957	0
0	0	0.0039	0	0	0.0003	0.9957	0
0	0	0.0039	0	0	0.0003	0.9957	0
0	0	0.0039	0	0	0.0003	0.9957	0
0	0	0.0039	0	0	0.0003	0.9957	0
0	0	0.0039	0	0	0.0003	0.9957	0
0	0	0.0039	0	0	0.0003	0.9957	0
0	0	0.0039	0	0	0.0003	0.9957	0
0	0	0.0039	0	0	0.0003	0.9957	0
0	0	0.0039	0	0	0.0003	0.9957	0.0001
0	0	0.0039	0	0	0.0003	0.9957	0.0001
0	0	0.0039	0	0	0.0003	0.9957	0.0001
0	0	0.0039	0	0	0.0003	0.9957	0.0001
0	0	0.0039	0	0	0.0003	0.9957	0.0001
0	0	0.0039	0	0	0.0003	0.9957	0.0001
0	0	0.0039	0	0	0.0003	0.9957	0.0001
0	0	0.0039	0	0	0.0003	0.9957	0.0001
0	0	0.0039	0	0	0.0003	0.9957	0.0001
0	0	0.0039	0	0	0.0003	0.9957	0.0001
0	0	0.0039	0	0	0.0003	0.9957	0.0001
0	0	0.0039	0	0	0.0003	0.9957	0.0001
0	0	0.0039	0	0	0.0003	0.9957	0.0001
0	0	0.0039	0	0	0.0003	0.9957	0.0001
0	0	0.0039	0	0	0.0003	0.9956	0.0001
0	0	0.0039	0	0	0.0003	0.9956	0.0001
0	0	0.0039	0	0	0.0003	0.9956	0.0001
0	0	0.0039	0	0	0.0003	0.9956	0.0001
0	0	0.0039	0.0001	0	0.0003	0.9956	0.0001
0	0	0.0039	0.0001	0	0.0003	0.9956	0.0001
0	0	0.0039	0.0001	0	0.0003	0.9956	0.0001
0	0	0.0039	0.0001	0	0.0003	0.9956	0.0001
0	0	0.0039	0.0001	0	0.0003	0.9956	0.0001
0	0	0.0039	0.0001	0	0.0003	0.9955	0.0001
0	0	0.004	0.0001	0	0.0003	0.9955	0.0001
0	0	0.004	0.0001	0	0.0003	0.9955	0.0001
0	0	0.004	0.0001	0	0.0003	0.9954	0.0001
0	0	0.0041	0.0002	0	0.0003	0.9953	0.0001
0	0	0.0041	0.0002	0	0.0003	0.9952	0.0001
0	0	0.0042	0.0002	0	0.0004	0.9951	0.0001
0	0	0.0044	0.0002	0	0.0004	0.9948	0.0001
0	0	0.0047	0.0003	0	0.0004	0.9945	0.0001
0	0.0001	0.0051	0.0003	0	0.0004	0.994	0.0001
0	0.0001	0.0058	0.0004	0	0.0004	0.9933	0.0001
0	0.0001	0.0068	0.0004	0	0.0004	0.9922	0.0001
0	0.0001	0.0085	0.0005	0	0.0004	0.9905	0.0001
0	0.0001	0.011	0.0005	0	0.0004	0.9879	0.0001
0	0.0001	0.0149	0.0006	0	0.0004	0.9838	0.0001
0	0.0001	0.021	0.0007	0	0.0005	0.9775	0.0001
0	0.0001	0.0305	0.0008	0	0.0005	0.9678	0.0001
0	0.0002	0.0454	0.001	0	0.0006	0.9527	0.0001
0	0.0002	0.0686	0.0011	0	0.0007	0.9292	0.0001
0	0.0003	0.1047	0.0012	0	0.0009	0.8927	0.0001
0	0.0005	0.161	0.0014	0	0.0012	0.8358	0.0001
0	0.0007	0.2489	0.0016	0	0.0016	0.747	0.0001
0	0.0012	0.3859	0.0017	0.0001	0.0024	0.6086	0.0001
0	0.0019	0.5996	0.0018	0.0003	0.0037	0.3926	0.0001
0.0083	0.0013	0.9326	0	0.0016	0.0098	0.0464	0
0	0.0007	0.5994	0.003	0.0004	0.0065	0.3898	0.0002
0	0.0004	0.3859	0.0028	0.0002	0.0043	0.6062	0.0002
0	0.0002	0.2489	0.0025	0.0001	0.0029	0.7451	0.0002
0	0.0001	0.1611	0.0022	0	0.002	0.8342	0.0002
0	0.0001	0.1048	0.0019	0	0.0014	0.8915	0.0002
0	0.0001	0.0687	0.0017	0	0.0011	0.9283	0.0002
0	0.0001	0.0455	0.0015	0	0.0008	0.9519	0.0002
0	0	0.0307	0.0013	0	0.0007	0.9672	0.0002
0	0	0.0211	0.0011	0	0.0006	0.977	0.0002
0	0	0.015	0.001	0	0.0005	0.9833	0.0002
0	0	0.0111	0.0008	0	0.0004	0.9875	0.0002
0	0	0.0085	0.0007	0	0.0004	0.9901	0.0002
0	0	0.0069	0.0006	0	0.0004	0.9919	0.0001
0	0	0.0059	0.0005	0	0.0004	0.9931	0.0001
0	0	0.0052	0.0005	0	0.0004	0.9938	0.0001
0	0	0.0048	0.0004	0	0.0004	0.9943	0.0001
0	0	0.0045	0.0004	0	0.0004	0.9947	0.0001
0	0	0.0043	0.0003	0	0.0004	0.9949	0.0001
0	0	0.0042	0.0003	0	0.0003	0.9951	0.0001
0	0	0.0041	0.0002	0	0.0003	0.9952	0.0001
0	0	0.004	0.0002	0	0.0003	0.9953	0.0001
0	0	0.004	0.0002	0	0.0003	0.9954	0.0001
0	0	0.004	0.0002	0	0.0003	0.9954	0.0001
0	0	0.004	0.0001	0	0.0003	0.9955	0.0001
0	0	0.0039	0.0001	0	0.0003	0.9955	0.0001
0	0	0.0039	0.0001	0	0.0003	0.9955	0.0001
0	0	0.0039	0.0001	0	0.0003	0.9956	0.0001
0	0	0.0039	0.0001	0	0.0003	0.9956	0.0001
0	0	0.0039	0.0001	0	0.0003	0.9956	0.0001
0	0	0.0039	0.0001	0	0.0003	0.9956	0.0001
0	0	0.0039	0.0001	0	0.0003	0.9956	0.0001
0	0	0.0039	0.0001	0	0.0003	0.9956	0.0001
0	0	0.0039	0	0	0.0003	0.9956	0.0001
0	0	0.0039	0	0	0.0003	0.9956	0.0001
0	0	0.0039	0	0	0.0003	0.9956	0.0001
0	0	0.0039	0	0	0.0003	0.9957	0.0001
0	0	0.0039	0	0	0.0003	0.9957	0.0001
0	0	0.0039	0	0	0.0003	0.9957	0.0001
0	0	0.0039	0	0	0.0003	0.9957	0.0001
0	0	0.0039	0	0	0.0003	0.9957	0.0001
0	0	0.0039	0	0	0.0003	0.9957	0.0001
0	0	0.0039	0	0	0.0003	0.9957	0.0001
0	0	0.0039	0	0	0.0003	0.9957	0.0001
0	0	0.0039	0	0	0.0003	0.9957	0.0001
0	0	0.0039	0	0	0.0003	0.9957	0.0001
0	0	0.0039	0	0	0.0003	0.9957	0.0001
0	0	0.0039	0	0	0.0003	0.9957	0.0001
0	0	0.0039	0	0	0.0003	0.9957	0.0001
0	0	0.0039	0	0	0.0003	0.9957	0.0001
0	0	0.0039	0	0	0.0003	0.9957	0.0001
0	0	0.0039	0	0	0.0003	0.9957	0.0001
0	0	0.0039	0	0	0.0003	0.9957	0
0	0	0.0039	0	0	0.0003	0.9957	0
0	0	0.0039	0	0	0.0003	0.9957	0
0	0	0.0039	0	0	0.0003	0.9957	0
0	0	0.0039	0	0	0.0003	0.9957	0
0	0	0.0039	0	0	0.0003	0.9957	0
0	0	0.0039	0	0	0.0003	0.9957	0
0	0	0.0039	0	0	0.0003	0.9957	0
0	0	0.0039	0	0	0.0003	0.9957	0
0	0	0.0039	0	0	0.0003	0.9957	0
0	0	0.0039	0	0	0.0003	0.9957	0
0	0	0.0039	0	0	0.0003	0.9957	0
0	0	0.0039	0	0	0.0003	0.9957	0
0	0	0.0039	0	0	0.0003	0.9957	0
0	0	0.0039	0	0	0.0003	0.9957	0
0	0	0.0039	0	0	0.0003	0.9957	0
0	0	0.0039	0	0	0.0003	0.9957	0
0	0	0.0039	0	0	0.0003	0.9957	0
0	0	0.0039	0	0	0.0003	0.9957	0
0	0	0.0039	0	0	0.0003	0.9957	0
0	0	0.0039	0	0	0.0003	0.9957	0
0	0	0.0039	0	0	0.0003	0.9957	0
0	0	0.0039	0	0	0.0003	0.9957	0
0	0	0.0039	0	0	0.0003	0.9957	0
0	0	0.0039	0	0	0.0003	0.9957	0
0	0	0.0039	0	0	0.0003	0.9957	0
0	0	0.0039	0	0	0.0003	0.9957	0
0	0	0.0039	0	0	0.0003	0.9957	0
0	0	0.0039	0	0	0.0003	0.9957	0
0	0	0.0039	0	0	0.0003	0.9957	0
0	0	0.0039	0	0	0.0003	0.9957	0
0	0	0.0039	0	0	0.0003	0.9957	0
0	0	0.0039	0	0	0.0003	0.9957	0
0	0	0.0039	0	0	0.0003	0.9957	0
0	0	0.0039	0	0	0.0003	0.9957	0
0	0	0.0039	0	0	0.0003	0.9957	0
0	0	0.0039	0	0	0.0003	0.9957	0
0	0	0.0039	0	0	0.0003	0.9957	0
0	0	0.0039	0	0	0.0003	0.9957	0
0	0	0.0039	0	0	0.0003	0.9957	0
0	0	0.0039	0	0	0.0003	0.9957	0
0	0	0.0039	0	0	0.0003	0.9957	0
0	0	0.0039	0	0	0.0003	0.9957	0
0	0	0.0039	0	0	0.0003	0.9957	0
0	0	0.0039	0	0	0.0003	0.9957	0
0	0	0.0039	0	0	0.0003	0.9957	0
0	0	0.0039	0	0	0.0003	0.9957	0.0001
0	0	0.0039	0	0	0.0003	0.9957	0.0001
0	0	0.0039	0	0	0.0003	0.9957	0.0001
0	0	0.0039	0	0	0.0003	0.9957	0.0001
0	0	0.0039	0	0	0.0003	0.9957	0.0001
0	0	0.0039	0	0	0.0003	0.9957	0.0001
0	0	0.0039	0	0	0.0003	0.9957	0.0001
0	0	0.0039	0	0	0.0003	0.9957	0.0001
0	0	0.0039	0	0	0.0003	0.9957	0.0001
0	0	0.0039	0	0	0.0003	0.9957	0.0001
0	0	0.0039	0	0	0.0003	0.9957	0.0001
0	0	0.0039	0	0	0.0003	0.9957	0.0001
0	0	0.0039	0	0	0.0003	0.9957	0.0001
0	0	0.0039	0	0	0.0003	0.9957	0.0001
0	0	0.0039	0	0	0.0003	0.9957	0.0001
0	0	0.0039	0	0	0.0003	0.9957	0.0001
0	0	0.0039	0	0	0.0003	0.9957	0.0001
0	0	0.0039	0	0	0.0003	0.9957	0.0001
0	0	0.0039	0	0	0.0003	0.9957	0.0001
0	0	0.0039	0	0	0.0003	0.9957	0.0001
0	0	0.0039	0	0	0.0003	0.9957	0.0001
0	0	0.0039	0	0	0.0003	0.9957	0.0001
0	0	0.0039	0	0	0.0003	0.9957	0.0001
0	0	0.0039	0	0	0.0003	0.9957	0.0001
0	0	0.0039	0	0	0.0003	0.9957	0.0001
0	0	0.0039	0	0	0.0003	0.9957	0.0001
0	0	0.0039	0	0	0.0003	0.9957	0.0001
0	0	0.0039	0	0	0.0003	0.9956	0.0001
0	0	0.0039	0	0	0.0003	0.9956	0.0001
0	0	0.0039	0	0	0.0003	0.9956	0.0001
0	0	0.0039	0	0	0.0003	0.9956	0.0001
0	0	0.0039	0	0	0.0003	0.9956	0.0001
0	0	0.0039	0	0	0.0003	0.9956	0.0001
0	0	0.0039	0	0	0.0003	0.9956	0.0001
0	0	0.0039	0	0	0.0003	0.9956	0.0001
0	0	0.0039	0	0	0.0003	0.9956	0.0001
0	0	0.0039	0	0	0.0003	0.9956	0.0001
0	0	0.0039	0	0	0.0003	0.9956	0.0001
0	0	0.0039	0	0	0.0003	0.9956	0.0002
0	0	0.0039	0	0	0.0003	0.9956	0.0002
0	0	0.0039	0	0	0.0003	0.9956	0.0002
0	0	0.0039	0	0	0.0003	0.9955	0.0002
0	0	0.0039	0	0	0.0003	0.9955	0.0002
0	0	0.0039	0	0	0.0003	0.9955	0.0002
0	0	0.0039	0	0	0.0003	0.9955	0.0002
0	0	0.0039	0	0	0.0003	0.9955	0.0003
0	0	0.0039	0	0	0.0003	0.9955	0.0003
0	0	0.0039	0	0	0.0003	0.9954	0.0003
0	0	0.0039	0	0	0.0003	0.9954	0.0003
0	0	0.0039	0	0	0.0003	0.9954	0.0003
0	0	0.0039	0	0	0.0003	0.9954	0.0004
0	0	0.0039	0	0	0.0003	0.9953	0.0004
0	0	0.0039	0	0	0.0003	0.9953	0.0004
0	0	0.0039	0	0	0.0003	0.9953	0.0005
0	0	0.0039	0	0	0.0003	0.9952	0.0005
0	0	0.0039	0	0	0.0003	0.9952	0.0005
0	0	0.0039	0	0	0.0003	0.9951	0.0006
0	0	0.0039	0	0	0.0003	0.9951	0.0006
0	0	0.0039	0	0	0.0003	0.995	0.0007
0	0	0.0039	0	0	0.0003	0.995	0.0008
0	0	0.0039	0	0	0.0003	0.9949	0.0008
0	0	0.0039	0	0	0.0003	0.9948	0.0009
0	0	0.0039	0	0	0.0004	0.9947	0.001
0	0	0.0039	0	0	0.0004	0.9946	0.0011
0	0	0.0039	0	0	0.0004	0.9945	0.0011
0	0	0.0039	0	0	0.0004	0.9944	0.0012
0	0	0.0039	0	0	0.0004	0.9943	0.0014
0	0	0.0039	0	0	0.0004	0.9942	0.0015
0	0	0.0039	0	0	0.0004	0.9941	0.0016
0	0	0.0039	0	0	0.0004	0.9939	0.0017
0	0	0.0039	0	0	0.0004	0.9938	0.0019
0	0	0.0039	0	0	0.0004	0.9936	0.0021
0	0	0.0039	0	0	0.0004	0.9934	0.0023
0	0.0001	0.0039	0	0	0.0004	0.9932	0.0025
0	0.0001	0.0039	0	0	0.0004	0.9929	0.0027
0	0.0001	0.0039	0	0	0.0004	0.9927	0.0029
0	0.0001	0.0039	0	0	0.0004	0.9924	0.0032
0	0.0001	0.0039	0	0	0.0004	0.9921	0.0035
0	0.0001	0.0039	0	0	0.0004	0.9918	0.0038
0	0.0001	0.0039	0	0	0.0004	0.9914	0.0041
0	0.0001	0.0039	0	0	0.0004	0.9911	0.0045
0	0.0001	0.0039	0	0	0.0004	0.9906	0.0049
0	0.0001	0.0039	0.0001	0	0.0004	0.9902	0.0054
0	0.0001	0.0039	0.0001	0	0.0004	0.9897	0.0058
0	0.0001	0.0039	0.0001	0	0.0004	0.9891	0.0064
0	0.0001	0.0039	0.0001	0	0.0004	0.9885	0.0069
0	0.0001	0.0039	0.0001	0	0.0004	0.9878	0.0076
0	0.0002	0.0039	0.0001	0	0.0005	0.9871	0.0083
0	0.0002	0.0039	0.0001	0	0.0005	0.9863	0.009
0	0.0002	0.0039	0.0001	0	0.0005	0.9855	0.0098
0	0.0002	0.0039	0.0001	0	0.0005	0.9846	0.0107
0	0.0002	0.0039	0.0001	0	0.0005	0.9835	0.0117
0	0.0002	0.0039	0.0001	0	0.0005	0.9824	0.0128
0	0.0003	0.0039	0.0001	0	0.0005	0.9812	0.0139
0	0.0003	0.0039	0.0001	0	0.0006	0.9799	0.0152
0	0.0003	0.0039	0.0001	0	0.0006	0.9784	0.0166
0	0.0004	0.0039	0.0002	0	0.0006	0.9768	0.0181
0	0.0004	0.0039	0.0002	0	0.0006	0.9751	0.0198
0	0.0004	0.0039	0.0002	0	0.0007	0.9732	0.0216
0	0.0005	0.0039	0.0002	0	0.0007	0.9712	0.0235
0	0.0005	0.0039	0.0002	0	0.0007	0.9689	0.0257
0	0.0005	0.0039	0.0003	0	0.0008	0.9665	0.028
0	0.0006	0.0039	0.0003	0	0.0008	0.9638	0.0306
0	0.0006	0.0039	0.0003	0	0.0008	0.9609	0.0334
0	0.0007	0.0039	0.0004	0	0.0009	0.9577	0.0364
0	0.0008	0.0039	0.0004	0	0.0009	0.9542	0.0397
0	0.0008	0.004	0.0004	0	0.001	0.9504	0.0434
0	0.0009	0.004	0.0005	0	0.001	0.9462	0.0473
0	0.001	0.004	0.0005	0.0001	0.0011	0.9416	0.0517
0	0.0011	0.0041	0.0006	0.0001	0.0012	0.9366	0.0564
0	0.0012	0.0042	0.0007	0.0001	0.0013	0.9311	0.0615
0	0.0013	0.0044	0.0007	0.0001	0.0013	0.925	0.0672
0	0.0015	0.0046	0.0008	0.0001	0.0014	0.9183	0.0733
0	0.0016	0.005	0.0009	0.0001	0.0015	0.9108	0.08
0	0.0018	0.0056	0.001	0.0001	0.0017	0.9025	0.0873
0	0.0021	0.0065	0.0011	0.0001	0.0018	0.8931	0.0953
0	0.0025	0.008	0.0013	0.0001	0.0019	0.8822	0.104
0	0.0031	0.0102	0.0014	0.0001	0.0021	0.8695	0.1135
0	0.0043	0.0137	0.0015	0.0002	0.0024	0.8541	0.1238
0	0.0064	0.019	0.0016	0.0003	0.0041	0.8335	0.1351
0	0.0105	0.0251	0.0016	0.0005	0.0233	0.7917	0.1473
0	0.0047	0.0659	0.001	0.0059	0.0514	0.7275	0.1436
0	0.0031	0.0454	0.0018	0.0013	0.0052	0.7955	0.1476
0	0.0018	0.0306	0.002	0.0005	0.0011	0.8156	0.1485
0	0.0011	0.0209	0.002	0.0002	0.0006	0.8265	0.1487
0	0.0007	0.0146	0.0019	0.0001	0.0005	0.8335	0.1487
0	0.0005	0.0106	0.0018	0.0001	0.0005	0.8381	0.1485
0	0.0003	0.0081	0.0017	0	0.0004	0.8411	0.1483
0	0.0003	0.0064	0.0016	0	0.0004	0.8431	0.1481
0	0.0002	0.0053	0.0016	0	0.0004	0.8445	0.1479
0	0.0002	0.0046	0.0015	0	0.0004	0.8455	0.1478
0	0.0002	0.0042	0.0014	0	0.0004	0.8461	0.1476
0	0.0002	0.0039	0.0014	0	0.0004	0.8465	0.1475
0	0.0002	0.0037	0.0013	0	0.0004	0.8468	0.1475
0	0.0002	0.0036	0.0013	0	0.0004	0.847	0.1475
0	0.0002	0.0035	0.0013	0	0.0004	0.8471	0.1475
0	0.0002	0.0035	0.0012	0	0.0004	0.8472	0.1475
0	0.0002	0.0034	0.0012	0	0.0004	0.8471	0.1476
0	0.0002	0.0034	0.0012	0	0.0004	0.847	0.1477
0	0.0002	0.0034	0.0012	0	0.0004	0.8469	0.1479
0	0.0002	0.0034	0.0012	0	0.0004	0.8467	0.1481
0	0.0002	0.0034	0.0012	0	0.0004	0.8465	0.1483
0	0.0003	0.0034	0.0012	0	0.0004	0.8462	0.1486
0	0.0003	0.0034	0.0012	0	0.0004	0.8459	0.1489
0	0.0003	0.0034	0.0012	0	0.0004	0.8455	0.1492
0	0.0003	0.0033	0.0013	0	0.0004	0.845	0.1496
0	0.0003	0.0033	0.0013	0	0.0004	0.8445	0.1501
0	0.0003	0.0033	0.0013	0	0.0004	0.844	0.1506
0	0.0004	0.0032	0.0014	0	0.0004	0.8434	0.1512
0	0.0004	0.0031	0.0015	0	0.0004	0.8428	0.1518
0	0.0004	0.0029	0.0015	0	0.0005	0.8422	0.1525
0	0.0005	0.0026	0.0016	0	0.0005	0.8415	0.1533
0	0.0006	0.0022	0.0017	0	0.0006	0.8408	0.1541
0	0.0008	0.0013	0.0018	0	0.0022	0.8389	0.155
0	0.0007	0.0026	0.0019	0.0001	0.0009	0.8426	0.1512
0	0.0006	0.0036	0.0021	0.0001	0.0008	0.8451	0.1477
0	0.0006	0.0047	0.0022	0.0001	0.0008	0.8471	0.1445
0	0.0006	0.0062	0.0023	0.0001	0.0007	0.8486	0.1414
0	0.0006	0.0083	0.0024	0.0001	0.0007	0.8492	0.1386
0	0.0007	0.0114	0.0026	0.0001	0.0007	0.8486	0.136
0	0.0008	0.0161	0.0027	0.0001	0.0007	0.8462	0.1334
0	0.001	0.0234	0.0027	0.0001	0.0008	0.841	0.1309
0	0.0014	0.0348	0.0028	0.0001	0.0009	0.8317	0.1283
0	0.002	0.0525	0.0028	0.0002	0.0013	0.8158	0.1253
0	0.0026	0.0799	0.0026	0.0006	0.0054	0.7882	0.1207
0	0.0017	0.1195	0.0019	0.0019	0.0518	0.723	0.1001
0	0.0012	0.0827	0.003	0.0005	0.0056	0.8094	0.0976
0	0.0008	0.0575	0.0033	0.0002	0.0016	0.8417	0.0949
0	0.0006	0.0413	0.0034	0.0001	0.001	0.8611	0.0924
0	0.0005	0.0313	0.0035	0.0001	0.0009	0.8737	0.0901
0	0.0004	0.0253	0.0035	0.0001	0.0008	0.882	0.0879
0	0.0004	0.0222	0.0036	0.0001	0.0007	0.8872	0.0859
0	0.0004	0.0213	0.0036	0	0.0007	0.89	0.084
0	0.0005	0.0225	0.0036	0	0.0007	0.8906	0.0822
0	0.0005	0.026	0.0035	0.0001	0.0007	0.8887	0.0805
0	0.0007	0.0325	0.0035	0.0001	0.0007	0.8838	0.0789
0	0.0009	0.0432	0.0034	0.0001	0.0008	0.8745	0.0772
0	0.0013	0.0604	0.0032	0.0001	0.0012	0.8585	0.0753
0	0.0016	0.0873	0.0029	0.0004	0.0049	0.8308	0.0722
0	0.001	0.1259	0.0018	0.0013	0.0474	0.7643	0.0583
0	0.0007	0.0837	0.0023	0.0003	0.0052	0.8511	0.0566
0	0.0005	0.0553	0.0024	0.0001	0.0015	0.8855	0.0548
0	0.0003	0.0369	0.0024	0.0001	0.001	0.9062	0.0531
0	0.0003	0.025	0.0024	0	0.0008	0.9199	0.0516
0	0.0002	0.0175	0.0024	0	0.0007	0.9291	0.0501
0	0.0002	0.0126	0.0024	0	0.0006	0.9354	0.0488
0	0.0002	0.0095	0.0023	0	0.0006	0.9398	0.0476
0	0.0002	0.0075	0.0023	0	0.0005	0.943	0.0464
0	0.0002	0.0062	0.0023	0	0.0005	0.9453	0.0454
0	0.0002	0.0054	0.0023	0	0.0005	0.9471	0.0444
0	0.0002	0.0049	0.0024	0	0.0005	0.9485	0.0436
0	0.0002	0.0046	0.0024	0	0.0005	0.9495	0.0427
0	0.0002	0.0045	0.0024	0	0.0004	0.9504	0.042
0	0.0002	0.0045	0.0025	0	0.0004	0.951	0.0413
0	0.0003	0.0047	0.0025	0	0.0004	0.9515	0.0406
0	0.0003	0.005	0.0026	0	0.0004	0.9517	0.04
0	0.0004	0.0055	0.0026	0	0.0004	0.9516	0.0394
0	0.0005	0.0063	0.0027	0	0.0004	0.9512	0.0388
0	0.0008	0.0077	0.0028	0	0.0004	0.9501	0.0382
0	0.0012	0.0098	0.0028	0.0001	0.0005	0.9482	0.0374
0	0.0021	0.0131	0.0028	0.0001	0.0006	0.9449	0.0364
0	0.0035	0.0181	0.0028	0.0003	0.0021	0.9384	0.0347
0	0.0055	0.0243	0.0026	0.0009	0.0202	0.9159	0.0307
0	0.0053	0.0128	0.001	0.0034	0.2414	0.7299	0.0062
0	0.003	0.0181	0.0047	0.0011	0.0202	0.9452	0.0077
0	0.0017	0.0139	0.0056	0.0005	0.0022	0.9684	0.0079
0	0.0009	0.0106	0.0059	0.0002	0.0006	0.9739	0.0078
0	0.0005	0.0084	0.006	0.0001	0.0005	0.9768	0.0077
0	0.0003	0.0071	0.006	0.0001	0.0004	0.9785	0.0075
0	0.0002	0.0063	0.006	0	0.0004	0.9797	0.0074
0	0.0002	0.0059	0.0059	0	0.0004	0.9803	0.0073
0	0.0001	0.0059	0.0059	0	0.0004	0.9806	0.0071
0	0.0001	0.0062	0.0058	0	0.0004	0.9805	0.007
0	0.0001	0.0069	0.0057	0	0.0004	0.98	0.0069
0	0.0001	0.0081	0.0057	0	0.0004	0.9789	0.0068
0	0.0001	0.0101	0.0056	0	0.0004	0.977	0.0067
0	0.0001	0.0133	0.0056	0	0.0004	0.9739	0.0066
0	0.0002	0.0183	0.0055	0	0.0005	0.969	0.0065
0	0.0002	0.0262	0.0055	0	0.0005	0.9612	0.0064
0	0.0002	0.0384	0.0054	0	0.0006	0.949	0.0064
0	0.0003	0.0575	0.0052	0	0.0007	0.9299	0.0063
0	0.0005	0.0873	0.005	0	0.001	0.8999	0.0062
0	0.0007	0.1334	0.0047	0.0001	0.0038	0.8513	0.006
0	0.0005	0.2021	0.004	0.0004	0.0356	0.7522	0.0052
0	0.0004	0.1658	0.0052	0.0001	0.004	0.8192	0.0053
0	0.0004	0.1422	0.0054	0.0001	0.0012	0.8455	0.0053
0	0.0003	0.129	0.0055	0	0.0008	0.8591	0.0052
0	0.0004	0.124	0.0055	0	0.0007	0.8644	0.0051
0	0.0005	0.1259	0.0054	0	0.0007	0.8625	0.005
0	0.0007	0.1352	0.0052	0.0001	0.001	0.853	0.0048
0	0.001	0.1532	0.0048	0.0002	0.004	0.8322	0.0046
0	0.0011	0.1782	0.0038	0.0006	0.0384	0.7745	0.0036
0	0.0012	0.0983	0.0045	0.0002	0.0049	0.8873	0.0036
0	0.0014	0.0453	0.0045	0.0001	0.0023	0.9429	0.0034
0	0.0018	0.0072	0.0043	0.0002	0.0071	0.9762	0.0031
0	0.001	0.0063	0.0047	0.0002	0.0009	0.9835	0.0034
0	0.0006	0.0055	0.0049	0.0001	0.0004	0.985	0.0035
0	0.0003	0.005	0.005	0.0001	0.0004	0.9857	0.0035
0	0.0002	0.0046	0.005	0	0.0004	0.9862	0.0036
0	0.0002	0.0044	0.005	0	0.0004	0.9864	0.0036
0	0.0001	0.0042	0.005	0	0.0004	0.9866	0.0036
0	0.0001	0.0042	0.005	0	0.0004	0.9867	0.0036
0	0.0001	0.0041	0.005	0	0.0004	0.9868	0.0036
0	0.0001	0.0041	0.005	0	0.0004	0.9868	0.0037
0	0.0001	0.0041	0.005	0	0.0004	0.9867	0.0037
0	0.0001	0.0041	0.005	0	0.0004	0.9867	0.0037
0	0.0001	0.0041	0.0051	0	0.0004	0.9865	0.0038
0	0.0001	0.0042	0.0051	0	0.0004	0.9864	0.0038
0	0.0002	0.0043	0.0052	0	0.0004	0.9861	0.0039
0	0.0002	0.0045	0.0052	0	0.0004	0.9858	0.0039
0	0.0002	0.0048	0.0053	0	0.0004	0.9853	0.004
0	0.0003	0.0052	0.0054	0	0.0004	0.9846	0.004
0	0.0004	0.0058	0.0055	0	0.0004	0.9837	0.0041
0	0.0006	0.0068	0.0056	0	0.0004	0.9822	0.0042
0	0.001	0.0084	0.0058	0	0.0005	0.9801	0.0043
0	0.0017	0.0108	0.0059	0.0001	0.0005	0.9767	0.0043
0	0.0032	0.0146	0.0059	0.0001	0.0007	0.9712	0.0043
0	0.0061	0.0202	0.0058	0.0003	0.0022	0.9612	0.0042
0	0.011	0.0271	0.0054	0.001	0.0203	0.9313	0.0039
0	0.0149	0.0143	0.0041	0.0046	0.2434	0.7159	0.0027
0	0.0103	0.0204	0.0249	0.0018	0.0207	0.9036	0.0183
0	0.0074	0.0171	0.0289	0.001	0.0022	0.9228	0.0207
0	0.0059	0.0147	0.0303	0.0006	0.0007	0.9263	0.0215
0	0.0054	0.0138	0.0308	0.0005	0.0005	0.9271	0.0219
0	0.0056	0.0142	0.0307	0.0006	0.0007	0.9261	0.0222
