MV411	chr17_KI270729v1_random
E1	E2	E3	E4	E5	E6	E7	E8
0	0	0.0001	0	0.0049	0.0023	0.0137	0.9789
0	0.0015	0.0001	0.0001	0.0008	0.0006	0.0119	0.985
0	0.0014	0.0001	0.0001	0.0002	0.0004	0.0098	0.988
0	0.0012	0.0001	0.0001	0.0001	0.0004	0.0076	0.9905
0	0.0011	0	0.0001	0.0001	0.0004	0.0052	0.9931
0	0.0009	0	0	0.0001	0.0004	0.0026	0.9959
0	0.0006	0	0	0	0	0.0003	0.999
0	0.0007	0	0	0	0	0.0002	0.999
0	0.0008	0	0	0	0	0.0002	0.9989
0	0.0009	0	0	0	0	0.0001	0.9988
0	0.0011	0	0	0.0001	0	0.0001	0.9986
0	0.0014	0	0	0.0002	0.0001	0	0.9983
0	0.001	0	0	0.0001	0	0	0.9988
0	0.0008	0	0	0.0001	0	0	0.999
0	0.0007	0	0	0.0001	0	0	0.9991
0	0.0007	0	0.0001	0	0	0	0.9992
0	0.0006	0	0.0001	0	0	0	0.9992
0	0.0006	0	0.0001	0	0	0	0.9992
0	0.0006	0	0	0	0	0	0.9992
0	0.0006	0	0	0	0	0	0.9993
0	0.0007	0	0	0	0	0	0.9993
0	0.0015	0	0	0	0	0	0.9983
0	0.0025	0	0.0001	0.0002	0.0002	0.0001	0.997
0	0.0027	0	0.0001	0.0012	0.0015	0.0001	0.9944
0	0.0019	0	0.0002	0.0003	0.0002	0.0005	0.9969
0	0.0013	0	0.0002	0.0001	0	0.0006	0.9977
0	0.001	0	0.0002	0.0001	0	0.0006	0.998
0	0.0008	0	0.0002	0.0001	0	0.0007	0.9982
0	0.0008	0	0.0002	0.0001	0	0.0007	0.9983
0	0.0007	0	0.0002	0	0	0.0007	0.9983
0	0.0007	0	0.0002	0	0	0.0007	0.9983
0	0.0007	0	0.0002	0	0	0.0008	0.9983
0	0.0007	0	0.0002	0	0	0.0008	0.9983
0	0.0007	0	0.0002	0	0	0.0008	0.9983
0	0.0006	0	0.0002	0	0	0.0008	0.9983
0	0.0006	0	0.0002	0	0	0.0008	0.9983
0	0.0006	0	0.0002	0	0	0.0008	0.9983
0	0.0006	0	0.0002	0	0	0.0008	0.9983
0	0.0006	0	0.0002	0	0	0.0008	0.9983
0	0.0006	0	0.0001	0	0	0.0008	0.9984
0	0.0006	0	0.0001	0	0	0.0008	0.9984
0	0.0006	0	0.0001	0	0	0.0007	0.9984
0	0.0006	0	0.0001	0	0	0.0007	0.9984
0	0.0006	0	0.0001	0	0	0.0007	0.9985
0	0.0006	0	0.0001	0	0	0.0007	0.9985
0	0.0006	0	0.0001	0	0	0.0006	0.9986
0	0.0006	0	0.0001	0	0	0.0006	0.9986
0	0.0006	0	0.0001	0	0	0.0005	0.9987
0	0.0006	0	0.0001	0	0	0.0005	0.9988
0	0.0006	0	0.0001	0	0	0.0004	0.9988
0	0.0006	0	0	0	0	0.0003	0.9989
0	0.0006	0	0	0	0	0.0003	0.999
0	0.0005	0	0	0	0	0.0002	0.9992
0	0.0004	0	0	0	0	0.0001	0.9994
0	0.0003	0	0	0	0	0	0.9997
0	0.0004	0	0	0	0	0	0.9995
0	0.0005	0	0	0	0	0	0.9994
0	0.0005	0	0	0	0	0	0.9994
0	0.0005	0	0	0	0	0	0.9995
0	0.0004	0	0	0	0	0	0.9995
0	0.0003	0	0	0	0	0	0.9997
0	0.0004	0	0	0	0	0	0.9996
0	0.0004	0	0	0	0	0	0.9995
0	0.0004	0	0	0	0	0	0.9996
0	0.0003	0	0	0	0	0	0.9997
0	0.0004	0	0	0	0	0.0001	0.9993
0	0.0005	0	0	0	0	0.0003	0.9991
0	0.0006	0	0	0	0	0.0004	0.9989
0	0.0006	0	0	0	0	0.0005	0.9988
0	0.0006	0	0.0001	0	0	0.0006	0.9986
0	0.0006	0	0.0001	0	0	0.0007	0.9985
0	0.0006	0	0.0001	0	0	0.0008	0.9984
0	0.0006	0	0.0001	0	0	0.0009	0.9983
0	0.0006	0	0.0001	0	0	0.0009	0.9983
0	0.0006	0	0.0001	0	0	0.001	0.9982
0	0.0006	0	0.0001	0	0	0.0011	0.9981
0	0.0006	0	0.0001	0	0	0.0011	0.9981
0	0.0006	0	0.0001	0	0	0.0011	0.998
0	0.0006	0	0.0001	0	0	0.0012	0.998
0	0.0006	0	0.0001	0	0	0.0012	0.998
0	0.0006	0	0.0001	0	0	0.0012	0.9979
0	0.0006	0	0.0001	0	0	0.0013	0.9979
0	0.0006	0	0.0001	0	0	0.0013	0.9979
0	0.0006	0	0.0001	0	0	0.0013	0.9979
0	0.0006	0	0.0001	0	0	0.0013	0.9979
0	0.0006	0	0.0001	0	0	0.0013	0.9979
0	0.0006	0	0.0001	0	0	0.0013	0.9979
0	0.0006	0	0.0001	0	0	0.0013	0.9979
0	0.0006	0	0.0001	0	0	0.0013	0.9979
0	0.0006	0	0.0001	0	0	0.0013	0.9979
0	0.0006	0	0.0001	0	0	0.0012	0.9979
0	0.0006	0	0.0001	0	0	0.0012	0.998
0	0.0006	0	0.0001	0	0	0.0012	0.998
0	0.0006	0	0.0001	0	0	0.0011	0.998
0	0.0006	0	0.0001	0	0	0.0011	0.9981
0	0.0006	0	0.0001	0	0	0.0011	0.9981
0	0.0006	0	0.0001	0	0	0.001	0.9982
0	0.0006	0	0.0001	0	0	0.0009	0.9983
0	0.0006	0	0.0001	0	0	0.0009	0.9983
0	0.0006	0	0.0001	0	0	0.0008	0.9984
0	0.0006	0	0.0001	0	0	0.0007	0.9985
0	0.0006	0	0.0001	0	0	0.0006	0.9986
0	0.0006	0	0	0	0	0.0005	0.9988
0	0.0006	0	0	0	0	0.0004	0.9989
0	0.0005	0	0	0	0	0.0003	0.9991
0	0.0004	0	0	0	0	0.0001	0.9993
0	0.0003	0	0	0	0	0	0.9997
0	0.0004	0	0	0	0	0	0.9995
0	0.0005	0	0	0	0	0	0.9994
0	0.0005	0	0	0	0	0	0.9994
0	0.0005	0	0	0	0	0	0.9995
0	0.0004	0	0	0	0	0	0.9995
0	0.0003	0	0	0	0	0	0.9997
0	0.0004	0	0	0	0	0	0.9996
0	0.0004	0	0	0	0	0	0.9995
0	0.0004	0	0	0	0	0	0.9996
0	0.0003	0	0	0	0	0	0.9997
0	0.0004	0	0	0	0	0	0.9995
0	0.0005	0	0	0	0	0	0.9994
0	0.0005	0	0	0	0	0	0.9994
0	0.0005	0	0	0	0	0	0.9994
0	0.0005	0	0	0	0	0	0.9994
0	0.0004	0	0	0	0	0	0.9995
0	0.0003	0	0	0	0	0	0.9997
0	0.0004	0	0	0	0	0	0.9995
0	0.0005	0	0	0	0	0	0.9994
0	0.0006	0	0	0	0	0.0001	0.9993
0	0.0006	0	0	0	0	0.0001	0.9993
0	0.0006	0	0	0	0	0.0001	0.9992
0	0.0006	0	0	0	0	0.0001	0.9992
0	0.0006	0	0	0	0	0.0001	0.9992
0	0.0006	0	0	0	0	0.0001	0.9992
0	0.0006	0	0	0	0	0.0001	0.9992
0	0.0006	0	0	0	0	0.0001	0.9992
0	0.0006	0	0	0	0	0.0001	0.9992
0	0.0005	0	0	0	0	0.0001	0.9993
0	0.0004	0	0	0	0	0.0001	0.9994
0	0.0003	0	0	0	0	0.0001	0.9996
0	0.0005	0	0	0	0.0001	0.0003	0.9991
0	0.0005	0	0	0	0.0001	0.0006	0.9987
0	0.0006	0	0	0	0.0001	0.0009	0.9984
0	0.0006	0	0.0001	0	0.0001	0.0011	0.9982
0	0.0006	0	0.0001	0	0.0001	0.0013	0.9979
0	0.0006	0	0.0001	0	0.0001	0.0015	0.9977
0	0.0006	0	0.0001	0	0.0001	0.0016	0.9975
0	0.0006	0	0.0001	0	0	0.0018	0.9974
0	0.0006	0	0.0001	0	0	0.0019	0.9972
0	0.0006	0	0.0001	0	0	0.0021	0.9971
0	0.0006	0	0.0001	0	0	0.0022	0.997
0	0.0006	0	0.0001	0	0	0.0023	0.9969
0	0.0006	0	0.0001	0	0	0.0024	0.9968
0	0.0006	0	0.0001	0	0	0.0025	0.9967
0	0.0006	0	0.0001	0	0	0.0025	0.9966
0	0.0006	0	0.0001	0	0	0.0026	0.9965
0	0.0006	0	0.0001	0	0	0.0026	0.9965
0	0.0006	0	0.0001	0	0	0.0027	0.9964
0	0.0006	0	0.0001	0	0	0.0027	0.9964
0	0.0006	0	0.0001	0	0	0.0028	0.9964
0	0.0006	0	0.0001	0	0	0.0028	0.9963
0	0.0006	0	0.0001	0	0	0.0028	0.9963
0	0.0006	0	0.0001	0	0	0.0028	0.9963
0	0.0006	0	0.0001	0	0	0.0028	0.9963
0	0.0006	0	0.0001	0	0	0.0028	0.9963
0	0.0006	0	0.0001	0	0	0.0028	0.9963
0	0.0006	0	0.0001	0	0	0.0028	0.9963
0	0.0006	0	0.0001	0	0	0.0028	0.9963
0	0.0006	0	0.0001	0	0	0.0028	0.9964
0	0.0006	0	0.0001	0	0	0.0027	0.9964
0	0.0006	0	0.0001	0	0	0.0027	0.9964
0	0.0006	0	0.0001	0	0	0.0027	0.9965
0	0.0006	0	0.0001	0	0	0.0026	0.9965
0	0.0006	0	0.0001	0	0	0.0025	0.9966
0	0.0006	0	0.0001	0	0	0.0025	0.9967
0	0.0006	0	0.0001	0	0	0.0024	0.9968
0	0.0006	0	0.0001	0	0	0.0023	0.9969
0	0.0007	0	0.0001	0	0	0.0022	0.997
0	0.0007	0	0.0001	0	0	0.0021	0.9971
0	0.0007	0	0.0001	0	0	0.002	0.9972
0	0.0007	0	0.0001	0	0.0001	0.0018	0.9973
0	0.0006	0	0.0001	0	0.0001	0.0017	0.9975
0	0.0006	0	0.0001	0	0.0001	0.0015	0.9977
0	0.0006	0	0.0001	0	0.0001	0.0013	0.9979
0	0.0006	0	0.0001	0	0.0001	0.0011	0.9981
0	0.0006	0	0	0	0.0001	0.0009	0.9984
0	0.0005	0	0	0	0.0001	0.0007	0.9987
0	0.0003	0	0	0	0	0.0004	0.9992
0	0.0005	0	0	0	0	0.0005	0.999
0	0.0005	0	0	0	0	0.0005	0.9988
0	0.0006	0	0	0	0	0.0006	0.9987
0	0.0006	0	0.0001	0	0	0.0006	0.9987
0	0.0006	0	0.0001	0	0	0.0006	0.9986
0	0.0006	0	0.0001	0	0	0.0006	0.9986
0	0.0006	0	0.0001	0	0	0.0007	0.9986
0	0.0006	0	0.0001	0	0	0.0007	0.9986
0	0.0006	0	0.0001	0	0	0.0007	0.9985
0	0.0006	0	0.0001	0	0	0.0007	0.9985
0	0.0006	0	0.0001	0	0	0.0007	0.9985
0	0.0006	0	0.0001	0	0	0.0007	0.9985
0	0.0006	0	0.0001	0	0	0.0007	0.9985
0	0.0006	0	0.0001	0	0	0.0007	0.9985
0	0.0006	0	0.0001	0	0	0.0007	0.9985
0	0.0006	0	0.0001	0	0	0.0007	0.9986
0	0.0006	0	0.0001	0	0	0.0006	0.9986
0	0.0006	0	0.0001	0	0	0.0006	0.9986
0	0.0006	0	0.0001	0	0	0.0006	0.9986
0	0.0006	0	0.0001	0	0	0.0006	0.9987
0	0.0006	0	0.0001	0	0	0.0005	0.9987
0	0.0006	0	0.0001	0	0	0.0005	0.9987
0	0.0006	0	0.0001	0	0	0.0004	0.9988
0	0.0006	0	0.0001	0	0	0.0004	0.9989
0	0.0006	0	0	0	0	0.0003	0.9989
0	0.0006	0	0	0	0	0.0003	0.999
0	0.0005	0	0	0	0	0.0002	0.9992
0	0.0004	0	0	0	0	0.0001	0.9993
0	0.0003	0	0	0	0	0.0001	0.9996
0	0.0005	0	0	0	0	0.0001	0.9994
0	0.0005	0	0	0	0	0.0001	0.9993
0	0.0006	0	0	0	0	0.0001	0.9992
0	0.0006	0	0	0	0	0.0001	0.9992
0	0.0006	0	0	0	0	0.0001	0.9992
0	0.0006	0	0	0	0	0.0001	0.9991
0	0.0006	0	0.0001	0	0	0.0001	0.9991
0	0.0006	0	0.0001	0	0	0.0002	0.9991
0	0.0006	0	0.0001	0	0	0.0002	0.9991
0	0.0006	0	0.0001	0	0	0.0002	0.9991
0	0.0006	0	0.0001	0	0	0.0002	0.9991
0	0.0006	0	0.0001	0	0	0.0001	0.9991
0	0.0006	0	0.0001	0	0	0.0001	0.9991
0	0.0006	0	0.0001	0	0	0.0001	0.9991
0	0.0006	0	0	0	0	0.0001	0.9992
0	0.0006	0	0	0	0	0.0001	0.9992
0	0.0006	0	0	0	0	0.0001	0.9992
0	0.0006	0	0	0	0	0.0001	0.9993
0	0.0005	0	0	0	0	0.0001	0.9993
0	0.0004	0	0	0	0	0	0.9995
0	0.0003	0	0	0	0	0	0.9997
0	0.0004	0	0	0	0	0	0.9995
0	0.0005	0	0	0	0	0	0.9994
0	0.0006	0	0	0	0	0	0.9993
0	0.0006	0	0	0	0	0.0001	0.9993
0	0.0006	0	0	0	0	0.0001	0.9993
0	0.0006	0	0	0	0	0.0001	0.9992
0	0.0006	0	0	0	0	0.0001	0.9992
0	0.0006	0	0	0	0	0.0001	0.9992
0	0.0006	0	0	0	0	0.0001	0.9992
0	0.0006	0	0	0	0	0.0001	0.9992
0	0.0006	0	0	0	0	0.0001	0.9992
0	0.0006	0	0	0	0	0.0001	0.9993
0	0.0006	0	0	0	0	0	0.9993
0	0.0006	0	0	0	0	0	0.9993
0	0.0005	0	0	0	0	0	0.9994
0	0.0004	0	0	0	0	0	0.9995
0	0.0003	0	0	0	0	0	0.9997
0	0.0004	0	0	0	0	0	0.9995
0	0.0005	0	0	0	0	0	0.9995
0	0.0005	0	0	0	0	0	0.9995
0	0.0004	0	0	0	0	0	0.9995
0	0.0003	0	0	0	0	0	0.9997
0	0.0004	0	0	0	0	0	0.9995
0	0.0005	0	0	0	0	0.0001	0.9993
0	0.0006	0	0	0	0	0.0001	0.9993
0	0.0006	0	0	0	0	0.0001	0.9992
0	0.0006	0	0	0	0	0.0001	0.9992
0	0.0006	0	0	0	0	0.0002	0.9991
0	0.0006	0	0.0001	0	0	0.0002	0.9991
0	0.0006	0	0.0001	0	0	0.0002	0.9991
0	0.0006	0	0.0001	0	0	0.0002	0.9991
0	0.0006	0	0.0001	0	0	0.0002	0.999
0	0.0006	0	0.0001	0	0	0.0002	0.999
0	0.0006	0	0.0001	0	0	0.0002	0.999
0	0.0006	0	0.0001	0	0	0.0002	0.999
0	0.0006	0	0.0001	0	0	0.0002	0.999
0	0.0006	0	0.0001	0	0	0.0002	0.999
0	0.0006	0	0.0001	0	0	0.0002	0.999
0	0.0006	0	0.0001	0	0	0.0002	0.9991
0	0.0006	0	0.0001	0	0	0.0002	0.9991
0	0.0006	0	0.0001	0	0	0.0002	0.9991
0	0.0006	0	0	0	0	0.0002	0.9991
0	0.0006	0	0	0	0	0.0001	0.9992
0	0.0006	0	0	0	0	0.0001	0.9992
0	0.0005	0	0	0	0	0.0001	0.9993
0	0.0004	0	0	0	0	0.0001	0.9994
0	0.0003	0	0	0	0	0.0001	0.9996
0	0.0005	0	0	0	0	0.0001	0.9994
0	0.0005	0	0	0	0	0.0001	0.9992
0	0.0006	0	0	0	0	0.0002	0.9992
0	0.0006	0	0	0	0	0.0002	0.9991
0	0.0006	0	0.0001	0	0	0.0002	0.999
0	0.0006	0	0.0001	0	0	0.0003	0.999
0	0.0006	0	0.0001	0	0	0.0003	0.999
0	0.0006	0	0.0001	0	0	0.0003	0.999
0	0.0005	0	0.0001	0	0	0.0003	0.999
0	0.0004	0	0.0001	0	0	0.0003	0.9991
0	0.0007	0	0.0001	0	0.0002	0.0016	0.9973
0	0.0009	0	0.0002	0	0.0002	0.0029	0.9957
0	0.0011	0	0.0002	0.0001	0.0002	0.0042	0.9941
0	0.0015	0	0.0003	0.0001	0.0003	0.0053	0.9925
0	0.0022	0	0.0004	0.0001	0.0011	0.0064	0.9899
0	0.0031	0.0011	0.0006	0.0003	0.0103	0.0778	0.9068
0	0.0033	0.0021	0.0009	0.0005	0.0103	0.1522	0.8307
0	0.0033	0.0029	0.0012	0.0006	0.0096	0.2215	0.761
0	0.0031	0.0034	0.0014	0.0006	0.0088	0.2855	0.6972
0	0.0029	0.0037	0.0016	0.0006	0.0081	0.3443	0.6388
0	0.0027	0.0039	0.0017	0.0005	0.0075	0.3984	0.5853
0	0.0025	0.004	0.0018	0.0005	0.0069	0.448	0.5362
0	0.0023	0.0041	0.0019	0.0005	0.0064	0.4936	0.4913
0	0.0021	0.0042	0.0019	0.0004	0.0059	0.5354	0.4501
0	0.002	0.0042	0.0019	0.0004	0.0054	0.5737	0.4124
0	0.0018	0.0043	0.0019	0.0004	0.005	0.6089	0.3778
0	0.0017	0.0043	0.0018	0.0003	0.0046	0.6411	0.3462
0	0.0015	0.0043	0.0018	0.0003	0.0042	0.6707	0.3172
0	0.0014	0.0043	0.0017	0.0003	0.0039	0.6978	0.2906
0	0.0013	0.0042	0.0017	0.0002	0.0036	0.7227	0.2662
0	0.0012	0.0042	0.0016	0.0002	0.0033	0.7455	0.2439
0	0.0011	0.0042	0.0015	0.0002	0.0031	0.7664	0.2235
0	0.001	0.0042	0.0014	0.0002	0.0029	0.7855	0.2048
0	0.0009	0.0042	0.0014	0.0002	0.0027	0.8031	0.1876
0	0.0008	0.0042	0.0013	0.0002	0.0025	0.8192	0.1719
0	0.0008	0.0042	0.0012	0.0001	0.0023	0.8339	0.1575
0	0.0007	0.0041	0.0011	0.0001	0.0021	0.8475	0.1443
0	0.0006	0.0041	0.0011	0.0001	0.002	0.8599	0.1322
0	0.0006	0.0041	0.001	0.0001	0.0018	0.8712	0.1211
0	0.0005	0.0041	0.0009	0.0001	0.0017	0.8816	0.111
0	0.0005	0.0041	0.0009	0.0001	0.0016	0.8912	0.1017
0	0.0005	0.0041	0.0008	0.0001	0.0015	0.8999	0.0932
0	0.0004	0.0041	0.0008	0.0001	0.0014	0.9079	0.0854
0	0.0004	0.0041	0.0007	0.0001	0.0013	0.9153	0.0782
0	0.0004	0.004	0.0007	0.0001	0.0012	0.922	0.0717
0	0.0003	0.004	0.0006	0.0001	0.0012	0.9282	0.0657
0	0.0003	0.004	0.0006	0.0001	0.0011	0.9338	0.0602
0	0.0003	0.004	0.0005	0.0001	0.001	0.939	0.0551
0	0.0003	0.004	0.0005	0	0.001	0.9437	0.0505
0	0.0002	0.004	0.0004	0	0.0009	0.9481	0.0463
0	0.0002	0.004	0.0004	0	0.0009	0.9521	0.0424
0	0.0002	0.004	0.0004	0	0.0008	0.9557	0.0389
0	0.0002	0.004	0.0004	0	0.0008	0.9591	0.0356
0	0.0002	0.004	0.0003	0	0.0007	0.9621	0.0326
0	0.0002	0.004	0.0003	0	0.0007	0.9649	0.0299
0	0.0001	0.004	0.0003	0	0.0007	0.9675	0.0274
0	0.0001	0.004	0.0003	0	0.0006	0.9699	0.0251
0	0.0001	0.004	0.0002	0	0.0006	0.972	0.023
0	0.0001	0.0039	0.0002	0	0.0006	0.974	0.0211
0	0.0001	0.0039	0.0002	0	0.0006	0.9758	0.0193
0	0.0001	0.0039	0.0002	0	0.0006	0.9775	0.0177
0	0.0001	0.0039	0.0002	0	0.0005	0.979	0.0162
0	0.0001	0.0039	0.0002	0	0.0005	0.9804	0.0149
0	0.0001	0.0039	0.0002	0	0.0005	0.9817	0.0136
0	0.0001	0.0039	0.0001	0	0.0005	0.9829	0.0125
0	0.0001	0.0039	0.0001	0	0.0005	0.9839	0.0114
0	0.0001	0.0039	0.0001	0	0.0005	0.9849	0.0105
0	0.0001	0.0039	0.0001	0	0.0005	0.9858	0.0096
0	0	0.0039	0.0001	0	0.0004	0.9867	0.0088
0	0	0.0039	0.0001	0	0.0004	0.9874	0.0081
0	0	0.0039	0.0001	0	0.0004	0.9881	0.0074
0	0	0.0039	0.0001	0	0.0004	0.9887	0.0068
0	0	0.0039	0.0001	0	0.0004	0.9893	0.0062
0	0	0.0039	0.0001	0	0.0004	0.9899	0.0057
0	0	0.0039	0.0001	0	0.0004	0.9903	0.0052
0	0	0.0039	0.0001	0	0.0004	0.9908	0.0048
0	0	0.0039	0.0001	0	0.0004	0.9912	0.0044
0	0	0.0039	0.0001	0	0.0004	0.9916	0.004
0	0	0.0039	0.0001	0	0.0004	0.9919	0.0037
0	0	0.0039	0	0	0.0004	0.9922	0.0034
0	0	0.0039	0	0	0.0004	0.9925	0.0031
0	0	0.0039	0	0	0.0004	0.9928	0.0029
0	0	0.0039	0	0	0.0004	0.993	0.0026
0	0	0.0039	0	0	0.0004	0.9933	0.0024
0	0	0.0039	0	0	0.0004	0.9935	0.0022
0	0	0.0039	0	0	0.0004	0.9936	0.002
0	0	0.0039	0	0	0.0004	0.9938	0.0019
0	0	0.0039	0	0	0.0004	0.994	0.0017
0	0	0.0039	0	0	0.0004	0.9941	0.0016
0	0	0.0039	0	0	0.0004	0.9943	0.0014
0	0	0.0039	0	0	0.0004	0.9944	0.0013
0	0	0.0039	0	0	0.0004	0.9945	0.0012
0	0	0.0039	0	0	0.0004	0.9946	0.0011
0	0	0.0039	0	0	0.0003	0.9947	0.001
0	0	0.0039	0	0	0.0003	0.9948	0.0009
0	0	0.0039	0	0	0.0003	0.9948	0.0009
0	0	0.0039	0	0	0.0003	0.9949	0.0008
0	0	0.0039	0	0	0.0003	0.995	0.0007
0	0	0.0039	0	0	0.0003	0.995	0.0007
0	0	0.0039	0	0	0.0003	0.9951	0.0006
0	0	0.0039	0	0	0.0003	0.9951	0.0006
0	0	0.0039	0	0	0.0003	0.9952	0.0005
0	0	0.0039	0	0	0.0003	0.9952	0.0005
0	0	0.0039	0	0	0.0003	0.9953	0.0005
0	0	0.0039	0	0	0.0003	0.9953	0.0004
0	0	0.0039	0	0	0.0003	0.9953	0.0004
0	0	0.0039	0	0	0.0003	0.9954	0.0004
0	0	0.0039	0	0	0.0003	0.9954	0.0003
0	0	0.0039	0	0	0.0003	0.9954	0.0003
0	0	0.0039	0	0	0.0003	0.9954	0.0003
0	0	0.0039	0	0	0.0003	0.9955	0.0003
0	0	0.0039	0	0	0.0003	0.9955	0.0002
0	0	0.0039	0	0	0.0003	0.9955	0.0002
0	0	0.0039	0	0	0.0003	0.9955	0.0002
0	0	0.0039	0	0	0.0003	0.9955	0.0002
0	0	0.0039	0	0	0.0003	0.9955	0.0002
0	0	0.0039	0	0	0.0003	0.9956	0.0002
0	0	0.0039	0	0	0.0003	0.9956	0.0002
0	0	0.0039	0	0	0.0003	0.9956	0.0002
0	0	0.0039	0	0	0.0003	0.9956	0.0001
0	0	0.0039	0	0	0.0003	0.9956	0.0001
0	0	0.0039	0	0	0.0003	0.9956	0.0001
0	0	0.0039	0	0	0.0003	0.9956	0.0001
0	0	0.0039	0	0	0.0003	0.9956	0.0001
0	0	0.0039	0	0	0.0003	0.9956	0.0001
0	0	0.0039	0	0	0.0003	0.9956	0.0001
0	0	0.0039	0	0	0.0003	0.9956	0.0001
0	0	0.0039	0	0	0.0003	0.9956	0.0001
0	0	0.0039	0	0	0.0003	0.9956	0.0001
0	0	0.0039	0	0	0.0003	0.9956	0.0001
0	0	0.0039	0	0	0.0003	0.9957	0.0001
0	0	0.0039	0	0	0.0003	0.9957	0.0001
0	0	0.0039	0	0	0.0003	0.9957	0.0001
0	0	0.0039	0	0	0.0003	0.9957	0.0001
0	0	0.0039	0	0	0.0003	0.9957	0.0001
0	0	0.0039	0	0	0.0003	0.9957	0.0001
0	0	0.0039	0	0	0.0003	0.9957	0.0001
0	0	0.0039	0	0	0.0003	0.9957	0.0001
0	0	0.0039	0	0	0.0003	0.9957	0.0001
0	0	0.0039	0	0	0.0003	0.9957	0.0001
0	0	0.0039	0	0	0.0003	0.9957	0.0001
0	0	0.0039	0	0	0.0003	0.9957	0.0001
0	0	0.0039	0	0	0.0003	0.9957	0.0001
0	0	0.0039	0	0	0.0003	0.9957	0.0001
0	0	0.0039	0	0	0.0003	0.9957	0.0001
0	0	0.0039	0	0	0.0003	0.9957	0.0001
0	0	0.0039	0	0	0.0003	0.9957	0.0001
0	0	0.0039	0	0	0.0003	0.9957	0.0001
0	0	0.0039	0	0	0.0003	0.9957	0.0001
0	0	0.0039	0	0	0.0003	0.9957	0.0001
0	0	0.0039	0	0	0.0003	0.9957	0.0001
0	0	0.0039	0	0	0.0003	0.9957	0.0001
0	0	0.0039	0	0	0.0003	0.9957	0.0001
0	0	0.0039	0	0	0.0003	0.9957	0.0001
0	0	0.0039	0	0	0.0003	0.9957	0.0001
0	0	0.0039	0	0	0.0003	0.9957	0.0001
0	0	0.0039	0	0	0.0003	0.9957	0
0	0	0.0039	0	0	0.0003	0.9957	0
0	0	0.0039	0	0	0.0003	0.9957	0
0	0	0.0039	0	0	0.0003	0.9957	0
0	0	0.0039	0	0	0.0003	0.9957	0
0	0	0.0039	0	0	0.0003	0.9957	0
0	0	0.0039	0	0	0.0003	0.9957	0
0	0	0.0039	0	0	0.0003	0.9957	0
0	0	0.0039	0	0	0.0003	0.9957	0
0	0	0.0039	0	0	0.0003	0.9957	0
0	0	0.0039	0	0	0.0003	0.9957	0
0	0	0.0039	0	0	0.0003	0.9957	0
0	0	0.0039	0	0	0.0003	0.9957	0
0	0	0.0039	0	0	0.0003	0.9957	0
0	0	0.0039	0	0	0.0003	0.9957	0
0	0	0.0039	0	0	0.0003	0.9957	0
0	0	0.0039	0	0	0.0003	0.9957	0
0	0	0.0039	0	0	0.0003	0.9957	0
0	0	0.0039	0	0	0.0003	0.9957	0
0	0	0.0039	0	0	0.0003	0.9957	0
0	0	0.0039	0	0	0.0003	0.9957	0
0	0	0.0039	0	0	0.0003	0.9957	0
0	0	0.0039	0	0	0.0003	0.9957	0
0	0	0.0039	0	0	0.0003	0.9957	0
0	0	0.0039	0	0	0.0003	0.9957	0
0	0	0.0039	0	0	0.0003	0.9957	0
0	0	0.0039	0	0	0.0003	0.9957	0
0	0	0.0039	0	0	0.0003	0.9957	0
0	0	0.0039	0	0	0.0003	0.9957	0
0	0	0.0039	0	0	0.0003	0.9957	0
0	0	0.0039	0	0	0.0003	0.9957	0
0	0	0.0039	0	0	0.0003	0.9957	0
0	0	0.0039	0	0	0.0003	0.9957	0
0	0	0.0039	0	0	0.0003	0.9957	0
0	0	0.0039	0	0	0.0003	0.9957	0
0	0	0.0039	0	0	0.0003	0.9957	0
0	0	0.0039	0	0	0.0003	0.9957	0
0	0	0.0039	0	0	0.0003	0.9957	0
0	0	0.0039	0	0	0.0003	0.9957	0
0	0	0.0039	0	0	0.0003	0.9957	0
0	0	0.0039	0	0	0.0003	0.9957	0
0	0	0.0039	0	0	0.0003	0.9957	0
0	0	0.0039	0	0	0.0003	0.9957	0
0	0	0.0039	0	0	0.0003	0.9957	0
0	0	0.0039	0	0	0.0003	0.9957	0
0	0	0.0039	0	0	0.0003	0.9957	0
0	0	0.0039	0	0	0.0003	0.9957	0
0	0	0.0039	0	0	0.0003	0.9957	0
0	0	0.0039	0	0	0.0003	0.9957	0
0	0	0.0039	0	0	0.0003	0.9957	0
0	0	0.0039	0	0	0.0003	0.9957	0
0	0	0.0039	0	0	0.0003	0.9957	0
0	0	0.0039	0	0	0.0003	0.9957	0
0	0	0.0039	0	0	0.0003	0.9957	0
0	0	0.0039	0	0	0.0003	0.9957	0
0	0	0.0039	0	0	0.0003	0.9957	0
0	0	0.0039	0	0	0.0003	0.9957	0
0	0	0.0039	0	0	0.0003	0.9957	0
0	0	0.0039	0	0	0.0003	0.9957	0
0	0	0.0039	0	0	0.0003	0.9957	0
0	0	0.0039	0	0	0.0003	0.9957	0
0	0	0.0039	0	0	0.0003	0.9957	0
0	0	0.0039	0	0	0.0003	0.9957	0
0	0	0.0039	0	0	0.0003	0.9957	0
0	0	0.0039	0	0	0.0003	0.9957	0
0	0	0.0039	0	0	0.0003	0.9957	0
0	0	0.0039	0	0	0.0003	0.9957	0
0	0	0.0039	0	0	0.0003	0.9957	0
0	0	0.0039	0	0	0.0003	0.9957	0
0	0	0.0039	0	0	0.0003	0.9957	0
0	0	0.0039	0	0	0.0003	0.9957	0
0	0	0.0039	0	0	0.0003	0.9957	0
0	0	0.0039	0	0	0.0003	0.9957	0
0	0	0.0039	0	0	0.0003	0.9957	0
0	0	0.0039	0	0	0.0003	0.9957	0
0	0	0.0039	0	0	0.0003	0.9957	0
0	0	0.0039	0	0	0.0003	0.9957	0
0	0	0.0039	0	0	0.0003	0.9957	0
0	0	0.0039	0	0	0.0003	0.9957	0
0	0	0.0039	0	0	0.0003	0.9957	0
0	0	0.0039	0	0	0.0003	0.9957	0
0	0	0.0039	0	0	0.0003	0.9957	0
0	0	0.0039	0	0	0.0003	0.9957	0
0	0	0.0039	0	0	0.0003	0.9957	0
0	0	0.0039	0	0	0.0003	0.9957	0
0	0	0.0039	0	0	0.0003	0.9957	0
0	0	0.0039	0	0	0.0003	0.9957	0
0	0	0.0039	0	0	0.0003	0.9957	0
0	0	0.0039	0	0	0.0003	0.9957	0
0	0	0.0039	0	0	0.0003	0.9957	0
0	0	0.0039	0	0	0.0003	0.9957	0
0	0	0.0039	0	0	0.0003	0.9957	0
0	0	0.0039	0	0	0.0003	0.9957	0
0	0	0.0039	0	0	0.0003	0.9957	0
0	0	0.0039	0	0	0.0003	0.9957	0
0	0	0.0039	0	0	0.0003	0.9957	0
0	0	0.0039	0	0	0.0003	0.9957	0
0	0	0.0039	0	0	0.0003	0.9957	0
0	0	0.0039	0	0	0.0003	0.9957	0
0	0	0.0039	0	0	0.0003	0.9957	0
0	0	0.0039	0	0	0.0003	0.9957	0
0	0	0.0039	0	0	0.0003	0.9957	0
0	0	0.0039	0	0	0.0003	0.9957	0
0	0	0.0039	0	0	0.0003	0.9957	0
0	0	0.0039	0	0	0.0003	0.9957	0
0	0	0.0039	0	0	0.0003	0.9957	0
0	0	0.0039	0	0	0.0003	0.9957	0
0	0	0.0039	0	0	0.0003	0.9957	0
0	0	0.0039	0	0	0.0003	0.9957	0
0	0	0.0039	0	0	0.0003	0.9957	0
0	0	0.0039	0	0	0.0003	0.9957	0
0	0	0.0039	0	0	0.0003	0.9957	0
0	0	0.0039	0	0	0.0003	0.9957	0
0	0	0.0039	0	0	0.0003	0.9957	0
0	0	0.0039	0	0	0.0003	0.9957	0
0	0	0.0039	0	0	0.0003	0.9957	0
0	0	0.0039	0	0	0.0003	0.9957	0
0	0	0.0039	0	0	0.0003	0.9957	0
0	0	0.0039	0	0	0.0003	0.9957	0
0	0	0.0039	0	0	0.0003	0.9957	0
0	0	0.0039	0	0	0.0003	0.9957	0
0	0	0.0039	0	0	0.0003	0.9957	0
0	0	0.0039	0	0	0.0003	0.9957	0
0	0	0.0039	0	0	0.0003	0.9957	0
0	0	0.0039	0	0	0.0003	0.9957	0
0	0	0.0039	0	0	0.0003	0.9957	0
0	0	0.0039	0	0	0.0003	0.9957	0
0	0	0.0039	0	0	0.0003	0.9957	0
0	0	0.0039	0	0	0.0003	0.9957	0
0	0	0.0039	0	0	0.0003	0.9957	0
0	0	0.0039	0	0	0.0003	0.9957	0
0	0	0.0039	0	0	0.0003	0.9957	0
0	0	0.0039	0	0	0.0003	0.9957	0
0	0	0.0039	0	0	0.0003	0.9957	0
0	0	0.0039	0	0	0.0003	0.9957	0
0	0	0.0039	0	0	0.0003	0.9957	0
0	0	0.0039	0	0	0.0003	0.9957	0
0	0	0.0039	0	0	0.0003	0.9957	0
0	0	0.0039	0	0	0.0003	0.9957	0
0	0	0.0039	0	0	0.0003	0.9957	0
0	0	0.0039	0	0	0.0003	0.9957	0
0	0	0.0039	0	0	0.0003	0.9957	0
0	0	0.0039	0	0	0.0003	0.9957	0
0	0	0.0039	0	0	0.0003	0.9957	0
0	0	0.0039	0	0	0.0003	0.9957	0
0	0	0.0039	0	0	0.0003	0.9957	0
0	0	0.0039	0	0	0.0003	0.9957	0
0	0	0.0039	0	0	0.0003	0.9957	0
0	0	0.0039	0	0	0.0003	0.9957	0
0	0	0.0039	0	0	0.0003	0.9957	0
0	0	0.0039	0	0	0.0003	0.9957	0
0	0	0.0039	0	0	0.0003	0.9957	0.0001
0	0	0.0039	0	0	0.0003	0.9957	0.0001
0	0	0.0039	0	0	0.0003	0.9957	0.0001
0	0	0.0039	0	0	0.0003	0.9957	0.0001
0	0	0.0039	0	0	0.0003	0.9957	0.0001
0	0	0.0039	0	0	0.0003	0.9957	0.0001
0	0	0.0039	0	0	0.0003	0.9957	0.0001
0	0	0.0039	0	0	0.0003	0.9957	0.0001
0	0	0.0039	0	0	0.0003	0.9957	0.0001
0	0	0.0039	0	0	0.0003	0.9957	0.0001
0	0	0.0039	0	0	0.0003	0.9957	0.0001
0	0	0.0039	0	0	0.0003	0.9957	0.0001
0	0	0.0039	0	0	0.0003	0.9957	0.0001
0	0	0.0039	0	0	0.0003	0.9957	0.0001
0	0	0.0039	0	0	0.0003	0.9957	0.0001
0	0	0.0039	0	0	0.0003	0.9957	0.0001
0	0	0.0039	0	0	0.0003	0.9957	0.0001
0	0	0.0039	0	0	0.0003	0.9957	0.0001
0	0	0.0039	0	0	0.0003	0.9957	0.0001
0	0	0.0039	0	0	0.0003	0.9957	0.0001
0	0	0.0039	0	0	0.0003	0.9957	0.0001
0	0	0.0039	0	0	0.0003	0.9957	0.0001
0	0	0.0039	0	0	0.0003	0.9957	0.0001
0	0	0.0039	0	0	0.0003	0.9957	0.0001
0	0	0.0039	0	0	0.0003	0.9957	0.0001
0	0	0.0039	0	0	0.0003	0.9957	0.0001
0	0	0.0039	0	0	0.0003	0.9956	0.0001
0	0	0.0039	0	0	0.0003	0.9956	0.0001
0	0	0.0039	0	0	0.0003	0.9956	0.0001
0	0	0.0039	0	0	0.0003	0.9956	0.0001
0	0	0.0039	0	0	0.0003	0.9956	0.0001
0	0	0.0039	0	0	0.0003	0.9956	0.0001
0	0	0.0039	0	0	0.0003	0.9956	0.0001
0	0	0.0039	0	0	0.0003	0.9956	0.0001
0	0	0.0039	0	0	0.0003	0.9956	0.0001
0	0	0.0039	0	0	0.0003	0.9956	0.0001
0	0	0.0039	0	0	0.0003	0.9956	0.0001
0	0	0.0039	0	0	0.0003	0.9956	0.0002
0	0	0.0039	0	0	0.0003	0.9956	0.0002
0	0	0.0039	0	0	0.0003	0.9956	0.0002
0	0	0.0039	0	0	0.0003	0.9955	0.0002
0	0	0.0039	0	0	0.0003	0.9955	0.0002
0	0	0.0039	0	0	0.0003	0.9955	0.0002
0	0	0.0039	0	0	0.0003	0.9955	0.0002
0	0	0.0039	0	0	0.0003	0.9955	0.0002
0	0	0.0039	0	0	0.0003	0.9955	0.0003
0	0	0.0039	0	0	0.0003	0.9954	0.0003
0	0	0.0039	0	0	0.0003	0.9954	0.0003
0	0	0.0039	0	0	0.0003	0.9954	0.0003
0	0	0.0039	0	0	0.0003	0.9954	0.0004
0	0	0.0039	0	0	0.0003	0.9953	0.0004
0	0	0.0039	0	0	0.0003	0.9953	0.0004
0	0	0.0039	0	0	0.0003	0.9953	0.0005
0	0	0.0039	0	0	0.0003	0.9952	0.0005
0	0	0.0039	0	0	0.0003	0.9952	0.0005
0	0	0.0039	0	0	0.0003	0.9951	0.0006
0	0	0.0039	0	0	0.0003	0.9951	0.0006
0	0	0.0039	0	0	0.0003	0.995	0.0007
0	0	0.0039	0	0	0.0003	0.995	0.0007
0	0	0.0039	0	0	0.0003	0.9949	0.0008
0	0	0.0039	0	0	0.0004	0.9948	0.0009
0	0	0.0039	0	0	0.0004	0.9947	0.0009
0	0	0.0039	0	0	0.0004	0.9947	0.001
0	0	0.0039	0	0	0.0004	0.9946	0.0011
0	0	0.0039	0	0	0.0004	0.9945	0.0012
0	0	0.0039	0	0	0.0004	0.9943	0.0013
0	0	0.0039	0	0	0.0004	0.9942	0.0014
0	0	0.0039	0.0001	0	0.0004	0.9941	0.0016
0	0	0.0039	0.0001	0	0.0004	0.9939	0.0017
0	0	0.0039	0.0001	0	0.0004	0.9938	0.0019
0	0.0001	0.0038	0.0001	0	0.0004	0.9936	0.002
0	0.0001	0.0038	0.0001	0	0.0004	0.9935	0.0022
0	0.0001	0.0037	0.0001	0	0.0004	0.9933	0.0024
0	0.0001	0.0037	0.0001	0	0.0004	0.9932	0.0026
0	0.0001	0.0035	0.0001	0	0.0004	0.993	0.0029
0	0.0001	0.0033	0.0001	0	0.0004	0.993	0.0031
0	0.0001	0.003	0.0001	0	0.0004	0.993	0.0034
0	0.0002	0.0024	0.0002	0	0.0006	0.993	0.0037
0	0.0003	0.0013	0.0002	0	0.0025	0.9917	0.004
0	0.0001	0.0023	0.0002	0	0.0005	0.9931	0.0037
0	0.0001	0.0029	0.0002	0	0.0004	0.993	0.0034
0	0	0.0033	0.0002	0	0.0004	0.993	0.0031
0	0	0.0035	0.0001	0	0.0004	0.993	0.0029
0	0	0.0037	0.0001	0	0.0004	0.9931	0.0027
0	0	0.0038	0.0001	0	0.0004	0.9933	0.0024
0	0	0.0038	0.0001	0	0.0004	0.9934	0.0022
0	0	0.0039	0.0001	0	0.0004	0.9936	0.0021
0	0	0.0039	0.0001	0	0.0004	0.9938	0.0019
0	0	0.0039	0.0001	0	0.0004	0.9939	0.0018
0	0	0.0039	0.0001	0	0.0004	0.994	0.0016
0	0	0.0039	0.0001	0	0.0004	0.9942	0.0015
0	0	0.0039	0.0001	0	0.0004	0.9943	0.0014
0	0	0.0039	0.0001	0	0.0004	0.9944	0.0013
0	0	0.0039	0	0	0.0004	0.9945	0.0012
0	0	0.0039	0	0	0.0004	0.9946	0.0011
0	0	0.0039	0	0	0.0003	0.9947	0.001
0	0	0.0039	0	0	0.0003	0.9948	0.0009
0	0	0.0039	0	0	0.0003	0.9948	0.0009
0	0	0.0039	0	0	0.0003	0.9949	0.0008
0	0	0.0039	0	0	0.0003	0.995	0.0007
0	0	0.0039	0	0	0.0003	0.995	0.0007
0	0	0.0039	0	0	0.0003	0.9951	0.0006
0	0	0.0039	0	0	0.0003	0.9951	0.0006
0	0	0.0039	0	0	0.0003	0.9952	0.0005
0	0	0.0039	0	0	0.0003	0.9952	0.0005
0	0	0.0039	0	0	0.0003	0.9952	0.0005
0	0	0.0039	0	0	0.0003	0.9953	0.0004
0	0	0.0039	0	0	0.0003	0.9953	0.0004
0	0	0.0039	0	0	0.0003	0.9953	0.0004
0	0	0.0039	0	0	0.0003	0.9954	0.0004
0	0	0.0039	0	0	0.0003	0.9954	0.0003
0	0	0.0039	0	0	0.0003	0.9954	0.0003
0	0	0.0039	0	0	0.0003	0.9954	0.0003
0	0	0.0039	0	0	0.0003	0.9954	0.0003
0	0	0.0039	0	0	0.0003	0.9954	0.0003
0	0	0.0039	0	0	0.0003	0.9955	0.0003
0	0	0.0039	0	0	0.0003	0.9955	0.0003
0	0	0.0039	0	0	0.0003	0.9955	0.0002
0	0	0.0039	0	0	0.0003	0.9955	0.0002
0	0	0.0039	0	0	0.0003	0.9955	0.0002
0	0	0.0039	0	0	0.0003	0.9955	0.0002
0	0	0.0039	0	0	0.0003	0.9955	0.0002
0	0	0.0039	0	0	0.0003	0.9955	0.0002
0	0	0.0039	0	0	0.0003	0.9955	0.0002
0	0	0.0039	0	0	0.0003	0.9955	0.0002
0	0	0.0039	0	0	0.0003	0.9955	0.0002
0	0	0.0039	0	0	0.0003	0.9955	0.0002
0	0	0.0039	0	0	0.0003	0.9955	0.0002
0	0	0.0039	0	0	0.0003	0.9955	0.0002
0	0	0.0039	0	0	0.0003	0.9955	0.0002
0	0	0.0039	0	0	0.0003	0.9955	0.0002
0	0	0.0039	0	0	0.0003	0.9955	0.0002
0	0	0.0039	0	0	0.0003	0.9955	0.0002
0	0	0.0039	0	0	0.0003	0.9955	0.0002
0	0	0.0039	0	0	0.0003	0.9955	0.0002
0	0	0.0039	0	0	0.0003	0.9955	0.0002
0	0	0.0039	0	0	0.0003	0.9955	0.0002
0	0	0.0039	0	0	0.0003	0.9955	0.0002
0	0	0.0039	0	0	0.0003	0.9955	0.0002
0	0	0.0039	0	0	0.0003	0.9955	0.0002
0	0	0.0039	0	0	0.0003	0.9955	0.0003
0	0	0.0039	0	0	0.0003	0.9955	0.0003
0	0	0.0039	0	0	0.0003	0.9955	0.0003
0	0	0.0039	0	0	0.0003	0.9954	0.0003
0	0	0.0039	0	0	0.0003	0.9954	0.0003
0	0	0.0039	0	0	0.0003	0.9954	0.0003
0	0	0.0039	0	0	0.0003	0.9954	0.0003
0	0	0.0039	0	0	0.0003	0.9954	0.0004
0	0	0.0039	0	0	0.0003	0.9953	0.0004
0	0	0.0039	0	0	0.0003	0.9953	0.0004
0	0	0.0039	0	0	0.0003	0.9953	0.0004
0	0	0.0039	0	0	0.0003	0.9953	0.0005
0	0	0.0039	0	0	0.0003	0.9952	0.0005
0	0	0.0039	0	0	0.0003	0.9952	0.0005
0	0	0.0039	0	0	0.0003	0.9951	0.0006
0	0	0.0039	0	0	0.0003	0.9951	0.0006
0	0	0.0039	0	0	0.0003	0.995	0.0007
0	0	0.0039	0	0	0.0003	0.995	0.0007
0	0	0.0039	0	0	0.0003	0.9949	0.0008
0	0	0.0039	0	0	0.0003	0.9949	0.0008
0	0	0.0039	0	0	0.0003	0.9948	0.0009
0	0	0.0039	0	0	0.0004	0.9947	0.001
0	0	0.0039	0	0	0.0004	0.9946	0.001
0	0	0.0039	0	0	0.0004	0.9946	0.0011
0	0	0.0039	0	0	0.0004	0.9945	0.0012
0	0	0.0039	0	0	0.0004	0.9943	0.0013
0	0	0.0039	0	0	0.0004	0.9942	0.0014
0	0	0.0039	0	0	0.0004	0.9941	0.0016
0	0	0.0039	0	0	0.0004	0.994	0.0017
0	0	0.0039	0	0	0.0004	0.9938	0.0018
0	0	0.0039	0	0	0.0004	0.9936	0.002
0	0	0.0039	0	0	0.0004	0.9934	0.0022
0	0.0001	0.0039	0.0001	0	0.0004	0.9932	0.0024
0	0.0001	0.0039	0.0001	0	0.0004	0.993	0.0026
0	0.0001	0.0039	0.0001	0	0.0004	0.9928	0.0028
0	0.0001	0.0039	0.0001	0	0.0004	0.9925	0.003
0	0.0001	0.0039	0.0001	0	0.0004	0.9922	0.0033
0	0.0001	0.0039	0.0001	0	0.0004	0.9919	0.0036
0	0.0001	0.0039	0.0001	0	0.0004	0.9916	0.0039
0	0.0001	0.0039	0.0001	0	0.0004	0.9912	0.0043
0	0.0001	0.0039	0.0001	0	0.0004	0.9908	0.0047
0	0.0001	0.0039	0.0001	0	0.0004	0.9903	0.0051
0	0.0001	0.0039	0.0001	0	0.0004	0.9898	0.0055
0	0.0001	0.0039	0.0002	0	0.0004	0.9893	0.006
0	0.0001	0.0039	0.0002	0	0.0004	0.9887	0.0066
0	0.0002	0.0039	0.0002	0	0.0005	0.9881	0.0072
0	0.0002	0.0039	0.0002	0	0.0005	0.9874	0.0078
0	0.0002	0.0039	0.0003	0	0.0005	0.9866	0.0085
0	0.0002	0.0039	0.0003	0	0.0005	0.9857	0.0093
0	0.0002	0.0039	0.0004	0	0.0005	0.9848	0.0101
0	0.0003	0.004	0.0004	0	0.0005	0.9838	0.0111
0	0.0003	0.004	0.0005	0	0.0005	0.9827	0.0121
0	0.0003	0.004	0.0005	0	0.0006	0.9815	0.0131
0	0.0003	0.004	0.0006	0	0.0006	0.9801	0.0143
0	0.0004	0.004	0.0007	0	0.0006	0.9786	0.0156
0	0.0004	0.004	0.0008	0	0.0006	0.977	0.0171
0	0.0005	0.0041	0.0009	0	0.0007	0.9753	0.0186
0	0.0005	0.0041	0.0011	0	0.0007	0.9733	0.0203
0	0.0006	0.0041	0.0012	0	0.0007	0.9712	0.0221
0	0.0006	0.0042	0.0014	0	0.0008	0.9688	0.0242
0	0.0007	0.0043	0.0016	0	0.0008	0.9662	0.0263
0	0.0008	0.0044	0.0018	0	0.0009	0.9633	0.0287
0	0.0009	0.0045	0.0021	0	0.0009	0.9601	0.0314
0	0.001	0.0048	0.0024	0.0001	0.001	0.9565	0.0342
0	0.0011	0.0051	0.0028	0.0001	0.0011	0.9525	0.0373
0	0.0013	0.0056	0.0033	0.0001	0.0011	0.9479	0.0407
0	0.0015	0.0063	0.0037	0.0001	0.0012	0.9427	0.0444
0	0.0018	0.0075	0.0043	0.0001	0.0013	0.9365	0.0485
0	0.0022	0.0092	0.005	0.0001	0.0014	0.9292	0.0529
0	0.003	0.0118	0.0057	0.0001	0.0016	0.92	0.0577
0	0.0045	0.0159	0.0065	0.0002	0.0018	0.9082	0.0629
0	0.0073	0.0222	0.0074	0.0003	0.0021	0.8922	0.0685
0	0.0127	0.0316	0.0084	0.0005	0.0043	0.8679	0.0746
0	0.023	0.0436	0.0092	0.0012	0.029	0.8129	0.081
0	0.0405	0.0302	0.0093	0.0039	0.3316	0.4972	0.0873
0	0.0017	0.0471	0.0015	0.0407	0.8897	0	0.0194
0	0.0037	0.0649	0.0058	0.0067	0.0762	0.8156	0.0272
0	0.0023	0.0463	0.0059	0.0015	0.0076	0.9083	0.0281
0	0.0013	0.0316	0.0054	0.0005	0.0015	0.9316	0.028
0	0.0007	0.022	0.0049	0.0002	0.0008	0.9437	0.0277
0	0.0005	0.0157	0.0043	0.0001	0.0007	0.9514	0.0273
0	0.0003	0.0116	0.0038	0.0001	0.0006	0.9567	0.0269
0	0.0002	0.009	0.0033	0	0.0006	0.9603	0.0265
0	0.0002	0.0073	0.0029	0	0.0005	0.9628	0.0262
0	0.0001	0.0062	0.0026	0	0.0005	0.9647	0.0259
0	0.0001	0.0054	0.0023	0	0.0005	0.9661	0.0256
0	0.0001	0.005	0.002	0	0.0004	0.9672	0.0253
0	0.0001	0.0046	0.0018	0	0.0004	0.968	0.025
0	0.0001	0.0044	0.0016	0	0.0004	0.9686	0.0248
0	0.0001	0.0043	0.0014	0	0.0004	0.9692	0.0246
0	0.0001	0.0042	0.0013	0	0.0004	0.9696	0.0244
0	0.0001	0.0041	0.0011	0	0.0004	0.97	0.0243
0	0.0001	0.004	0.001	0	0.0004	0.9703	0.0242
0	0.0001	0.004	0.0009	0	0.0004	0.9706	0.024
0	0.0001	0.004	0.0008	0	0.0004	0.9708	0.0239
0	0.0001	0.0039	0.0008	0	0.0004	0.971	0.0238
0	0.0001	0.0039	0.0007	0	0.0004	0.9711	0.0238
0	0.0001	0.0039	0.0007	0	0.0004	0.9713	0.0237
0	0.0001	0.0039	0.0006	0	0.0004	0.9714	0.0237
0	0.0001	0.0039	0.0006	0	0.0004	0.9715	0.0237
0	0.0001	0.0039	0.0005	0	0.0004	0.9715	0.0237
0	0.0001	0.0039	0.0005	0	0.0004	0.9715	0.0237
0	0.0001	0.0039	0.0005	0	0.0004	0.9715	0.0237
0	0.0001	0.0038	0.0005	0	0.0004	0.9715	0.0237
0	0.0001	0.0038	0.0004	0	0.0004	0.9715	0.0238
0	0.0001	0.0038	0.0004	0	0.0004	0.9715	0.0238
0	0.0001	0.0038	0.0004	0	0.0004	0.9714	0.0239
0	0.0001	0.0038	0.0004	0	0.0004	0.9713	0.024
0	0.0001	0.0038	0.0004	0	0.0004	0.9712	0.0241
0	0.0001	0.0037	0.0004	0	0.0004	0.9711	0.0243
0	0.0001	0.0037	0.0004	0	0.0004	0.971	0.0244
0	0.0001	0.0036	0.0004	0	0.0004	0.9709	0.0246
0	0.0001	0.0034	0.0004	0	0.0004	0.9709	0.0248
0	0.0001	0.0032	0.0004	0	0.0004	0.9708	0.025
0	0.0002	0.0029	0.0004	0	0.0004	0.9709	0.0253
0	0.0002	0.0023	0.0004	0	0.0006	0.9709	0.0255
0	0.0003	0.0013	0.0004	0	0.0024	0.9697	0.0258
0	0.0002	0.0023	0.0004	0.0001	0.0008	0.9726	0.0236
0	0.0002	0.0029	0.0004	0	0.0006	0.9742	0.0217
0	0.0001	0.0033	0.0003	0	0.0006	0.9758	0.0199
0	0.0001	0.0035	0.0003	0	0.0006	0.9772	0.0182
0	0.0001	0.0037	0.0003	0	0.0005	0.9787	0.0167
0	0.0001	0.0038	0.0003	0	0.0005	0.98	0.0153
0	0.0001	0.0038	0.0002	0	0.0005	0.9813	0.014
0	0.0001	0.0039	0.0002	0	0.0005	0.9825	0.0129
0	0.0001	0.0039	0.0002	0	0.0005	0.9836	0.0118
0	0.0001	0.0039	0.0002	0	0.0005	0.9846	0.0108
0	0.0001	0.0039	0.0002	0	0.0005	0.9855	0.0099
0	0.0001	0.0039	0.0001	0	0.0005	0.9863	0.0091
0	0	0.0039	0.0001	0	0.0004	0.9871	0.0083
0	0	0.0039	0.0001	0	0.0004	0.9878	0.0077
0	0	0.0039	0.0001	0	0.0004	0.9885	0.007
0	0	0.0039	0.0001	0	0.0004	0.9891	0.0064
0	0	0.0039	0.0001	0	0.0004	0.9896	0.0059
0	0	0.0039	0.0001	0	0.0004	0.9901	0.0054
0	0	0.0039	0.0001	0	0.0004	0.9906	0.005
0	0	0.0039	0.0001	0	0.0004	0.991	0.0046
0	0	0.0039	0.0001	0	0.0004	0.9914	0.0042
0	0	0.0039	0.0001	0	0.0004	0.9918	0.0039
0	0	0.0039	0.0001	0	0.0004	0.9921	0.0035
0	0	0.0039	0.0001	0	0.0004	0.9924	0.0033
0	0	0.0039	0	0	0.0004	0.9927	0.003
0	0	0.0039	0	0	0.0004	0.9929	0.0027
0	0	0.0039	0	0	0.0004	0.9931	0.0025
0	0	0.0039	0	0	0.0004	0.9933	0.0023
0	0	0.0039	0	0	0.0004	0.9935	0.0021
0	0	0.0039	0	0	0.0004	0.9937	0.002
0	0	0.0039	0	0	0.0004	0.9939	0.0018
0	0	0.0039	0	0	0.0004	0.994	0.0017
0	0	0.0039	0	0	0.0004	0.9942	0.0015
0	0	0.0039	0	0	0.0004	0.9943	0.0014
0	0	0.0039	0	0	0.0004	0.9944	0.0013
0	0	0.0039	0	0	0.0004	0.9945	0.0012
0	0	0.0039	0	0	0.0003	0.9946	0.0011
0	0	0.0039	0	0	0.0003	0.9947	0.001
0	0	0.0039	0	0	0.0003	0.9948	0.001
0	0	0.0039	0	0	0.0003	0.9948	0.0009
0	0	0.0039	0	0	0.0003	0.9949	0.0008
0	0	0.0039	0	0	0.0003	0.995	0.0008
0	0	0.0039	0	0	0.0003	0.995	0.0007
0	0	0.0039	0	0	0.0003	0.9951	0.0007
0	0	0.0039	0	0	0.0003	0.9951	0.0006
0	0	0.0039	0	0	0.0003	0.9952	0.0006
0	0	0.0039	0	0	0.0003	0.9952	0.0005
0	0	0.0039	0	0	0.0003	0.9952	0.0005
0	0	0.0039	0	0	0.0003	0.9953	0.0005
0	0	0.0039	0	0	0.0003	0.9953	0.0004
0	0	0.0039	0	0	0.0003	0.9953	0.0004
0	0	0.0039	0	0	0.0003	0.9953	0.0004
0	0	0.0039	0	0	0.0003	0.9954	0.0004
0	0	0.0039	0	0	0.0003	0.9954	0.0003
0	0	0.0039	0	0	0.0003	0.9954	0.0003
0	0	0.0039	0	0	0.0003	0.9954	0.0003
0	0	0.0039	0	0	0.0003	0.9954	0.0003
0	0	0.0039	0	0	0.0003	0.9954	0.0003
0	0	0.0039	0	0	0.0003	0.9955	0.0003
0	0	0.0039	0	0	0.0003	0.9955	0.0003
0	0	0.0039	0	0	0.0003	0.9955	0.0002
0	0	0.0039	0	0	0.0003	0.9955	0.0002
0	0	0.0039	0	0	0.0003	0.9955	0.0002
0	0	0.0039	0	0	0.0003	0.9955	0.0002
0	0	0.0039	0	0	0.0003	0.9955	0.0002
0	0	0.0039	0	0	0.0003	0.9955	0.0002
0	0	0.0039	0	0	0.0003	0.9955	0.0002
0	0	0.004	0	0	0.0003	0.9954	0.0002
0	0	0.004	0	0	0.0003	0.9954	0.0002
0	0	0.0041	0	0	0.0003	0.9953	0.0002
0	0	0.0042	0	0	0.0003	0.9952	0.0002
0	0	0.0043	0	0	0.0003	0.9951	0.0002
0	0	0.0045	0	0	0.0003	0.9949	0.0002
0	0	0.0049	0.0001	0	0.0003	0.9945	0.0002
0	0	0.0054	0.0001	0	0.0003	0.994	0.0002
0	0	0.0062	0.0001	0	0.0004	0.9931	0.0002
0	0	0.0075	0.0001	0	0.0004	0.9918	0.0002
0	0	0.0096	0.0001	0	0.0004	0.9897	0.0002
0	0	0.0127	0.0001	0	0.0004	0.9865	0.0002
0	0	0.0177	0.0001	0	0.0004	0.9816	0.0002
0	0	0.0254	0.0001	0	0.0005	0.9738	0.0002
0	0.0001	0.0374	0.0001	0	0.0005	0.9617	0.0002
0	0.0001	0.0561	0.0001	0	0.0008	0.9426	0.0002
0	0.0001	0.085	0.0001	0	0.0035	0.9109	0.0002
0	0.0001	0.1267	0	0.0001	0.0356	0.8373	0.0002
0	0	0.0838	0.0001	0	0.0039	0.9118	0.0003
0	0	0.0552	0.0002	0	0.0011	0.9432	0.0003
0	0	0.0368	0.0001	0	0.0007	0.962	0.0003
0	0	0.025	0.0001	0	0.0006	0.974	0.0003
0	0	0.0174	0.0001	0	0.0005	0.9817	0.0002
0	0	0.0126	0.0001	0	0.0004	0.9866	0.0002
0	0	0.0095	0.0001	0	0.0004	0.9898	0.0002
0	0	0.0075	0.0001	0	0.0004	0.9918	0.0002
0	0	0.0062	0.0001	0	0.0004	0.9931	0.0002
0	0	0.0054	0.0001	0	0.0004	0.994	0.0002
0	0	0.0049	0.0001	0	0.0003	0.9945	0.0002
0	0	0.0045	0.0001	0	0.0003	0.9949	0.0002
0	0	0.0043	0.0001	0	0.0003	0.9951	0.0002
0	0	0.0042	0	0	0.0003	0.9952	0.0002
0	0	0.0041	0	0	0.0003	0.9953	0.0002
0	0	0.004	0	0	0.0003	0.9954	0.0002
0	0	0.004	0	0	0.0003	0.9954	0.0002
0	0	0.0039	0	0	0.0003	0.9955	0.0002
0	0	0.0039	0	0	0.0003	0.9955	0.0002
0	0	0.0039	0	0	0.0003	0.9955	0.0002
0	0	0.0039	0	0	0.0003	0.9955	0.0002
0	0	0.0039	0	0	0.0003	0.9955	0.0002
0	0	0.0039	0	0	0.0003	0.9955	0.0002
0	0	0.0039	0	0	0.0003	0.9955	0.0002
0	0	0.0039	0	0	0.0003	0.9955	0.0003
0	0	0.0039	0	0	0.0003	0.9955	0.0003
0	0	0.0039	0	0	0.0003	0.9954	0.0003
0	0	0.0039	0	0	0.0003	0.9954	0.0003
0	0	0.0039	0	0	0.0003	0.9954	0.0003
0	0	0.0039	0	0	0.0003	0.9954	0.0003
0	0	0.0039	0	0	0.0003	0.9954	0.0003
0	0	0.0039	0	0	0.0003	0.9954	0.0004
0	0	0.0039	0	0	0.0003	0.9953	0.0004
0	0	0.0039	0	0	0.0003	0.9953	0.0004
0	0	0.0039	0	0	0.0003	0.9953	0.0004
0	0	0.0039	0	0	0.0003	0.9953	0.0005
0	0	0.0039	0	0	0.0003	0.9952	0.0005
0	0	0.0039	0	0	0.0003	0.9952	0.0005
0	0	0.0039	0	0	0.0003	0.9952	0.0006
0	0	0.0039	0	0	0.0003	0.9951	0.0006
0	0	0.0039	0	0	0.0003	0.9951	0.0006
0	0	0.0039	0	0	0.0003	0.995	0.0007
0	0	0.0039	0	0	0.0003	0.995	0.0007
0	0	0.0039	0	0	0.0003	0.9949	0.0008
0	0	0.0039	0	0	0.0003	0.9948	0.0009
0	0	0.0039	0	0	0.0004	0.9948	0.0009
0	0	0.0039	0	0	0.0004	0.9947	0.001
0	0	0.0039	0	0	0.0004	0.9946	0.0011
0	0	0.0039	0	0	0.0004	0.9945	0.0012
0	0	0.0039	0	0	0.0004	0.9944	0.0013
0	0	0.0039	0	0	0.0004	0.9943	0.0014
0	0	0.0039	0	0	0.0004	0.9942	0.0015
0	0	0.0039	0.0001	0	0.0004	0.994	0.0016
0	0	0.0039	0.0001	0	0.0004	0.9939	0.0017
0	0	0.0039	0.0001	0	0.0004	0.9938	0.0019
0	0.0001	0.0038	0.0001	0	0.0004	0.9936	0.0021
0	0.0001	0.0038	0.0001	0	0.0004	0.9934	0.0022
0	0.0001	0.0037	0.0001	0	0.0004	0.9933	0.0024
0	0.0001	0.0037	0.0001	0	0.0004	0.9931	0.0026
0	0.0001	0.0035	0.0001	0	0.0004	0.993	0.0029
0	0.0001	0.0033	0.0001	0	0.0004	0.993	0.0031
0	0.0001	0.003	0.0001	0	0.0004	0.993	0.0034
0	0.0002	0.0024	0.0002	0	0.0006	0.993	0.0037
0	0.0003	0.0013	0.0002	0	0.0025	0.9917	0.004
0	0.0001	0.0023	0.0002	0	0.0005	0.9931	0.0037
0	0.0001	0.0029	0.0002	0	0.0004	0.993	0.0034
0	0	0.0033	0.0002	0	0.0004	0.993	0.0031
0	0	0.0035	0.0001	0	0.0004	0.993	0.0029
0	0	0.0037	0.0001	0	0.0004	0.9932	0.0026
0	0	0.0038	0.0001	0	0.0004	0.9933	0.0024
0	0	0.0038	0.0001	0	0.0004	0.9935	0.0022
0	0	0.0039	0.0001	0	0.0004	0.9936	0.002
0	0	0.0039	0.0001	0	0.0004	0.9938	0.0019
0	0	0.0039	0.0001	0	0.0004	0.9939	0.0017
0	0	0.0039	0.0001	0	0.0004	0.9941	0.0016
0	0	0.0039	0.0001	0	0.0004	0.9942	0.0015
0	0	0.0039	0.0001	0	0.0004	0.9943	0.0013
0	0	0.0039	0.0001	0	0.0004	0.9944	0.0012
0	0	0.0039	0	0	0.0004	0.9946	0.0011
0	0	0.0039	0	0	0.0004	0.9946	0.001
0	0	0.0039	0	0	0.0003	0.9947	0.001
0	0	0.0039	0	0	0.0003	0.9948	0.0009
0	0	0.0039	0	0	0.0003	0.9949	0.0008
0	0	0.0039	0	0	0.0003	0.995	0.0007
0	0	0.0039	0	0	0.0003	0.995	0.0007
0	0	0.0039	0	0	0.0003	0.9951	0.0006
0	0	0.0039	0	0	0.0003	0.9951	0.0006
0	0	0.0039	0	0	0.0003	0.9952	0.0005
0	0	0.0039	0	0	0.0003	0.9952	0.0005
0	0	0.0039	0	0	0.0003	0.9953	0.0005
0	0	0.0039	0	0	0.0003	0.9953	0.0004
0	0	0.0039	0	0	0.0003	0.9953	0.0004
0	0	0.0039	0	0	0.0003	0.9954	0.0004
0	0	0.0039	0	0	0.0003	0.9954	0.0003
0	0	0.0039	0	0	0.0003	0.9954	0.0003
0	0	0.0039	0	0	0.0003	0.9954	0.0003
0	0	0.0039	0	0	0.0003	0.9955	0.0003
0	0	0.0039	0	0	0.0003	0.9955	0.0003
0	0	0.0039	0	0	0.0003	0.9955	0.0002
0	0	0.0039	0	0	0.0003	0.9955	0.0002
0	0	0.0039	0	0	0.0003	0.9955	0.0002
0	0	0.0039	0	0	0.0003	0.9955	0.0002
0	0	0.0039	0	0	0.0003	0.9956	0.0002
0	0	0.0039	0	0	0.0003	0.9956	0.0002
0	0	0.0039	0	0	0.0003	0.9956	0.0002
0	0	0.0039	0	0	0.0003	0.9956	0.0001
0	0	0.0039	0	0	0.0003	0.9956	0.0001
0	0	0.0039	0	0	0.0003	0.9956	0.0001
0	0	0.0039	0	0	0.0003	0.9956	0.0001
0	0	0.0039	0	0	0.0003	0.9956	0.0001
0	0	0.0039	0	0	0.0003	0.9956	0.0001
0	0	0.0039	0	0	0.0003	0.9956	0.0001
0	0	0.0039	0	0	0.0003	0.9956	0.0001
0	0	0.0039	0	0	0.0003	0.9956	0.0001
0	0	0.0039	0	0	0.0003	0.9956	0.0001
0	0	0.0039	0	0	0.0003	0.9956	0.0001
0	0	0.0039	0	0	0.0003	0.9957	0.0001
0	0	0.0039	0	0	0.0003	0.9957	0.0001
0	0	0.0039	0	0	0.0003	0.9957	0.0001
0	0	0.0039	0	0	0.0003	0.9957	0.0001
0	0	0.0039	0	0	0.0003	0.9957	0.0001
0	0	0.0039	0	0	0.0003	0.9957	0.0001
0	0	0.0039	0	0	0.0003	0.9957	0.0001
0	0	0.0039	0	0	0.0003	0.9957	0.0001
0	0	0.0039	0	0	0.0003	0.9957	0.0001
0	0	0.0039	0	0	0.0003	0.9957	0.0001
0	0	0.0039	0	0	0.0003	0.9957	0.0001
0	0	0.0039	0	0	0.0003	0.9957	0.0001
0	0	0.0039	0	0	0.0003	0.9957	0.0001
0	0	0.0039	0	0	0.0003	0.9957	0.0001
0	0	0.0039	0	0	0.0003	0.9957	0.0001
0	0	0.0039	0	0	0.0003	0.9957	0.0001
0	0	0.0039	0	0	0.0003	0.9957	0.0001
0	0	0.0039	0	0	0.0003	0.9957	0.0001
0	0	0.0039	0	0	0.0003	0.9957	0.0001
0	0	0.0039	0	0	0.0003	0.9957	0.0001
0	0	0.0039	0	0	0.0003	0.9957	0.0001
0	0	0.0039	0	0	0.0003	0.9957	0.0001
0	0	0.0039	0	0	0.0003	0.9957	0.0001
0	0	0.0039	0	0	0.0003	0.9957	0.0001
0	0	0.0039	0	0	0.0003	0.9957	0.0001
0	0	0.0039	0	0	0.0003	0.9957	0.0001
0	0	0.0039	0	0	0.0003	0.9957	0.0001
0	0	0.0039	0	0	0.0003	0.9957	0
0	0	0.0039	0	0	0.0003	0.9957	0
0	0	0.0039	0	0	0.0003	0.9957	0
0	0	0.0039	0	0	0.0003	0.9957	0
0	0	0.0039	0	0	0.0003	0.9957	0
0	0	0.0039	0	0	0.0003	0.9957	0
0	0	0.0039	0	0	0.0003	0.9957	0
0	0	0.0039	0	0	0.0003	0.9957	0
0	0	0.0039	0	0	0.0003	0.9957	0
0	0	0.0039	0	0	0.0003	0.9957	0
0	0	0.0039	0	0	0.0003	0.9957	0
0	0	0.0039	0	0	0.0003	0.9957	0
0	0	0.0039	0	0	0.0003	0.9957	0
0	0	0.0039	0	0	0.0003	0.9957	0
0	0	0.0039	0	0	0.0003	0.9957	0
0	0	0.0039	0	0	0.0003	0.9957	0
0	0	0.0039	0	0	0.0003	0.9957	0
0	0	0.0039	0	0	0.0003	0.9957	0
0	0	0.0039	0	0	0.0003	0.9957	0
0	0	0.0039	0	0	0.0003	0.9957	0
0	0	0.0039	0	0	0.0003	0.9957	0
0	0	0.0039	0	0	0.0003	0.9957	0
0	0	0.0039	0	0	0.0003	0.9957	0
0	0	0.0039	0	0	0.0003	0.9957	0
0	0	0.0039	0	0	0.0003	0.9957	0
0	0	0.0039	0	0	0.0003	0.9957	0
0	0	0.0039	0	0	0.0003	0.9957	0
0	0	0.0039	0	0	0.0003	0.9957	0
0	0	0.0039	0	0	0.0003	0.9957	0
0	0	0.0039	0	0	0.0003	0.9957	0
0	0	0.0039	0	0	0.0003	0.9957	0
0	0	0.0039	0	0	0.0003	0.9957	0
0	0	0.0039	0	0	0.0003	0.9957	0
0	0	0.0039	0	0	0.0003	0.9957	0
0	0	0.0039	0	0	0.0003	0.9957	0
0	0	0.0039	0	0	0.0003	0.9957	0
0	0	0.0039	0	0	0.0003	0.9957	0
0	0	0.0039	0	0	0.0003	0.9957	0
0	0	0.0039	0	0	0.0003	0.9957	0
0	0	0.0039	0	0	0.0003	0.9957	0
0	0	0.0039	0	0	0.0003	0.9957	0
0	0	0.0039	0	0	0.0003	0.9957	0
0	0	0.0039	0	0	0.0003	0.9957	0
0	0	0.0039	0	0	0.0003	0.9957	0
0	0	0.0039	0	0	0.0003	0.9957	0
0	0	0.0039	0	0	0.0003	0.9957	0
0	0	0.0039	0	0	0.0003	0.9957	0
0	0	0.0039	0	0	0.0003	0.9957	0
0	0	0.0039	0	0	0.0003	0.9957	0
0	0	0.0039	0	0	0.0003	0.9957	0
0	0	0.0039	0	0	0.0003	0.9957	0
0	0	0.0039	0	0	0.0003	0.9957	0
0	0	0.0039	0	0	0.0003	0.9957	0
0	0	0.0039	0	0	0.0003	0.9957	0
0	0	0.0039	0	0	0.0003	0.9957	0
0	0	0.0039	0	0	0.0003	0.9957	0
0	0	0.0039	0	0	0.0003	0.9957	0
0	0	0.0039	0	0	0.0003	0.9957	0
0	0	0.0039	0	0	0.0003	0.9957	0
0	0	0.0039	0	0	0.0003	0.9957	0
0	0	0.0039	0	0	0.0003	0.9957	0
0	0	0.0039	0	0	0.0003	0.9957	0
0	0	0.0039	0	0	0.0003	0.9957	0
0	0	0.0039	0	0	0.0003	0.9957	0
0	0	0.0039	0	0	0.0003	0.9957	0
0	0	0.0039	0	0	0.0003	0.9957	0
0	0	0.0039	0	0	0.0003	0.9957	0
0	0	0.0039	0	0	0.0003	0.9957	0
0	0	0.0039	0	0	0.0003	0.9957	0
0	0	0.0039	0	0	0.0003	0.9957	0
0	0	0.0039	0	0	0.0003	0.9957	0
0	0	0.0039	0	0	0.0003	0.9957	0
0	0	0.0039	0	0	0.0003	0.9957	0
0	0	0.0039	0	0	0.0003	0.9957	0
0	0	0.0039	0	0	0.0003	0.9957	0
0	0	0.0039	0	0	0.0003	0.9957	0
0	0	0.0039	0	0	0.0003	0.9957	0
0	0	0.0039	0	0	0.0003	0.9957	0
0	0	0.0039	0	0	0.0003	0.9957	0
0	0	0.0039	0	0	0.0003	0.9957	0
0	0	0.0039	0	0	0.0003	0.9957	0
0	0	0.0039	0	0	0.0003	0.9957	0
0	0	0.0039	0	0	0.0003	0.9957	0
0	0	0.0039	0	0	0.0003	0.9957	0
0	0	0.0039	0	0	0.0003	0.9957	0
0	0	0.0039	0	0	0.0003	0.9957	0
0	0	0.0039	0	0	0.0003	0.9957	0
0	0	0.0039	0	0	0.0003	0.9957	0
0	0	0.0039	0	0	0.0003	0.9957	0
0	0	0.0039	0	0	0.0003	0.9957	0
0	0	0.0039	0	0	0.0003	0.9957	0
0	0	0.0039	0	0	0.0003	0.9957	0
0	0	0.0039	0	0	0.0003	0.9957	0
0	0	0.0039	0	0	0.0003	0.9957	0
0	0	0.0039	0	0	0.0003	0.9957	0
0	0	0.0039	0	0	0.0003	0.9957	0
0	0	0.0039	0	0	0.0003	0.9957	0
0	0	0.0039	0	0	0.0003	0.9957	0
0	0	0.0039	0	0	0.0003	0.9957	0
0	0	0.0039	0	0	0.0003	0.9957	0
0	0	0.0039	0	0	0.0003	0.9957	0
0	0	0.0039	0	0	0.0003	0.9957	0
0	0	0.0039	0	0	0.0003	0.9957	0
0	0	0.0039	0	0	0.0003	0.9957	0
0	0	0.0039	0	0	0.0003	0.9957	0
0	0	0.0039	0	0	0.0003	0.9957	0
0	0	0.0039	0	0	0.0003	0.9957	0
0	0	0.0039	0	0	0.0003	0.9957	0
0	0	0.0039	0	0	0.0003	0.9957	0
0	0	0.0039	0	0	0.0003	0.9957	0
0	0	0.0039	0	0	0.0003	0.9957	0
0	0	0.0039	0	0	0.0003	0.9957	0
0	0	0.0039	0	0	0.0003	0.9957	0
0	0	0.0039	0	0	0.0003	0.9957	0
0	0	0.0039	0	0	0.0003	0.9957	0
0	0	0.0039	0	0	0.0003	0.9957	0
0	0	0.0039	0	0	0.0003	0.9957	0
0	0	0.0039	0	0	0.0003	0.9957	0
0	0	0.0039	0	0	0.0003	0.9957	0
0	0	0.0039	0	0	0.0003	0.9957	0
0	0	0.0039	0	0	0.0003	0.9957	0
0	0	0.0039	0	0	0.0003	0.9957	0
0	0	0.0039	0	0	0.0003	0.9957	0
0	0	0.0039	0	0	0.0003	0.9957	0
0	0	0.0039	0	0	0.0003	0.9957	0
0	0	0.0039	0	0	0.0003	0.9957	0
0	0	0.0039	0	0	0.0003	0.9957	0
0	0	0.0039	0	0	0.0003	0.9957	0
0	0	0.0039	0	0	0.0003	0.9957	0
0	0	0.0039	0	0	0.0003	0.9957	0
0	0	0.0039	0	0	0.0003	0.9957	0
0	0	0.0039	0	0	0.0003	0.9957	0
0	0	0.0039	0	0	0.0003	0.9957	0
0	0	0.0039	0	0	0.0003	0.9957	0
0	0	0.0039	0	0	0.0003	0.9957	0
0	0	0.0039	0	0	0.0003	0.9957	0
0	0	0.0039	0	0	0.0003	0.9957	0
0	0	0.0039	0	0	0.0003	0.9957	0
0	0	0.0039	0	0	0.0003	0.9957	0
0	0	0.0039	0	0	0.0003	0.9957	0
0	0	0.0039	0	0	0.0003	0.9957	0
0	0	0.0039	0	0	0.0003	0.9957	0
0	0	0.0039	0	0	0.0003	0.9957	0
0	0	0.0039	0	0	0.0003	0.9957	0
0	0	0.0039	0	0	0.0003	0.9957	0
0	0	0.0039	0	0	0.0003	0.9957	0
0	0	0.0039	0	0	0.0003	0.9957	0
0	0	0.0039	0	0	0.0003	0.9957	0
0	0	0.0039	0	0	0.0003	0.9957	0
0	0	0.0039	0	0	0.0003	0.9957	0
0	0	0.0039	0	0	0.0003	0.9957	0
0	0	0.0039	0	0	0.0003	0.9957	0
0	0	0.0039	0	0	0.0003	0.9957	0
0	0	0.0039	0	0	0.0003	0.9957	0
0	0	0.0039	0	0	0.0003	0.9957	0
0	0	0.0039	0	0	0.0003	0.9957	0
0	0	0.0039	0	0	0.0003	0.9957	0
0	0	0.0039	0	0	0.0003	0.9957	0
0	0	0.0039	0	0	0.0003	0.9957	0
0	0	0.0039	0	0	0.0003	0.9957	0
0	0	0.0039	0	0	0.0003	0.9957	0
0	0	0.0039	0	0	0.0003	0.9957	0
0	0	0.0039	0	0	0.0003	0.9957	0
0	0	0.0039	0	0	0.0003	0.9957	0
0	0	0.0039	0	0	0.0003	0.9957	0
0	0	0.0039	0	0	0.0003	0.9957	0
0	0	0.0039	0	0	0.0003	0.9957	0
0	0	0.0039	0	0	0.0003	0.9957	0
0	0	0.0039	0	0	0.0003	0.9957	0
0	0	0.0039	0	0	0.0003	0.9957	0
0	0	0.0039	0	0	0.0003	0.9957	0
0	0	0.0039	0	0	0.0003	0.9957	0
0	0	0.0039	0	0	0.0003	0.9957	0
0	0	0.0039	0	0	0.0003	0.9957	0
0	0	0.0039	0	0	0.0003	0.9957	0
0	0	0.0039	0	0	0.0003	0.9957	0
0	0	0.0039	0	0	0.0003	0.9957	0
0	0	0.0039	0	0	0.0003	0.9957	0
0	0	0.0039	0	0	0.0003	0.9957	0
0	0	0.0039	0	0	0.0003	0.9957	0
0	0	0.0039	0	0	0.0003	0.9957	0
0	0	0.0039	0	0	0.0003	0.9957	0
0	0	0.0039	0	0	0.0003	0.9957	0
0	0	0.0039	0	0	0.0003	0.9957	0
0	0	0.0039	0	0	0.0003	0.9957	0
0	0	0.0039	0	0	0.0003	0.9957	0
0	0	0.0039	0	0	0.0003	0.9957	0
0	0	0.0039	0	0	0.0003	0.9957	0
0	0	0.0039	0	0	0.0003	0.9957	0
0	0	0.0039	0	0	0.0003	0.9957	0
0	0	0.0039	0	0	0.0003	0.9957	0
0	0	0.0039	0	0	0.0003	0.9957	0
0	0	0.0039	0	0	0.0003	0.9957	0
0	0	0.0039	0	0	0.0003	0.9957	0
0	0	0.0039	0	0	0.0003	0.9957	0
0	0	0.0039	0	0	0.0003	0.9957	0
0	0	0.0039	0	0	0.0003	0.9957	0
0	0	0.0039	0	0	0.0003	0.9957	0
0	0	0.0039	0	0	0.0003	0.9957	0
0	0	0.0039	0	0	0.0003	0.9957	0
0	0	0.0039	0	0	0.0003	0.9957	0
0	0	0.0039	0	0	0.0003	0.9957	0
0	0	0.0039	0	0	0.0003	0.9957	0
0	0	0.0039	0	0	0.0003	0.9957	0
0	0	0.0039	0	0	0.0003	0.9957	0
0	0	0.0039	0	0	0.0003	0.9957	0
0	0	0.0039	0	0	0.0003	0.9957	0
0	0	0.0039	0	0	0.0003	0.9957	0
0	0	0.0039	0	0	0.0003	0.9957	0
0	0	0.0039	0	0	0.0003	0.9957	0
0	0	0.0039	0	0	0.0003	0.9957	0
0	0	0.0039	0	0	0.0003	0.9957	0
0	0	0.0039	0	0	0.0003	0.9957	0
0	0	0.0039	0	0	0.0003	0.9957	0
0	0	0.0039	0	0	0.0003	0.9957	0
0	0	0.0039	0	0	0.0003	0.9957	0
0	0	0.0039	0	0	0.0003	0.9957	0
0	0	0.0039	0	0	0.0003	0.9957	0
0	0	0.0039	0	0	0.0003	0.9957	0
0	0	0.0039	0	0	0.0003	0.9957	0
0	0	0.0039	0	0	0.0003	0.9957	0
0	0	0.0039	0	0	0.0003	0.9957	0
0	0	0.0039	0	0	0.0003	0.9957	0
0	0	0.0039	0	0	0.0003	0.9957	0
0	0	0.0039	0	0	0.0003	0.9957	0
0	0	0.0039	0	0	0.0003	0.9957	0
0	0	0.0039	0	0	0.0003	0.9957	0
0	0	0.0039	0	0	0.0003	0.9957	0
0	0	0.0039	0	0	0.0003	0.9957	0
0	0	0.0039	0	0	0.0003	0.9957	0
0	0	0.0039	0	0	0.0003	0.9957	0
0	0	0.0039	0	0	0.0003	0.9957	0
0	0	0.0039	0	0	0.0003	0.9957	0
0	0	0.0039	0	0	0.0003	0.9957	0
0	0	0.0039	0	0	0.0003	0.9957	0
0	0	0.0039	0	0	0.0003	0.9957	0
0	0	0.0039	0	0	0.0003	0.9957	0
0	0	0.0039	0	0	0.0003	0.9957	0
0	0	0.0039	0	0	0.0003	0.9957	0.0001
0	0	0.0039	0	0	0.0003	0.9957	0.0001
0	0	0.0039	0	0	0.0003	0.9957	0.0001
0	0	0.0039	0	0	0.0003	0.9957	0.0001
0	0	0.0039	0	0	0.0003	0.9957	0.0001
0	0	0.0039	0	0	0.0003	0.9957	0.0001
0	0	0.0039	0	0	0.0003	0.9957	0.0001
0	0	0.0039	0	0	0.0003	0.9957	0.0001
0	0	0.0039	0	0	0.0003	0.9957	0.0001
0	0	0.0039	0	0	0.0003	0.9957	0.0001
0	0	0.0039	0	0	0.0003	0.9957	0.0001
0	0	0.0039	0	0	0.0003	0.9957	0.0001
0	0	0.0039	0	0	0.0003	0.9957	0.0001
0	0	0.0039	0	0	0.0003	0.9957	0.0001
0	0	0.0039	0	0	0.0003	0.9957	0.0001
0	0	0.0039	0	0	0.0003	0.9957	0.0001
0	0	0.0039	0	0	0.0003	0.9957	0.0001
0	0	0.0039	0	0	0.0003	0.9957	0.0001
0	0	0.0039	0	0	0.0003	0.9957	0.0001
0	0	0.0039	0	0	0.0003	0.9957	0.0001
0	0	0.0039	0	0	0.0003	0.9957	0.0001
0	0	0.0039	0	0	0.0003	0.9957	0.0001
0	0	0.0039	0	0	0.0003	0.9957	0.0001
0	0	0.0039	0	0	0.0003	0.9957	0.0001
0	0	0.0039	0	0	0.0003	0.9957	0.0001
0	0	0.0039	0	0	0.0003	0.9957	0.0001
0	0	0.0039	0	0	0.0003	0.9956	0.0001
0	0	0.0039	0	0	0.0003	0.9956	0.0001
0	0	0.0039	0	0	0.0003	0.9956	0.0001
0	0	0.0039	0	0	0.0003	0.9956	0.0001
0	0	0.0039	0	0	0.0003	0.9956	0.0001
0	0	0.0039	0	0	0.0003	0.9956	0.0001
0	0	0.0039	0	0	0.0003	0.9956	0.0001
0	0	0.0039	0	0	0.0003	0.9956	0.0001
0	0	0.0039	0	0	0.0003	0.9956	0.0001
0	0	0.0039	0	0	0.0003	0.9956	0.0001
0	0	0.0039	0	0	0.0003	0.9956	0.0001
0	0	0.0039	0	0	0.0003	0.9956	0.0002
0	0	0.0039	0	0	0.0003	0.9956	0.0002
0	0	0.0039	0	0	0.0003	0.9955	0.0002
0	0	0.0039	0	0	0.0003	0.9955	0.0002
0	0	0.0039	0	0	0.0003	0.9955	0.0002
0	0	0.0039	0	0	0.0003	0.9955	0.0002
0	0	0.0039	0	0	0.0003	0.9955	0.0002
0	0	0.0039	0	0	0.0003	0.9955	0.0002
0	0	0.0039	0	0	0.0003	0.9954	0.0003
0	0	0.0039	0	0	0.0003	0.9954	0.0003
0	0	0.0039	0.0001	0	0.0003	0.9954	0.0003
0	0	0.0039	0.0001	0	0.0003	0.9953	0.0003
0	0	0.0039	0.0001	0	0.0003	0.9953	0.0003
0	0	0.0039	0.0001	0	0.0003	0.9953	0.0004
0	0	0.0039	0.0001	0	0.0003	0.9952	0.0004
0	0	0.0039	0.0001	0	0.0003	0.9952	0.0004
0	0	0.0039	0.0001	0	0.0003	0.9951	0.0005
0	0	0.0039	0.0001	0	0.0004	0.9951	0.0005
0	0	0.0039	0.0001	0	0.0004	0.995	0.0005
0	0	0.0039	0.0002	0	0.0004	0.9949	0.0006
0	0	0.0039	0.0002	0	0.0004	0.9948	0.0006
0	0	0.004	0.0002	0	0.0004	0.9947	0.0007
0	0.0001	0.004	0.0002	0	0.0004	0.9946	0.0008
0	0.0001	0.004	0.0003	0	0.0004	0.9945	0.0008
0	0.0001	0.0041	0.0003	0	0.0004	0.9943	0.0009
0	0.0001	0.0041	0.0004	0	0.0004	0.9941	0.001
0	0.0001	0.0042	0.0004	0	0.0004	0.9938	0.0011
0	0.0001	0.0044	0.0005	0	0.0004	0.9935	0.0011
0	0.0001	0.0047	0.0005	0	0.0004	0.993	0.0012
0	0.0001	0.0051	0.0006	0	0.0004	0.9924	0.0014
0	0.0001	0.0057	0.0007	0	0.0004	0.9916	0.0015
0	0.0002	0.0066	0.0008	0	0.0004	0.9904	0.0016
0	0.0002	0.0081	0.001	0	0.0004	0.9886	0.0017
0	0.0002	0.0103	0.0011	0	0.0005	0.986	0.0019
0	0.0003	0.0139	0.0013	0	0.0005	0.982	0.0021
0	0.0004	0.0194	0.0015	0	0.0005	0.976	0.0022
0	0.0006	0.0279	0.0017	0	0.0006	0.9667	0.0024
0	0.001	0.0412	0.0019	0	0.0007	0.9525	0.0026
0	0.0016	0.062	0.0022	0.0001	0.0013	0.93	0.0028
0	0.0028	0.0937	0.0025	0.0002	0.0067	0.8911	0.003
0	0.004	0.1363	0.0026	0.001	0.0716	0.7813	0.0031
0	0.0006	0.1181	0.0019	0.0043	0.873	0	0.0021
0	0.0015	0.1059	0.0267	0.0008	0.0726	0.761	0.0314
0	0.0012	0.0721	0.0293	0.0002	0.007	0.8559	0.0343
0	0.0009	0.0483	0.0296	0.0001	0.0014	0.885	0.0347
0	0.0007	0.0329	0.0297	0.0001	0.0008	0.9011	0.0348
0	0.0006	0.023	0.0296	0.0001	0.0006	0.9111	0.0349
0	0.0006	0.0168	0.0296	0	0.0006	0.9175	0.035
0	0.0006	0.0129	0.0295	0	0.0005	0.9215	0.035
0	0.0007	0.0105	0.0294	0	0.0005	0.9238	0.0351
0	0.0008	0.0093	0.0293	0	0.0005	0.925	0.0352
0	0.0011	0.0089	0.0291	0.0001	0.0005	0.9252	0.0352
0	0.0016	0.0093	0.0288	0.0001	0.0005	0.9245	0.0353
0	0.0025	0.0106	0.0283	0.0002	0.0006	0.9226	0.0352
