MV411	chrUn_KI270442v1
E1	E2	E3	E4	E5	E6	E7	E8
0	0	0	0	0.1678	0.8279	0	0.0043
0	0.0375	0.0008	0.0062	0.0284	0.0741	0.0156	0.8374
0	0.0246	0.0005	0.0056	0.0064	0.0072	0.0153	0.9404
0	0.013	0.0002	0.0046	0.0019	0.0012	0.0136	0.9656
0	0.0059	0.0001	0.0038	0.0002	0.0001	0.0119	0.978
0	0.0035	0.0001	0.0037	0.0003	0.0001	0.0121	0.9802
0	0.0024	0.0001	0.0035	0.0002	0.0001	0.0122	0.9815
0	0.0017	0.0001	0.0033	0.0002	0.0001	0.0124	0.9823
0	0.0014	0.0001	0.0031	0.0001	0.0001	0.0125	0.9828
0	0.0012	0.0001	0.0029	0.0001	0.0001	0.0126	0.9831
0	0.0011	0.0001	0.0027	0.0001	0.0001	0.0126	0.9833
0	0.0011	0.0001	0.0025	0.0001	0.0001	0.0127	0.9835
0	0.001	0.0001	0.0024	0.0001	0.0001	0.0127	0.9837
0	0.001	0.0001	0.0022	0.0001	0.0001	0.0128	0.9839
0	0.001	0.0001	0.0021	0.0001	0.0001	0.0128	0.984
0	0.0009	0.0001	0.0019	0.0001	0.0001	0.0128	0.9842
0	0.0009	0.0001	0.0018	0.0001	0.0001	0.0128	0.9843
0	0.0009	0.0001	0.0017	0.0001	0.0001	0.0127	0.9845
0	0.0009	0.0001	0.0016	0.0001	0.0001	0.0127	0.9847
0	0.0009	0.0001	0.0015	0.0001	0.0001	0.0126	0.9849
0	0.0009	0.0001	0.0014	0.0001	0.0001	0.0125	0.9851
0	0.0009	0.0001	0.0013	0	0.0001	0.0125	0.9852
0	0.0008	0.0001	0.0012	0	0.0001	0.0123	0.9855
0	0.0008	0.0001	0.0011	0	0.0001	0.0122	0.9857
0	0.0008	0.0001	0.001	0	0.0001	0.0121	0.9859
0	0.0008	0.0001	0.001	0	0.0001	0.0119	0.9861
0	0.0008	0.0001	0.0009	0	0.0001	0.0117	0.9864
0	0.0008	0.0001	0.0008	0	0.0001	0.0115	0.9867
0	0.0008	0.0001	0.0008	0	0.0001	0.0113	0.987
0	0.0008	0.0001	0.0007	0	0.0001	0.011	0.9873
0	0.0008	0.0001	0.0007	0	0.0001	0.0107	0.9876
0	0.0008	0.0001	0.0006	0	0.0001	0.0104	0.988
0	0.0008	0.0001	0.0005	0	0.0001	0.0101	0.9884
0	0.0008	0.0001	0.0005	0	0.0001	0.0097	0.9888
0	0.0008	0.0001	0.0005	0	0.0001	0.0093	0.9892
0	0.0008	0.0001	0.0004	0	0.0001	0.0088	0.9897
0	0.0008	0.0001	0.0004	0	0.0001	0.0083	0.9903
0	0.0008	0.0001	0.0003	0	0.0001	0.0078	0.9908
0	0.0008	0	0.0003	0	0.0001	0.0072	0.9915
0	0.0008	0	0.0003	0	0.0001	0.0066	0.9921
0	0.0008	0	0.0002	0	0.0002	0.0058	0.9929
0	0.0008	0	0.0002	0	0.0002	0.0051	0.9937
0	0.0008	0	0.0001	0	0.0002	0.0042	0.9946
0	0.0008	0	0.0001	0	0.0002	0.0033	0.9955
0	0.0007	0	0.0001	0	0.0002	0.0023	0.9966
0	0.0006	0	0.0001	0	0.0002	0.0013	0.9978
0	0.0004	0	0	0	0	0.0003	0.9992
0	0.0005	0	0	0	0	0.0003	0.9991
0	0.0006	0	0	0	0	0.0003	0.999
0	0.0006	0	0	0	0	0.0003	0.999
0	0.0006	0	0	0	0	0.0003	0.999
0	0.0006	0	0	0	0	0.0002	0.9991
0	0.0006	0	0	0	0	0.0002	0.9991
0	0.0006	0	0	0	0	0.0002	0.9991
0	0.0006	0	0	0	0	0.0002	0.9992
0	0.0006	0	0	0	0	0.0001	0.9992
0	0.0005	0	0	0	0	0.0001	0.9993
0	0.0004	0	0	0	0	0	0.9995
0	0.0003	0	0	0	0	0	0.9997
0	0.0004	0	0	0	0	0	0.9995
0	0.0005	0	0	0	0	0	0.9994
0	0.0005	0	0	0	0	0	0.9994
0	0.0005	0	0	0	0	0	0.9994
0	0.0005	0	0	0	0	0	0.9994
0	0.0004	0	0	0	0	0	0.9995
0	0.0003	0	0	0	0	0	0.9997
0	0.0004	0	0	0	0	0	0.9995
0	0.0005	0	0	0	0	0	0.9994
0	0.0005	0	0	0	0	0	0.9994
0	0.0005	0	0	0	0	0	0.9994
0	0.0005	0	0	0	0	0	0.9994
0	0.0005	0	0	0	0	0	0.9994
0	0.0004	0	0	0	0	0	0.9995
0	0.0003	0	0	0	0	0	0.9997
0	0.0004	0	0	0	0	0	0.9996
0	0.0004	0	0	0	0	0	0.9995
0	0.0004	0	0	0	0	0	0.9996
0	0.0003	0	0	0	0	0	0.9997
0	0.0004	0	0	0	0	0	0.9996
0	0.0004	0	0	0	0	0	0.9995
0	0.0004	0	0	0	0	0	0.9996
0	0.0003	0	0	0	0	0	0.9997
0	0.0004	0	0	0	0	0	0.9996
0	0.0005	0	0	0	0	0	0.9995
0	0.0005	0	0	0	0	0	0.9995
0	0.0004	0	0	0	0	0	0.9996
0	0.0003	0	0	0	0	0	0.9997
0	0.0004	0	0	0	0	0	0.9996
0	0.0004	0	0	0	0	0	0.9996
0	0.0003	0	0	0	0	0	0.9997
0	0.0004	0	0	0	0	0	0.9996
0	0.0005	0	0	0	0	0	0.9995
0	0.0005	0	0	0	0	0	0.9995
0	0.0004	0	0	0	0	0	0.9995
0	0.0003	0	0	0	0	0	0.9996
0	0.0006	0	0	0	0	0	0.9994
0	0.0008	0	0	0	0	0	0.9991
0	0.0012	0	0	0	0	0	0.9987
0	0.0019	0	0	0	0	0	0.998
0	0.0051	0	0.0001	0.0001	0.0001	0.0001	0.9945
0	0.0102	0	0.0001	0.0006	0.0003	0.0001	0.9886
0	0.0161	0.0001	0.0002	0.0029	0.0024	0.0002	0.9782
0	0.0032	0	0.0001	0.017	0.0265	0	0.9532
0	0.0056	0.0001	0.0007	0.0031	0.0025	0.0008	0.9873
0	0.0038	0	0.0007	0.0008	0.0003	0.0008	0.9935
0	0.0025	0	0.0006	0.0003	0.0001	0.0008	0.9957
0	0.0017	0	0.0006	0.0002	0.0001	0.0007	0.9968
0	0.0013	0	0.0005	0.0001	0	0.0007	0.9974
0	0.001	0	0.0004	0.0001	0	0.0006	0.9979
0	0.0009	0	0.0003	0.0001	0	0.0005	0.9982
0	0.0008	0	0.0002	0.0001	0	0.0004	0.9985
0	0.0007	0	0.0002	0	0.0001	0.0003	0.9988
0	0.0006	0	0.0001	0	0	0.0001	0.9991
0	0.0004	0	0.0001	0	0	0	0.9995
0	0.0005	0	0.0001	0	0	0	0.9994
0	0.0006	0	0.0001	0	0	0	0.9993
0	0.0006	0	0.0001	0	0	0	0.9993
0	0.0006	0	0.0001	0	0	0	0.9993
0	0.0006	0	0	0	0	0	0.9993
0	0.0006	0	0	0	0	0	0.9993
0	0.0006	0	0	0	0	0	0.9993
0	0.0005	0	0	0	0	0	0.9994
0	0.0004	0	0	0	0	0	0.9995
0	0.0003	0	0	0	0	0	0.9997
0	0.0004	0	0	0	0	0	0.9995
0	0.0005	0	0	0	0	0	0.9994
0	0.0006	0	0	0	0	0	0.9993
0	0.0006	0	0	0	0	0	0.9993
0	0.0006	0	0	0	0	0	0.9993
0	0.0006	0	0	0	0	0	0.9993
0	0.0006	0	0	0	0	0	0.9993
0	0.0006	0	0	0	0	0	0.9993
0	0.0006	0	0	0	0	0	0.9994
0	0.0005	0	0	0	0	0	0.9994
0	0.0004	0	0	0	0	0	0.9995
0	0.0003	0	0	0	0	0	0.9997
0	0.0004	0	0	0	0	0	0.9995
0	0.0005	0	0	0	0	0	0.9994
0	0.0006	0	0	0	0	0	0.9994
0	0.0006	0	0	0	0	0	0.9993
0	0.0006	0	0	0	0	0	0.9993
0	0.0006	0	0	0	0	0	0.9993
0	0.0006	0	0	0	0	0	0.9993
0	0.0005	0	0	0	0	0	0.9994
0	0.0005	0	0	0	0	0	0.9994
0	0.0004	0	0	0	0	0	0.9995
0	0.0003	0	0	0	0	0	0.9997
0	0.0004	0	0	0	0	0	0.9995
0	0.0005	0	0	0	0	0	0.9994
0	0.0005	0	0	0	0	0	0.9994
0	0.0005	0	0	0	0	0	0.9994
0	0.0005	0	0	0	0	0	0.9994
0	0.0005	0	0	0	0	0	0.9994
0	0.0004	0	0	0	0	0	0.9995
0	0.0003	0	0	0	0	0	0.9997
0	0.0004	0	0	0	0	0	0.9996
0	0.0004	0	0	0	0	0	0.9995
0	0.0004	0	0	0	0	0	0.9996
0	0.0003	0	0	0	0	0	0.9997
0	0.0004	0	0	0	0	0	0.9995
0	0.0005	0	0	0	0	0	0.9994
0	0.0005	0	0	0	0	0	0.9994
0	0.0005	0	0	0	0	0	0.9994
0	0.0005	0	0	0	0	0	0.9994
0	0.0005	0	0	0	0	0	0.9994
0	0.0004	0	0	0	0	0	0.9995
0	0.0003	0	0	0	0	0	0.9997
0	0.0004	0	0	0	0	0	0.9995
0	0.0005	0	0	0	0	0	0.9994
0	0.0006	0	0	0	0	0	0.9993
0	0.0006	0	0	0	0	0	0.9993
0	0.0006	0	0	0	0	0	0.9993
0	0.0006	0	0	0	0	0	0.9993
0	0.0006	0	0	0	0	0	0.9993
0	0.0006	0	0	0	0	0	0.9993
0	0.0006	0	0	0	0	0	0.9993
0	0.0006	0	0	0	0	0	0.9993
0	0.0005	0	0	0	0	0	0.9994
0	0.0004	0	0	0	0	0	0.9995
0	0.0003	0	0	0	0	0	0.9997
0	0.0004	0	0	0	0	0	0.9995
0	0.0005	0	0	0	0	0	0.9994
0	0.0006	0	0	0	0	0	0.9994
0	0.0006	0	0	0	0	0	0.9993
0	0.0006	0	0	0	0	0	0.9993
0	0.0006	0	0	0	0	0	0.9993
0	0.0006	0	0	0	0	0	0.9993
0	0.0006	0	0	0	0	0	0.9994
0	0.0005	0	0	0	0	0	0.9994
0	0.0004	0	0	0	0	0	0.9995
0	0.0003	0	0	0	0	0	0.9997
0	0.0004	0	0	0	0	0	0.9995
0	0.0005	0	0	0	0	0	0.9994
0	0.0005	0	0	0	0	0	0.9994
0	0.0005	0	0	0	0	0	0.9994
0	0.0005	0	0	0	0	0	0.9994
0	0.0005	0	0	0	0	0	0.9994
0	0.0004	0	0	0	0	0	0.9995
0	0.0003	0	0	0	0	0	0.9997
0	0.0004	0	0	0	0	0	0.9995
0	0.0005	0	0	0	0	0	0.9994
0	0.0005	0	0	0	0	0	0.9994
0	0.0005	0	0	0	0	0	0.9994
0	0.0005	0	0	0	0	0	0.9994
0	0.0005	0	0	0	0	0	0.9994
0	0.0004	0	0	0	0	0	0.9995
0	0.0003	0	0	0	0	0	0.9997
0	0.0004	0	0	0	0	0	0.9995
0	0.0005	0	0	0	0	0	0.9994
0	0.0006	0	0	0	0	0	0.9994
0	0.0006	0	0	0	0	0	0.9993
0	0.0006	0	0	0	0	0	0.9993
0	0.0006	0	0	0	0	0	0.9993
0	0.0006	0	0	0	0	0	0.9993
0	0.0006	0	0	0	0	0	0.9994
0	0.0005	0	0	0	0	0	0.9994
0	0.0004	0	0	0	0	0	0.9995
0	0.0003	0	0	0	0	0	0.9997
0	0.0004	0	0	0	0	0	0.9995
0	0.0005	0	0	0	0	0	0.9994
0	0.0006	0	0	0	0	0.0001	0.9993
0	0.0006	0	0	0	0	0.0001	0.9992
0	0.0006	0	0	0	0	0.0001	0.9992
0	0.0006	0	0	0	0	0.0001	0.9992
0	0.0006	0	0	0	0	0.0001	0.9992
0	0.0006	0	0.0001	0	0	0.0001	0.9992
0	0.0006	0	0.0001	0	0	0.0001	0.9991
0	0.0006	0	0.0001	0	0	0.0001	0.9991
0	0.0006	0	0.0001	0	0	0.0001	0.9991
0	0.0006	0	0.0001	0	0	0.0001	0.9991
0	0.0006	0	0.0001	0	0	0.0001	0.9991
0	0.0006	0	0.0001	0	0	0.0001	0.9992
0	0.0006	0	0	0	0	0.0001	0.9992
0	0.0006	0	0	0	0	0.0001	0.9992
0	0.0006	0	0	0	0	0.0001	0.9992
0	0.0006	0	0	0	0	0.0001	0.9992
0	0.0006	0	0	0	0	0.0001	0.9993
0	0.0005	0	0	0	0	0	0.9994
0	0.0004	0	0	0	0	0	0.9995
0	0.0003	0	0	0	0	0	0.9997
0	0.0004	0	0	0	0	0	0.9995
0	0.0005	0	0	0	0	0	0.9994
0	0.0006	0	0	0	0	0	0.9993
0	0.0006	0	0	0	0	0	0.9993
0	0.0006	0	0	0	0	0	0.9993
0	0.0006	0	0	0	0	0	0.9993
0	0.0006	0	0	0	0	0	0.9993
0	0.0006	0	0	0	0	0	0.9993
0	0.0006	0	0	0	0	0	0.9993
0	0.0005	0	0	0	0	0	0.9994
0	0.0004	0	0	0	0	0	0.9995
0	0.0003	0	0	0	0	0	0.9997
0	0.0005	0	0	0	0	0	0.9994
0	0.0005	0	0	0	0	0.0001	0.9993
0	0.0006	0	0	0	0	0.0001	0.9992
0	0.0006	0	0	0	0	0.0001	0.9992
0	0.0006	0	0	0	0	0.0001	0.9991
0	0.0006	0	0.0001	0	0	0.0002	0.9991
0	0.0006	0	0.0001	0	0	0.0002	0.9991
0	0.0006	0	0.0001	0	0	0.0002	0.9991
0	0.0006	0	0.0001	0	0	0.0002	0.9991
0	0.0006	0	0.0001	0	0	0.0002	0.999
0	0.0006	0	0.0001	0	0	0.0002	0.999
0	0.0006	0	0.0001	0	0	0.0002	0.999
0	0.0006	0	0.0001	0	0	0.0002	0.999
0	0.0006	0	0.0001	0	0	0.0002	0.999
0	0.0006	0	0.0001	0	0	0.0002	0.999
0	0.0006	0	0.0001	0	0	0.0002	0.999
0	0.0006	0	0.0001	0	0	0.0002	0.9991
0	0.0006	0	0.0001	0	0	0.0002	0.9991
0	0.0006	0	0.0001	0	0	0.0002	0.9991
0	0.0006	0	0.0001	0	0	0.0002	0.9991
0	0.0006	0	0	0	0	0.0001	0.9991
0	0.0006	0	0	0	0	0.0001	0.9992
0	0.0006	0	0	0	0	0.0001	0.9992
0	0.0005	0	0	0	0	0.0001	0.9993
0	0.0004	0	0	0	0	0	0.9995
0	0.0003	0	0	0	0	0	0.9997
0	0.0004	0	0	0	0	0	0.9995
0	0.0005	0	0	0	0	0	0.9994
0	0.0006	0	0	0	0	0	0.9993
0	0.0006	0	0	0	0	0	0.9993
0	0.0006	0	0	0	0	0	0.9993
0	0.0006	0	0	0	0	0	0.9993
0	0.0006	0	0	0	0	0	0.9993
0	0.0006	0	0	0	0	0	0.9993
0	0.0006	0	0	0	0	0	0.9994
0	0.0005	0	0	0	0	0	0.9994
0	0.0004	0	0	0	0	0	0.9995
0	0.0003	0	0	0	0	0	0.9997
0	0.0004	0	0	0	0	0	0.9995
0	0.0005	0	0	0	0	0	0.9995
0	0.0005	0	0	0	0	0	0.9995
0	0.0004	0	0	0	0	0	0.9995
0	0.0003	0	0	0	0	0	0.9997
0	0.0004	0	0	0	0	0	0.9995
0	0.0005	0	0	0	0	0	0.9994
0	0.0006	0	0	0	0	0	0.9993
0	0.0006	0	0	0	0	0	0.9993
0	0.0006	0	0	0	0	0	0.9993
0	0.0006	0	0	0	0	0	0.9993
0	0.0006	0	0	0	0	0	0.9993
0	0.0006	0	0	0	0	0	0.9993
0	0.0006	0	0	0	0	0	0.9993
0	0.0006	0	0	0	0	0	0.9993
0	0.0006	0	0	0	0	0	0.9993
0	0.0005	0	0	0	0	0	0.9994
0	0.0004	0	0	0	0	0	0.9995
0	0.0003	0	0	0	0	0	0.9997
0	0.0005	0	0	0	0	0.0001	0.9994
0	0.0005	0	0	0	0	0.0001	0.9993
0	0.0006	0	0	0	0	0.0001	0.9992
0	0.0006	0	0	0	0	0.0002	0.9991
0	0.0006	0	0	0	0	0.0002	0.9991
0	0.0006	0	0.0001	0	0	0.0002	0.999
0	0.0006	0	0.0001	0	0	0.0003	0.999
0	0.0006	0	0.0001	0	0	0.0003	0.999
0	0.0006	0	0.0001	0	0	0.0003	0.9989
0	0.0006	0	0.0001	0	0	0.0003	0.9989
0	0.0006	0	0.0001	0	0	0.0003	0.9989
0	0.0006	0	0.0001	0	0	0.0003	0.9989
0	0.0006	0	0.0001	0	0	0.0004	0.9989
0	0.0006	0	0.0001	0	0	0.0004	0.9989
0	0.0006	0	0.0001	0	0	0.0004	0.9989
0	0.0006	0	0.0001	0	0	0.0004	0.9989
0	0.0006	0	0.0001	0	0	0.0003	0.9989
0	0.0006	0	0.0001	0	0	0.0003	0.9989
0	0.0006	0	0.0001	0	0	0.0003	0.9989
0	0.0006	0	0.0001	0	0	0.0003	0.9989
0	0.0006	0	0.0001	0	0	0.0003	0.9989
0	0.0006	0	0.0001	0	0	0.0003	0.999
0	0.0006	0	0.0001	0	0	0.0003	0.999
0	0.0006	0	0.0001	0	0	0.0002	0.999
0	0.0006	0	0	0	0	0.0002	0.9991
0	0.0006	0	0	0	0	0.0002	0.9991
0	0.0006	0	0	0	0	0.0001	0.9992
0	0.0005	0	0	0	0	0.0001	0.9993
0	0.0004	0	0	0	0	0.0001	0.9994
0	0.0003	0	0	0	0	0	0.9997
0	0.0004	0	0	0	0	0	0.9995
0	0.0005	0	0	0	0	0	0.9994
0	0.0005	0	0	0	0	0	0.9994
0	0.0006	0	0	0	0	0	0.9994
0	0.0005	0	0	0	0	0	0.9994
0	0.0005	0	0	0	0	0	0.9994
0	0.0004	0	0	0	0	0	0.9995
0	0.0003	0	0	0	0	0	0.9997
0	0.0004	0	0	0	0	0	0.9995
0	0.0005	0	0	0	0	0.0001	0.9993
0	0.0006	0	0	0	0	0.0001	0.9992
0	0.0006	0	0	0	0	0.0001	0.9992
0	0.0006	0	0	0	0	0.0001	0.9992
0	0.0006	0	0	0	0	0.0002	0.9991
0	0.0006	0	0.0001	0	0	0.0002	0.9991
0	0.0006	0	0.0001	0	0	0.0002	0.9991
0	0.0006	0	0.0001	0	0	0.0002	0.9991
0	0.0006	0	0.0001	0	0	0.0002	0.999
0	0.0006	0	0.0001	0	0	0.0002	0.999
0	0.0006	0	0.0001	0	0	0.0002	0.999
0	0.0006	0	0.0001	0	0	0.0002	0.999
0	0.0006	0	0.0001	0	0	0.0002	0.999
0	0.0006	0	0.0001	0	0	0.0002	0.999
0	0.0006	0	0.0001	0	0	0.0002	0.9991
0	0.0006	0	0.0001	0	0	0.0002	0.9991
0	0.0006	0	0.0001	0	0	0.0002	0.9991
0	0.0006	0	0.0001	0	0	0.0002	0.9991
0	0.0006	0	0	0	0	0.0002	0.9991
0	0.0006	0	0	0	0	0.0001	0.9992
0	0.0006	0	0	0	0	0.0001	0.9992
0	0.0006	0	0	0	0	0.0001	0.9993
0	0.0005	0	0	0	0	0.0001	0.9993
0	0.0004	0	0	0	0	0	0.9995
0	0.0003	0	0	0	0	0	0.9997
0	0.0004	0	0	0	0	0	0.9995
0	0.0005	0	0	0	0	0	0.9994
0	0.0005	0	0	0	0	0	0.9994
0	0.0005	0	0	0	0	0	0.9995
0	0.0004	0	0	0	0	0	0.9995
0	0.0003	0	0	0	0	0	0.9997
0	0.0004	0	0	0	0	0	0.9995
0	0.0005	0	0	0	0	0	0.9995
0	0.0005	0	0	0	0	0	0.9995
0	0.0004	0	0	0	0	0	0.9996
0	0.0003	0	0	0	0	0	0.9997
0	0.0004	0	0	0	0	0	0.9995
0	0.0005	0	0	0	0	0	0.9995
0	0.0005	0	0	0	0	0	0.9995
0	0.0004	0	0	0	0	0	0.9995
0	0.0003	0	0	0	0	0	0.9997
0	0.0004	0	0	0	0	0	0.9995
0	0.0005	0	0	0	0	0	0.9994
0	0.0006	0	0	0	0	0	0.9993
0	0.0006	0	0	0	0	0	0.9993
0	0.0006	0	0	0	0	0	0.9993
0	0.0006	0	0	0	0	0	0.9993
0	0.0007	0	0	0	0	0	0.9992
0	0.0007	0	0	0	0	0	0.9992
0	0.0008	0	0	0	0	0	0.9991
0	0.001	0	0	0	0	0	0.9989
0	0.0014	0	0	0	0	0	0.9986
0	0.0021	0	0	0.0006	0.0011	0	0.9963
0	0.0014	0	0	0.0002	0.0001	0.0001	0.9981
0	0.0011	0	0.0001	0.0001	0	0.0001	0.9987
0	0.0008	0	0.0001	0.0001	0	0.0001	0.9989
0	0.0007	0	0.0001	0.0001	0	0.0001	0.9991
0	0.0006	0	0	0	0	0.0001	0.9992
0	0.0006	0	0	0	0	0.0001	0.9993
0	0.0005	0	0	0	0	0.0001	0.9994
0	0.0003	0	0	0	0	0.0001	0.9996
0	0.0005	0	0	0	0	0.0002	0.9992
0	0.0005	0	0	0	0	0.0004	0.999
0	0.0006	0	0.0001	0	0	0.0005	0.9988
0	0.0006	0	0.0001	0	0	0.0006	0.9986
0	0.0006	0	0.0001	0	0	0.0007	0.9985
0	0.0006	0	0.0001	0	0	0.0008	0.9983
0	0.0006	0	0.0001	0	0	0.0009	0.9982
0	0.0006	0	0.0001	0	0	0.001	0.9981
0	0.0006	0	0.0001	0	0	0.0011	0.998
0	0.0006	0	0.0001	0	0	0.0012	0.998
0	0.0006	0	0.0001	0	0	0.0013	0.9979
0	0.0006	0	0.0001	0	0	0.0013	0.9978
0	0.0006	0	0.0001	0	0	0.0014	0.9978
0	0.0006	0	0.0002	0	0	0.0014	0.9977
0	0.0006	0	0.0002	0	0	0.0014	0.9977
0	0.0006	0	0.0002	0	0	0.0015	0.9976
0	0.0006	0	0.0002	0	0	0.0015	0.9976
0	0.0006	0	0.0002	0	0	0.0015	0.9976
0	0.0006	0	0.0002	0	0	0.0015	0.9976
0	0.0006	0	0.0002	0	0	0.0015	0.9975
0	0.0006	0	0.0002	0	0	0.0015	0.9975
0	0.0007	0	0.0002	0	0	0.0015	0.9975
0	0.0007	0	0.0002	0	0	0.0015	0.9975
0	0.0007	0	0.0002	0	0	0.0015	0.9975
0	0.0007	0	0.0002	0	0	0.0015	0.9975
0	0.0007	0	0.0002	0	0	0.0015	0.9975
0	0.0007	0	0.0002	0	0	0.0015	0.9976
0	0.0007	0	0.0002	0	0	0.0014	0.9976
0	0.0007	0	0.0002	0	0	0.0014	0.9976
0	0.0007	0	0.0002	0	0	0.0014	0.9977
0	0.0007	0	0.0002	0	0	0.0013	0.9977
0	0.0007	0	0.0003	0	0	0.0013	0.9977
0	0.0007	0	0.0003	0	0	0.0012	0.9978
0	0.0007	0	0.0003	0	0	0.0011	0.9979
0	0.0007	0	0.0003	0	0	0.001	0.9979
0	0.0007	0	0.0003	0	0	0.001	0.998
0	0.0007	0	0.0003	0	0	0.0009	0.9981
0	0.0006	0	0.0003	0	0	0.0008	0.9982
0	0.0006	0	0.0003	0	0	0.0006	0.9984
0	0.0006	0	0.0003	0	0	0.0005	0.9985
0	0.0005	0	0.0003	0	0	0.0004	0.9988
0	0.0007	0	0.0004	0	0	0.0005	0.9984
0	0.0009	0	0.0005	0	0	0.0005	0.998
0	0.001	0	0.0006	0.0001	0	0.0006	0.9976
0	0.0012	0	0.0008	0.0001	0	0.0006	0.9973
0	0.0015	0	0.001	0.0001	0	0.0007	0.9968
0	0.0019	0	0.0011	0.0001	0	0.0007	0.9961
0	0.0028	0	0.0013	0.0001	0	0.0008	0.995
0	0.0044	0	0.0015	0.0001	0	0.0008	0.9931
0	0.0077	0	0.0016	0.0001	0.0001	0.0008	0.9896
0	0.0191	0.0004	0.0022	0.0006	0.0012	0.0032	0.9732
0	0.0359	0.001	0.0032	0.0029	0.0077	0.0056	0.9437
0	0.0482	0.0018	0.0039	0.0142	0.0808	0.0071	0.844
0	0	0	0	0.0572	0.9137	0	0.0291
0	0.0163	0.0073	0.0155	0.0099	0.08	0.1742	0.6968
0	0.0121	0.0054	0.016	0.0025	0.0076	0.1892	0.7672
0	0.0081	0.0036	0.0151	0.001	0.0013	0.1904	0.7806
0	0.0057	0.0024	0.0141	0.0006	0.0007	0.1897	0.7869
0	0.0042	0.0016	0.0131	0.0004	0.0006	0.1884	0.7917
0	0.0031	0.0009	0.0123	0.0002	0.0006	0.1868	0.796
0	0.0023	0.0004	0.0117	0.0001	0.0006	0.1848	0.8001
0	0.0017	0.0007	0.0114	0.0002	0.0004	0.1868	0.7989
0	0.0014	0.0008	0.0111	0.0001	0.0004	0.1885	0.7977
0	0.0012	0.0009	0.0108	0.0001	0.0004	0.1901	0.7965
0	0.0012	0.0009	0.0105	0.0001	0.0003	0.1916	0.7954
0	0.0012	0.0009	0.0103	0.0001	0.0003	0.193	0.7943
0	0.0012	0.0009	0.01	0.0001	0.0003	0.1943	0.7932
0	0.0014	0.0008	0.0098	0.0001	0.0003	0.1955	0.7922
0	0.0018	0.0006	0.0095	0.0001	0.0004	0.1965	0.791
0	0.0025	0.0003	0.0091	0.0001	0.0015	0.1973	0.7892
0	0.0029	0.0018	0.0081	0.0004	0.0086	0.2553	0.7229
0	0.0029	0.003	0.0073	0.0005	0.0085	0.3154	0.6623
0	0.0028	0.0038	0.0066	0.0005	0.0079	0.3716	0.6068
0	0.0026	0.0042	0.0061	0.0005	0.0073	0.4234	0.5559
0	0.0025	0.0045	0.0055	0.0005	0.0067	0.471	0.5094
0	0.0023	0.0046	0.0051	0.0004	0.0062	0.5148	0.4667
0	0.0021	0.0047	0.0046	0.0004	0.0057	0.555	0.4276
0	0.0019	0.0047	0.0042	0.0004	0.0052	0.5918	0.3917
0	0.0018	0.0047	0.0039	0.0003	0.0048	0.6256	0.3589
0	0.0016	0.0046	0.0036	0.0003	0.0045	0.6566	0.3288
0	0.0015	0.0046	0.0033	0.0003	0.0041	0.685	0.3013
0	0.0014	0.0045	0.003	0.0003	0.0038	0.711	0.2761
0	0.0012	0.0045	0.0027	0.0002	0.0035	0.7349	0.2529
0	0.0011	0.0044	0.0025	0.0002	0.0032	0.7567	0.2317
0	0.001	0.0044	0.0023	0.0002	0.003	0.7767	0.2123
0	0.001	0.0044	0.0021	0.0002	0.0028	0.7951	0.1945
0	0.0009	0.0043	0.0019	0.0002	0.0026	0.8119	0.1782
0	0.0008	0.0043	0.0018	0.0002	0.0024	0.8273	0.1633
0	0.0007	0.0043	0.0016	0.0001	0.0022	0.8414	0.1496
0	0.0007	0.0042	0.0015	0.0001	0.0021	0.8543	0.1371
0	0.0006	0.0042	0.0014	0.0001	0.0019	0.8662	0.1256
0	0.0006	0.0042	0.0012	0.0001	0.0018	0.877	0.1151
0	0.0005	0.0042	0.0011	0.0001	0.0017	0.887	0.1054
0	0.0005	0.0041	0.001	0.0001	0.0015	0.8961	0.0966
0	0.0004	0.0041	0.001	0.0001	0.0014	0.9044	0.0885
0	0.0004	0.0041	0.0009	0.0001	0.0014	0.9121	0.0811
0	0.0004	0.0041	0.0008	0.0001	0.0013	0.9191	0.0743
0	0.0003	0.0041	0.0007	0.0001	0.0012	0.9255	0.0681
0	0.0003	0.0041	0.0007	0.0001	0.0011	0.9314	0.0624
0	0.0003	0.004	0.0006	0.0001	0.0011	0.9368	0.0572
0	0.0003	0.004	0.0006	0.0001	0.001	0.9417	0.0524
0	0.0002	0.004	0.0005	0	0.0009	0.9462	0.048
0	0.0002	0.004	0.0005	0	0.0009	0.9504	0.044
0	0.0002	0.004	0.0004	0	0.0008	0.9542	0.0403
0	0.0002	0.004	0.0004	0	0.0008	0.9577	0.0369
0	0.0002	0.004	0.0004	0	0.0008	0.9608	0.0338
0	0.0002	0.004	0.0003	0	0.0007	0.9638	0.031
0	0.0001	0.004	0.0003	0	0.0007	0.9664	0.0284
0	0.0001	0.004	0.0003	0	0.0007	0.9689	0.026
0	0.0001	0.004	0.0003	0	0.0006	0.9711	0.0239
0	0.0001	0.004	0.0002	0	0.0006	0.9732	0.0219
0	0.0001	0.004	0.0002	0	0.0006	0.9751	0.02
0	0.0001	0.0039	0.0002	0	0.0006	0.9768	0.0184
0	0.0001	0.0039	0.0002	0	0.0005	0.9784	0.0168
0	0.0001	0.0039	0.0002	0	0.0005	0.9798	0.0154
0	0.0001	0.0039	0.0002	0	0.0005	0.9812	0.0141
0	0.0001	0.0039	0.0002	0	0.0005	0.9824	0.0129
0	0.0001	0.0039	0.0001	0	0.0005	0.9835	0.0119
0	0.0001	0.0039	0.0001	0	0.0005	0.9845	0.0109
0	0.0001	0.0039	0.0001	0	0.0005	0.9855	0.01
0	0.0001	0.0039	0.0001	0	0.0005	0.9863	0.0091
0	0	0.0039	0.0001	0	0.0004	0.9871	0.0084
0	0	0.0039	0.0001	0	0.0004	0.9878	0.0077
0	0	0.0039	0.0001	0	0.0004	0.9885	0.007
0	0	0.0039	0.0001	0	0.0004	0.9891	0.0065
0	0	0.0039	0.0001	0	0.0004	0.9896	0.0059
0	0	0.0039	0.0001	0	0.0004	0.9901	0.0054
0	0	0.0039	0.0001	0	0.0004	0.9906	0.005
0	0	0.0039	0.0001	0	0.0004	0.991	0.0046
0	0	0.0039	0.0001	0	0.0004	0.9914	0.0042
0	0	0.0039	0.0001	0	0.0004	0.9918	0.0038
0	0	0.0039	0.0001	0	0.0004	0.9921	0.0035
0	0	0.0039	0	0	0.0004	0.9924	0.0032
0	0	0.0039	0	0	0.0004	0.9927	0.003
0	0	0.0039	0	0	0.0004	0.9929	0.0027
0	0	0.0039	0	0	0.0004	0.9932	0.0025
0	0	0.0039	0	0	0.0004	0.9934	0.0023
0	0	0.0039	0	0	0.0004	0.9936	0.0021
0	0	0.0039	0	0	0.0004	0.9938	0.0019
0	0	0.0039	0	0	0.0004	0.9939	0.0018
0	0	0.0039	0	0	0.0004	0.9941	0.0016
0	0	0.0039	0	0	0.0004	0.9942	0.0015
0	0	0.0039	0	0	0.0004	0.9943	0.0014
0	0	0.0039	0	0	0.0004	0.9944	0.0013
0	0	0.0039	0	0	0.0004	0.9945	0.0012
0	0	0.0039	0	0	0.0004	0.9946	0.0011
0	0	0.0039	0	0	0.0003	0.9947	0.001
0	0	0.0039	0	0	0.0003	0.9948	0.0009
0	0	0.0039	0	0	0.0003	0.9949	0.0008
0	0	0.0039	0	0	0.0003	0.995	0.0008
0	0	0.0039	0	0	0.0003	0.995	0.0007
0	0	0.0039	0	0	0.0003	0.9951	0.0006
0	0	0.0039	0	0	0.0003	0.9951	0.0006
0	0	0.0039	0	0	0.0003	0.9952	0.0006
0	0	0.0039	0	0	0.0003	0.9952	0.0005
0	0	0.0039	0	0	0.0003	0.9953	0.0005
0	0	0.0039	0	0	0.0003	0.9953	0.0004
0	0	0.0039	0	0	0.0003	0.9953	0.0004
0	0	0.0039	0	0	0.0003	0.9954	0.0004
0	0	0.0039	0	0	0.0003	0.9954	0.0003
0	0	0.0039	0	0	0.0003	0.9954	0.0003
0	0	0.0039	0	0	0.0003	0.9954	0.0003
0	0	0.0039	0	0	0.0003	0.9955	0.0003
0	0	0.0039	0	0	0.0003	0.9955	0.0003
0	0	0.0039	0	0	0.0003	0.9955	0.0002
0	0	0.0039	0	0	0.0003	0.9955	0.0002
0	0	0.0039	0	0	0.0003	0.9955	0.0002
0	0	0.0039	0	0	0.0003	0.9955	0.0002
0	0	0.0039	0	0	0.0003	0.9956	0.0002
0	0	0.0039	0	0	0.0003	0.9956	0.0002
0	0	0.0039	0	0	0.0003	0.9956	0.0002
0	0	0.0039	0	0	0.0003	0.9956	0.0002
0	0	0.0039	0	0	0.0003	0.9956	0.0001
0	0	0.0039	0	0	0.0003	0.9956	0.0001
0	0	0.0039	0	0	0.0003	0.9956	0.0001
0	0	0.0039	0	0	0.0003	0.9956	0.0001
0	0	0.0039	0	0	0.0003	0.9956	0.0001
0	0	0.0039	0	0	0.0003	0.9956	0.0001
0	0	0.0039	0	0	0.0003	0.9956	0.0001
0	0	0.0039	0	0	0.0003	0.9956	0.0001
0	0	0.0039	0	0	0.0003	0.9956	0.0001
0	0	0.0039	0	0	0.0003	0.9956	0.0001
0	0	0.0039	0	0	0.0003	0.9957	0.0001
0	0	0.0039	0	0	0.0003	0.9957	0.0001
0	0	0.0039	0	0	0.0003	0.9957	0.0001
0	0	0.0039	0	0	0.0003	0.9957	0.0001
0	0	0.0039	0	0	0.0003	0.9957	0.0001
0	0	0.0039	0	0	0.0003	0.9957	0.0001
0	0	0.0039	0	0	0.0003	0.9957	0.0001
0	0	0.0039	0	0	0.0003	0.9957	0.0001
0	0	0.0039	0	0	0.0003	0.9957	0.0001
0	0	0.0039	0	0	0.0003	0.9957	0.0001
0	0	0.0039	0	0	0.0003	0.9957	0.0001
0	0	0.0039	0	0	0.0003	0.9957	0.0001
0	0	0.0039	0	0	0.0003	0.9957	0.0001
0	0	0.0039	0	0	0.0003	0.9957	0.0001
0	0	0.0039	0	0	0.0003	0.9957	0.0001
0	0	0.0039	0	0	0.0003	0.9957	0.0001
0	0	0.0039	0	0	0.0003	0.9957	0.0001
0	0	0.0039	0	0	0.0003	0.9957	0.0001
0	0	0.0039	0	0	0.0003	0.9957	0.0001
0	0	0.0039	0	0	0.0003	0.9957	0.0001
0	0	0.0039	0	0	0.0003	0.9957	0.0001
0	0	0.0039	0	0	0.0003	0.9957	0.0001
0	0	0.0039	0	0	0.0003	0.9957	0.0001
0	0	0.0039	0	0	0.0003	0.9957	0.0001
0	0	0.0039	0	0	0.0003	0.9957	0.0001
0	0	0.0039	0	0	0.0003	0.9957	0.0001
0	0	0.0039	0	0	0.0003	0.9957	0.0001
0	0	0.0039	0	0	0.0003	0.9957	0
0	0	0.0039	0	0	0.0003	0.9957	0
0	0	0.0039	0	0	0.0003	0.9957	0
0	0	0.0039	0	0	0.0003	0.9957	0
0	0	0.0039	0	0	0.0003	0.9957	0
0	0	0.0039	0	0	0.0003	0.9957	0
0	0	0.0039	0	0	0.0003	0.9957	0
0	0	0.0039	0	0	0.0003	0.9957	0
0	0	0.0039	0	0	0.0003	0.9957	0
0	0	0.0039	0	0	0.0003	0.9957	0
0	0	0.0039	0	0	0.0003	0.9957	0
0	0	0.0039	0	0	0.0003	0.9957	0
0	0	0.0039	0	0	0.0003	0.9957	0
0	0	0.0039	0	0	0.0003	0.9957	0
0	0	0.0039	0	0	0.0003	0.9957	0
0	0	0.0039	0	0	0.0003	0.9957	0
0	0	0.0039	0	0	0.0003	0.9957	0
0	0	0.0039	0	0	0.0003	0.9957	0
0	0	0.0039	0	0	0.0003	0.9957	0
0	0	0.0039	0	0	0.0003	0.9957	0
0	0	0.0039	0	0	0.0003	0.9957	0
0	0	0.0039	0	0	0.0003	0.9957	0
0	0	0.0039	0	0	0.0003	0.9957	0
0	0	0.0039	0	0	0.0003	0.9957	0
0	0	0.0039	0	0	0.0003	0.9957	0
0	0	0.0039	0	0	0.0003	0.9957	0
0	0	0.0039	0	0	0.0003	0.9957	0
0	0	0.0039	0	0	0.0003	0.9957	0
0	0	0.0039	0	0	0.0003	0.9957	0
0	0	0.0039	0	0	0.0003	0.9957	0
0	0	0.0039	0	0	0.0003	0.9957	0
0	0	0.0039	0	0	0.0003	0.9957	0
0	0	0.0039	0	0	0.0003	0.9957	0
0	0	0.0039	0	0	0.0003	0.9957	0
0	0	0.0039	0	0	0.0003	0.9957	0
0	0	0.0039	0	0	0.0003	0.9957	0
0	0	0.0039	0	0	0.0003	0.9957	0
0	0	0.0039	0	0	0.0003	0.9957	0
0	0	0.0039	0	0	0.0003	0.9957	0
0	0	0.0039	0	0	0.0003	0.9957	0
0	0	0.0039	0	0	0.0003	0.9957	0
0	0	0.0039	0	0	0.0003	0.9957	0
0	0	0.0039	0	0	0.0003	0.9957	0
0	0	0.0039	0	0	0.0003	0.9957	0
0	0	0.0039	0	0	0.0003	0.9957	0
0	0	0.0039	0	0	0.0003	0.9957	0
0	0	0.0039	0	0	0.0003	0.9957	0
0	0	0.0039	0	0	0.0003	0.9957	0
0	0	0.0039	0	0	0.0003	0.9957	0
0	0	0.0039	0	0	0.0003	0.9957	0
0	0	0.0039	0	0	0.0003	0.9957	0
0	0	0.0039	0	0	0.0003	0.9957	0
0	0	0.0039	0	0	0.0003	0.9957	0
0	0	0.0039	0	0	0.0003	0.9957	0
0	0	0.0039	0	0	0.0003	0.9957	0
0	0	0.0039	0	0	0.0003	0.9957	0
0	0	0.0039	0	0	0.0003	0.9957	0
0	0	0.0039	0	0	0.0003	0.9957	0
0	0	0.0039	0	0	0.0003	0.9957	0
0	0	0.0039	0	0	0.0003	0.9957	0
0	0	0.0039	0	0	0.0003	0.9957	0
0	0	0.0039	0	0	0.0003	0.9957	0
0	0	0.0039	0	0	0.0003	0.9957	0
0	0	0.0039	0	0	0.0003	0.9957	0
0	0	0.0039	0	0	0.0003	0.9957	0
0	0	0.0039	0	0	0.0003	0.9957	0
0	0	0.0039	0	0	0.0003	0.9957	0
0	0	0.0039	0	0	0.0003	0.9957	0
0	0	0.0039	0	0	0.0003	0.9957	0
0	0	0.0039	0	0	0.0003	0.9957	0
0	0	0.0039	0	0	0.0003	0.9957	0
0	0	0.0039	0	0	0.0003	0.9957	0
0	0	0.0039	0	0	0.0003	0.9957	0
0	0	0.0039	0	0	0.0003	0.9957	0
0	0	0.0039	0	0	0.0003	0.9957	0
0	0	0.0039	0	0	0.0003	0.9957	0
0	0	0.0039	0	0	0.0003	0.9957	0
0	0	0.0039	0	0	0.0003	0.9957	0
0	0	0.0039	0	0	0.0003	0.9957	0
0	0	0.0039	0	0	0.0003	0.9957	0
0	0	0.0039	0	0	0.0003	0.9957	0
0	0	0.0039	0	0	0.0003	0.9957	0
0	0	0.0039	0	0	0.0003	0.9957	0
0	0	0.0039	0	0	0.0003	0.9957	0
0	0	0.0039	0	0	0.0003	0.9957	0
0	0	0.0039	0	0	0.0003	0.9957	0
0	0	0.0039	0	0	0.0003	0.9957	0
0	0	0.0039	0	0	0.0003	0.9957	0
0	0	0.0039	0	0	0.0003	0.9957	0
0	0	0.0039	0	0	0.0003	0.9957	0
0	0	0.0039	0	0	0.0003	0.9957	0
0	0	0.0039	0	0	0.0003	0.9957	0
0	0	0.0039	0	0	0.0003	0.9957	0
0	0	0.0039	0	0	0.0003	0.9957	0
0	0	0.0039	0	0	0.0003	0.9957	0
0	0	0.0039	0	0	0.0003	0.9957	0
0	0	0.0039	0	0	0.0003	0.9957	0
0	0	0.0039	0	0	0.0003	0.9957	0
0	0	0.0039	0	0	0.0003	0.9957	0
0	0	0.0039	0	0	0.0003	0.9957	0
0	0	0.0039	0	0	0.0003	0.9957	0
0	0	0.0039	0	0	0.0003	0.9957	0
0	0	0.0039	0	0	0.0003	0.9957	0
0	0	0.0039	0	0	0.0003	0.9957	0
0	0	0.0039	0	0	0.0003	0.9957	0
0	0	0.0039	0	0	0.0003	0.9957	0
0	0	0.0039	0	0	0.0003	0.9957	0
0	0	0.0039	0	0	0.0003	0.9957	0
0	0	0.0039	0	0	0.0003	0.9957	0
0	0	0.0039	0	0	0.0003	0.9957	0
0	0	0.0039	0	0	0.0003	0.9957	0
0	0	0.0039	0	0	0.0003	0.9957	0
0	0	0.0039	0	0	0.0003	0.9957	0
0	0	0.0039	0	0	0.0003	0.9957	0
0	0	0.0039	0	0	0.0003	0.9957	0
0	0	0.0039	0	0	0.0003	0.9957	0
0	0	0.0039	0	0	0.0003	0.9957	0
0	0	0.0039	0	0	0.0003	0.9957	0
0	0	0.0039	0	0	0.0003	0.9957	0
0	0	0.0039	0	0	0.0003	0.9957	0
0	0	0.0039	0	0	0.0003	0.9957	0.0001
0	0	0.0039	0	0	0.0003	0.9957	0.0001
0	0	0.0039	0	0	0.0003	0.9957	0.0001
0	0	0.0039	0	0	0.0003	0.9957	0.0001
0	0	0.0039	0	0	0.0003	0.9957	0.0001
0	0	0.0039	0	0	0.0003	0.9957	0.0001
0	0	0.0039	0	0	0.0003	0.9957	0.0001
0	0	0.0039	0	0	0.0003	0.9957	0.0001
0	0	0.0039	0	0	0.0003	0.9957	0.0001
0	0	0.0039	0	0	0.0003	0.9957	0.0001
0	0	0.0039	0	0	0.0003	0.9957	0.0001
0	0	0.0039	0	0	0.0003	0.9957	0.0001
0	0	0.0039	0	0	0.0003	0.9957	0.0001
0	0	0.0039	0	0	0.0003	0.9957	0.0001
0	0	0.0039	0	0	0.0003	0.9957	0.0001
0	0	0.0039	0	0	0.0003	0.9957	0.0001
0	0	0.0039	0	0	0.0003	0.9957	0.0001
0	0	0.0039	0	0	0.0003	0.9957	0.0001
0	0	0.0039	0	0	0.0003	0.9957	0.0001
0	0	0.0039	0	0	0.0003	0.9956	0.0001
0	0	0.0039	0	0	0.0003	0.9956	0.0001
0	0	0.0039	0	0	0.0003	0.9956	0.0001
0	0	0.0039	0	0	0.0003	0.9956	0.0001
0	0	0.004	0	0	0.0003	0.9956	0.0001
0	0	0.004	0	0	0.0003	0.9955	0.0001
0	0	0.0041	0	0	0.0003	0.9955	0.0001
0	0	0.0042	0	0	0.0003	0.9954	0.0001
0	0	0.0043	0	0	0.0003	0.9952	0.0001
0	0	0.0045	0	0	0.0003	0.995	0.0001
0	0	0.0049	0.0001	0	0.0003	0.9946	0.0001
0	0	0.0054	0.0001	0	0.0003	0.9941	0.0001
0	0	0.0062	0.0001	0	0.0004	0.9932	0.0001
0	0	0.0075	0.0001	0	0.0004	0.9919	0.0001
0	0	0.0096	0.0001	0	0.0004	0.9898	0.0001
0	0	0.0127	0.0001	0	0.0004	0.9866	0.0001
0	0	0.0177	0.0001	0	0.0004	0.9817	0.0001
0	0	0.0254	0.0001	0	0.0005	0.9739	0.0001
0	0.0001	0.0374	0.0001	0	0.0005	0.9618	0.0001
0	0.0001	0.0561	0.0001	0	0.0008	0.9427	0.0002
0	0.0001	0.085	0.0001	0	0.0035	0.911	0.0002
0	0.0001	0.1267	0	0.0001	0.0356	0.8374	0.0001
0	0	0.0838	0.0001	0	0.0039	0.9119	0.0002
0	0	0.0552	0.0002	0	0.0011	0.9433	0.0002
0	0	0.0368	0.0001	0	0.0007	0.9621	0.0002
0	0	0.025	0.0001	0	0.0006	0.9741	0.0001
0	0	0.0174	0.0001	0	0.0005	0.9818	0.0001
0	0	0.0126	0.0001	0	0.0004	0.9867	0.0001
0	0	0.0095	0.0001	0	0.0004	0.9899	0.0001
0	0	0.0075	0.0001	0	0.0004	0.9919	0.0001
0	0	0.0062	0.0001	0	0.0004	0.9932	0.0001
0	0	0.0054	0.0001	0	0.0004	0.9941	0.0001
0	0	0.0049	0.0001	0	0.0003	0.9946	0.0001
0	0	0.0045	0.0001	0	0.0003	0.995	0.0001
0	0	0.0043	0	0	0.0003	0.9952	0.0001
0	0	0.0042	0	0	0.0003	0.9954	0.0001
0	0	0.0041	0	0	0.0003	0.9955	0.0001
0	0	0.004	0	0	0.0003	0.9955	0.0001
0	0	0.004	0	0	0.0003	0.9956	0.0001
0	0	0.0039	0	0	0.0003	0.9956	0.0001
0	0	0.0039	0	0	0.0003	0.9956	0.0001
0	0	0.0039	0	0	0.0003	0.9956	0.0001
0	0	0.0039	0	0	0.0003	0.9956	0.0001
0	0	0.0039	0	0	0.0003	0.9956	0.0001
0	0	0.0039	0	0	0.0003	0.9957	0.0001
0	0	0.0039	0	0	0.0003	0.9957	0.0001
0	0	0.0039	0	0	0.0003	0.9957	0.0001
0	0	0.0039	0	0	0.0003	0.9957	0.0001
0	0	0.0039	0	0	0.0003	0.9957	0.0001
0	0	0.0039	0	0	0.0003	0.9957	0.0001
0	0	0.0039	0	0	0.0003	0.9957	0.0001
0	0	0.0039	0	0	0.0003	0.9957	0.0001
0	0	0.0039	0	0	0.0003	0.9957	0.0001
0	0	0.0039	0	0	0.0003	0.9957	0.0001
0	0	0.0039	0	0	0.0003	0.9957	0.0001
0	0	0.0039	0	0	0.0003	0.9957	0.0001
0	0	0.0039	0	0	0.0003	0.9957	0.0001
0	0	0.0039	0	0	0.0003	0.9957	0.0001
0	0	0.0039	0	0	0.0003	0.9957	0.0001
0	0	0.0039	0	0	0.0003	0.9957	0.0001
0	0	0.0039	0	0	0.0003	0.9957	0.0001
0	0	0.0039	0	0	0.0003	0.9957	0.0001
0	0	0.0039	0	0	0.0003	0.9957	0.0001
0	0	0.0039	0	0	0.0003	0.9957	0.0001
0	0	0.0039	0	0	0.0003	0.9957	0.0001
0	0	0.0039	0	0	0.0003	0.9957	0.0001
0	0	0.0039	0	0	0.0003	0.9957	0.0001
0	0	0.0039	0	0	0.0003	0.9957	0.0001
0	0	0.0039	0	0	0.0003	0.9957	0.0001
0	0	0.0039	0	0	0.0003	0.9957	0.0001
0	0	0.0039	0	0	0.0003	0.9957	0.0001
0	0	0.0039	0	0	0.0003	0.9957	0.0001
0	0	0.0039	0	0	0.0003	0.9957	0.0001
0	0	0.0039	0	0	0.0003	0.9957	0.0001
0	0	0.0039	0	0	0.0003	0.9957	0.0001
0	0	0.0039	0	0	0.0003	0.9957	0.0001
0	0	0.0039	0	0	0.0003	0.9957	0.0001
0	0	0.0039	0	0	0.0003	0.9957	0.0001
0	0	0.0039	0	0	0.0003	0.9956	0.0001
0	0	0.0039	0	0	0.0003	0.9956	0.0001
0	0	0.0039	0	0	0.0003	0.9956	0.0001
0	0	0.0039	0	0	0.0003	0.9956	0.0001
0	0	0.004	0	0	0.0003	0.9956	0.0001
0	0	0.004	0	0	0.0003	0.9955	0.0001
0	0	0.0041	0	0	0.0003	0.9955	0.0001
0	0	0.0042	0	0	0.0003	0.9954	0.0001
0	0	0.0043	0	0	0.0003	0.9952	0.0001
0	0	0.0045	0	0	0.0003	0.995	0.0001
0	0	0.0049	0.0001	0	0.0003	0.9946	0.0001
0	0	0.0054	0.0001	0	0.0003	0.9941	0.0001
0	0	0.0062	0.0001	0	0.0004	0.9932	0.0001
0	0	0.0075	0.0001	0	0.0004	0.9919	0.0001
0	0	0.0096	0.0001	0	0.0004	0.9898	0.0001
0	0	0.0127	0.0001	0	0.0004	0.9866	0.0001
0	0	0.0177	0.0001	0	0.0004	0.9817	0.0001
0	0	0.0254	0.0001	0	0.0005	0.9739	0.0001
0	0.0001	0.0374	0.0001	0	0.0005	0.9618	0.0001
0	0.0001	0.0561	0.0001	0	0.0008	0.9427	0.0002
0	0.0001	0.085	0.0001	0	0.0035	0.911	0.0002
0	0.0001	0.1267	0	0.0001	0.0356	0.8374	0.0001
0	0	0.0838	0.0001	0	0.0039	0.9119	0.0002
0	0	0.0552	0.0002	0	0.0011	0.9433	0.0002
0	0	0.0368	0.0001	0	0.0007	0.9621	0.0002
0	0	0.025	0.0001	0	0.0006	0.9741	0.0002
0	0	0.0174	0.0001	0	0.0005	0.9818	0.0001
0	0	0.0126	0.0001	0	0.0004	0.9867	0.0001
0	0	0.0095	0.0001	0	0.0004	0.9899	0.0001
0	0	0.0075	0.0001	0	0.0004	0.9919	0.0001
0	0	0.0062	0.0001	0	0.0004	0.9932	0.0001
0	0	0.0054	0.0001	0	0.0004	0.9941	0.0001
0	0	0.0049	0.0001	0	0.0003	0.9946	0.0001
0	0	0.0045	0.0001	0	0.0003	0.995	0.0001
0	0	0.0043	0	0	0.0003	0.9952	0.0001
0	0	0.0042	0	0	0.0003	0.9954	0.0001
0	0	0.0041	0	0	0.0003	0.9955	0.0001
0	0	0.004	0	0	0.0003	0.9955	0.0001
0	0	0.004	0	0	0.0003	0.9956	0.0001
0	0	0.0039	0	0	0.0003	0.9956	0.0001
0	0	0.0039	0	0	0.0003	0.9956	0.0001
0	0	0.0039	0	0	0.0003	0.9956	0.0001
0	0	0.0039	0	0	0.0003	0.9956	0.0001
0	0	0.0039	0	0	0.0003	0.9956	0.0001
0	0	0.0039	0	0	0.0003	0.9956	0.0001
0	0	0.0039	0	0	0.0003	0.9957	0.0001
0	0	0.0039	0	0	0.0003	0.9957	0.0001
0	0	0.0039	0	0	0.0003	0.9957	0.0001
0	0	0.0039	0	0	0.0003	0.9957	0.0001
0	0	0.0039	0	0	0.0003	0.9957	0.0001
0	0	0.0039	0	0	0.0003	0.9957	0.0001
0	0	0.0039	0	0	0.0003	0.9957	0.0001
0	0	0.0039	0	0	0.0003	0.9957	0.0001
0	0	0.0039	0	0	0.0003	0.9957	0.0001
0	0	0.0039	0	0	0.0003	0.9957	0.0001
0	0	0.0039	0	0	0.0003	0.9957	0.0001
0	0	0.0039	0	0	0.0003	0.9957	0.0001
0	0	0.0039	0	0	0.0003	0.9957	0.0001
0	0	0.0039	0	0	0.0003	0.9957	0.0001
0	0	0.0039	0	0	0.0003	0.9957	0.0001
0	0	0.0039	0	0	0.0003	0.9957	0.0001
0	0	0.0039	0	0	0.0003	0.9957	0.0001
0	0	0.0039	0	0	0.0003	0.9957	0.0001
0	0	0.0039	0	0	0.0003	0.9957	0.0001
0	0	0.0039	0	0	0.0003	0.9957	0.0001
0	0	0.0039	0	0	0.0003	0.9956	0.0001
0	0	0.0039	0	0	0.0003	0.9956	0.0001
0	0	0.0039	0	0	0.0003	0.9956	0.0001
0	0	0.0039	0	0	0.0003	0.9956	0.0001
0	0	0.0039	0	0	0.0003	0.9956	0.0001
0	0	0.0039	0	0	0.0003	0.9956	0.0001
0	0	0.0039	0	0	0.0003	0.9956	0.0001
0	0	0.0039	0	0	0.0003	0.9956	0.0001
0	0	0.0039	0	0	0.0003	0.9956	0.0001
0	0	0.0039	0	0	0.0003	0.9956	0.0001
0	0	0.0039	0	0	0.0003	0.9956	0.0001
0	0	0.0039	0	0	0.0003	0.9956	0.0001
0	0	0.0039	0	0	0.0003	0.9956	0.0002
0	0	0.0039	0	0	0.0003	0.9956	0.0002
0	0	0.0039	0	0	0.0003	0.9956	0.0002
0	0	0.0039	0	0	0.0003	0.9956	0.0002
0	0	0.0039	0	0	0.0003	0.9955	0.0002
0	0	0.0039	0	0	0.0003	0.9955	0.0002
0	0	0.0039	0	0	0.0003	0.9955	0.0002
0	0	0.0039	0	0	0.0003	0.9955	0.0002
0	0	0.0039	0	0	0.0003	0.9955	0.0003
0	0	0.0039	0	0	0.0003	0.9955	0.0003
0	0	0.0039	0	0	0.0003	0.9954	0.0003
0	0	0.0039	0	0	0.0003	0.9954	0.0003
0	0	0.0039	0	0	0.0003	0.9954	0.0003
0	0	0.0039	0	0	0.0003	0.9954	0.0004
0	0	0.0039	0	0	0.0003	0.9953	0.0004
0	0	0.0039	0	0	0.0003	0.9953	0.0004
0	0	0.0039	0	0	0.0003	0.9953	0.0005
0	0	0.0039	0	0	0.0003	0.9952	0.0005
0	0	0.0039	0	0	0.0003	0.9952	0.0005
0	0	0.0039	0	0	0.0003	0.9951	0.0006
0	0	0.0039	0	0	0.0003	0.9951	0.0006
0	0	0.0039	0	0	0.0003	0.995	0.0007
0	0	0.0039	0	0	0.0003	0.995	0.0007
0	0	0.0039	0	0	0.0003	0.9949	0.0008
0	0	0.0039	0	0	0.0003	0.9948	0.0009
0	0	0.0039	0	0	0.0004	0.9947	0.001
0	0	0.0039	0	0	0.0004	0.9947	0.001
0	0	0.0039	0	0	0.0004	0.9946	0.0011
0	0	0.0039	0	0	0.0004	0.9945	0.0012
0	0	0.0039	0	0	0.0004	0.9943	0.0013
0	0	0.0039	0	0	0.0004	0.9942	0.0015
0	0	0.0039	0	0	0.0004	0.9941	0.0016
0	0	0.0039	0	0	0.0004	0.9939	0.0017
0	0	0.0039	0	0	0.0004	0.9938	0.0019
0	0	0.0039	0	0	0.0004	0.9936	0.002
0	0	0.0039	0	0	0.0004	0.9934	0.0022
0	0.0001	0.0039	0	0	0.0004	0.9932	0.0024
0	0.0001	0.0039	0	0	0.0004	0.993	0.0026
0	0.0001	0.0039	0	0	0.0004	0.9927	0.0029
0	0.0001	0.0039	0	0	0.0004	0.9925	0.0031
0	0.0001	0.0039	0	0	0.0004	0.9922	0.0034
0	0.0001	0.0039	0	0	0.0004	0.9919	0.0037
0	0.0001	0.0039	0	0	0.0004	0.9915	0.0041
0	0.0001	0.0039	0	0	0.0004	0.9911	0.0044
0	0.0001	0.0039	0	0	0.0004	0.9907	0.0048
0	0.0001	0.0039	0	0	0.0004	0.9902	0.0053
0	0.0001	0.0039	0.0001	0	0.0004	0.9897	0.0058
0	0.0001	0.0039	0.0001	0	0.0004	0.9892	0.0063
0	0.0001	0.0039	0.0001	0	0.0004	0.9886	0.0069
0	0.0001	0.0039	0.0001	0	0.0004	0.988	0.0075
0	0.0002	0.0039	0.0001	0	0.0005	0.9873	0.0082
0	0.0002	0.0039	0.0001	0	0.0005	0.9865	0.0089
0	0.0002	0.0039	0.0001	0	0.0005	0.9856	0.0097
0	0.0002	0.0039	0.0001	0	0.0005	0.9847	0.0106
0	0.0002	0.0039	0.0001	0	0.0005	0.9837	0.0116
0	0.0002	0.0039	0.0001	0	0.0005	0.9826	0.0126
0	0.0003	0.0039	0.0001	0	0.0005	0.9814	0.0138
0	0.0003	0.0039	0.0001	0	0.0006	0.9801	0.015
0	0.0003	0.0039	0.0001	0	0.0006	0.9787	0.0164
0	0.0003	0.0039	0.0001	0	0.0006	0.9771	0.0179
0	0.0004	0.0039	0.0001	0	0.0006	0.9755	0.0195
0	0.0004	0.0039	0.0001	0	0.0007	0.9736	0.0213
0	0.0004	0.0039	0.0002	0	0.0007	0.9716	0.0232
0	0.0005	0.0039	0.0002	0	0.0007	0.9694	0.0253
0	0.0005	0.0039	0.0002	0	0.0007	0.967	0.0277
0	0.0006	0.0039	0.0002	0	0.0008	0.9643	0.0302
0	0.0006	0.0039	0.0002	0	0.0008	0.9615	0.0329
0	0.0007	0.0039	0.0002	0	0.0009	0.9584	0.0359
0	0.0007	0.0039	0.0002	0	0.0009	0.9549	0.0392
0	0.0008	0.0039	0.0003	0	0.001	0.9512	0.0428
0	0.0009	0.0039	0.0003	0	0.001	0.9472	0.0467
0	0.001	0.0039	0.0003	0.0001	0.0011	0.9427	0.051
0	0.001	0.0039	0.0003	0.0001	0.0012	0.9379	0.0556
0	0.0011	0.0039	0.0004	0.0001	0.0012	0.9326	0.0607
0	0.0012	0.0039	0.0004	0.0001	0.0013	0.9268	0.0663
0	0.0014	0.0039	0.0004	0.0001	0.0014	0.9205	0.0723
0	0.0015	0.0039	0.0004	0.0001	0.0015	0.9137	0.079
0	0.0016	0.0039	0.0005	0.0001	0.0016	0.9062	0.0862
0	0.0018	0.0039	0.0005	0.0001	0.0017	0.898	0.094
0	0.0019	0.0039	0.0006	0.0001	0.0018	0.8891	0.1026
0	0.0021	0.0038	0.0006	0.0001	0.002	0.8793	0.112
0	0.0023	0.0038	0.0006	0.0001	0.0021	0.8687	0.1223
0	0.0025	0.0038	0.0007	0.0001	0.0023	0.8571	0.1334
0	0.0027	0.0038	0.0007	0.0001	0.0025	0.8445	0.1457
0	0.003	0.0038	0.0008	0.0002	0.0027	0.8307	0.159
0	0.0032	0.0038	0.0008	0.0002	0.0029	0.8156	0.1735
0	0.0035	0.0038	0.0009	0.0002	0.0031	0.7992	0.1894
0	0.0038	0.0038	0.0009	0.0002	0.0034	0.7812	0.2067
0	0.0042	0.0038	0.001	0.0002	0.0036	0.7617	0.2256
0	0.0046	0.0037	0.001	0.0002	0.0039	0.7403	0.2462
0	0.005	0.0037	0.0011	0.0003	0.0043	0.717	0.2687
0	0.0054	0.0037	0.0011	0.0003	0.0046	0.6916	0.2933
0	0.0059	0.0036	0.0012	0.0003	0.005	0.6639	0.3201
0	0.0064	0.0036	0.0012	0.0003	0.0054	0.6336	0.3494
0	0.007	0.0035	0.0012	0.0004	0.0059	0.6006	0.3814
0	0.0076	0.0035	0.0012	0.0004	0.0064	0.5646	0.4163
0	0.0083	0.0034	0.0012	0.0004	0.0069	0.5254	0.4543
0	0.009	0.0032	0.0012	0.0005	0.0075	0.4826	0.4959
0	0.0097	0.0031	0.0012	0.0005	0.0082	0.4361	0.5412
0	0.0105	0.0028	0.0012	0.0005	0.0089	0.3853	0.5908
0	0.0112	0.0025	0.0011	0.0006	0.0096	0.3302	0.6448
0	0.0117	0.002	0.001	0.0006	0.0105	0.2705	0.7038
0	0.0117	0.0013	0.0009	0.0006	0.0113	0.206	0.7682
0	0.0107	0.0003	0.0008	0.0006	0.0114	0.1377	0.8385
0	0.0081	0.0001	0.0007	0.0001	0.0013	0.0742	0.9154
0	0.0045	0.0002	0.0008	0.0004	0.0003	0.0733	0.9204
0	0.0028	0.0002	0.0008	0.0003	0.0002	0.0722	0.9234
0	0.0019	0.0003	0.0008	0.0002	0.0003	0.071	0.9255
0	0.0015	0.0003	0.0008	0.0001	0.0003	0.0697	0.9273
0	0.0013	0.0003	0.0008	0.0001	0.0003	0.0683	0.929
0	0.0012	0.0003	0.0007	0.0001	0.0003	0.0668	0.9306
0	0.0011	0.0003	0.0007	0.0001	0.0003	0.0651	0.9324
0	0.0011	0.0003	0.0006	0.0001	0.0004	0.0632	0.9343
0	0.0011	0.0003	0.0006	0.0001	0.0004	0.0612	0.9363
0	0.0011	0.0003	0.0006	0.0001	0.0004	0.059	0.9384
0	0.0012	0.0003	0.0005	0.0001	0.0005	0.0567	0.9408
0	0.0012	0.0003	0.0005	0.0001	0.0005	0.054	0.9434
0	0.0013	0.0003	0.0005	0.0001	0.0005	0.0512	0.9462
0	0.0013	0.0003	0.0005	0.0001	0.0006	0.0481	0.9492
0	0.0014	0.0003	0.0004	0.0001	0.0006	0.0447	0.9526
0	0.0014	0.0003	0.0004	0.0001	0.0007	0.041	0.9562
0	0.0015	0.0003	0.0004	0.0001	0.0007	0.0369	0.9602
0	0.0015	0.0002	0.0003	0.0001	0.0008	0.0325	0.9645
0	0.0016	0.0002	0.0003	0.0001	0.0009	0.0277	0.9692
0	0.0016	0.0002	0.0003	0.0001	0.0009	0.0226	0.9744
0	0.0015	0.0001	0.0003	0.0001	0.001	0.017	0.98
0	0.0014	0	0.0002	0.0001	0.001	0.011	0.9862
0	0.001	0	0.0002	0	0.0001	0.0055	0.9931
0	0.0009	0	0.0003	0.0001	0.0001	0.0055	0.9933
0	0.0008	0	0.0003	0.0001	0	0.0054	0.9934
0	0.0007	0	0.0003	0	0	0.0053	0.9935
0	0.0007	0	0.0003	0	0.0001	0.0052	0.9936
0	0.0007	0	0.0004	0	0.0001	0.0051	0.9937
0	0.0007	0	0.0004	0	0.0001	0.0049	0.9938
0	0.0007	0	0.0004	0	0.0001	0.0048	0.994
0	0.0007	0	0.0004	0	0.0001	0.0047	0.9941
0	0.0007	0	0.0005	0	0.0001	0.0045	0.9942
0	0.0007	0	0.0005	0	0.0001	0.0043	0.9944
0	0.0006	0	0.0005	0	0.0001	0.0041	0.9946
0	0.0006	0	0.0005	0	0	0.0039	0.9949
0	0.0009	0	0.0007	0	0.0001	0.0043	0.994
0	0.0011	0	0.0009	0.0001	0.0001	0.0047	0.9931
0	0.0012	0	0.0011	0.0001	0.0001	0.0051	0.9924
0	0.0013	0	0.0014	0.0001	0.0001	0.0055	0.9916
0	0.0013	0	0.0017	0.0001	0.0001	0.0058	0.9909
0	0.0014	0	0.002	0.0001	0.0001	0.0061	0.9902
0	0.0014	0	0.0024	0.0001	0.0001	0.0064	0.9895
0	0.0015	0	0.0028	0.0001	0.0001	0.0067	0.9889
0	0.0016	0	0.0032	0.0001	0.0001	0.0069	0.9882
0	0.0016	0	0.0036	0.0001	0.0001	0.0071	0.9875
0	0.0017	0	0.0041	0.0001	0.0001	0.0073	0.9868
0	0.0017	0	0.0045	0.0001	0.0001	0.0074	0.986
0	0.0018	0.0001	0.0051	0.0001	0.0001	0.0076	0.9853
0	0.0019	0.0001	0.0056	0.0001	0.0001	0.0077	0.9845
0	0.002	0.0001	0.0062	0.0001	0.0001	0.0078	0.9837
0	0.0021	0.0001	0.0068	0.0001	0.0001	0.0079	0.9829
0	0.0022	0.0001	0.0075	0.0001	0.0001	0.008	0.982
0	0.0024	0.0001	0.0082	0.0002	0.0001	0.008	0.9811
0	0.0027	0.0001	0.0089	0.0002	0.0001	0.0081	0.98
0	0.0031	0.0001	0.0097	0.0002	0.0001	0.0081	0.9788
0	0.0038	0.0001	0.0105	0.0002	0.0001	0.0081	0.9773
0	0.0049	0.0001	0.0114	0.0002	0.0001	0.0081	0.9752
0	0.0071	0.0001	0.0123	0.0003	0.0001	0.008	0.9721
0	0.011	0.0001	0.0131	0.0005	0.0001	0.0079	0.9673
0	0.0183	0.0001	0.0139	0.0007	0.0001	0.0077	0.9591
0	0.0322	0.0001	0.0145	0.0011	0.0001	0.0073	0.9446
0	0.0584	0.0001	0.0146	0.0019	0.0002	0.0066	0.9181
0	0.1087	0.0001	0.0137	0.0032	0.0002	0.0052	0.8688
0	0.208	0.0001	0.0108	0.004	0.0004	0.0024	0.7744
0	0.455	0.0008	0.0111	0.0534	0.0239	0.0026	0.4532
0	0.0839	0.0014	0.0126	0.468	0.2865	0	0.1476
0	0.1893	0.0237	0.0907	0.3366	0.2127	0.0086	0.1385
0.0001	0.0258	0.0195	0.1024	0.4785	0.2594	0	0.1144
0	0.1633	0.0443	0.4091	0.1054	0.0257	0.0845	0.1676
0.0001	0.1653	0.0468	0.4793	0.0348	0.0032	0.0928	0.1777
0.0001	0.1563	0.0481	0.501	0.0209	0.001	0.0928	0.1798
0.0002	0.1516	0.0504	0.5033	0.0243	0.0021	0.0897	0.1784
0.0001	0.1352	0.0524	0.4908	0.0526	0.0169	0.0789	0.1731
0.0003	0.0154	0.0314	0.4517	0.1668	0.1806	0	0.1537
0.0001	0.0428	0.0297	0.5574	0.0312	0.0172	0.1068	0.2148
0.0002	0.0322	0.0236	0.5823	0.0082	0.0022	0.1228	0.2285
0.0002	0.0228	0.0194	0.5913	0.0033	0.0007	0.1284	0.2339
0.0002	0.0174	0.0168	0.5948	0.0019	0.0005	0.1315	0.2369
0.0002	0.0151	0.0156	0.5955	0.0014	0.0004	0.1331	0.2386
0.0002	0.0154	0.0155	0.594	0.0011	0.0004	0.1337	0.2397
0.0002	0.0182	0.0165	0.5901	0.0011	0.0004	0.1332	0.2402
0.0002	0.0245	0.0186	0.583	0.0013	0.0004	0.1317	0.2402
0.0002	0.0363	0.0223	0.5706	0.002	0.0006	0.1286	0.2395
0.0002	0.0554	0.0279	0.5498	0.0046	0.0021	0.1227	0.2374
0.0001	0.074	0.0351	0.5158	0.0167	0.0189	0.1066	0.2329
0.0003	0.0128	0.028	0.4469	0.0813	0.2131	0	0.2176
0.0001	0.0313	0.0342	0.4899	0.0161	0.0196	0.1005	0.3084
0.0001	0.0292	0.0318	0.4941	0.0049	0.0024	0.113	0.3246
0.0001	0.0284	0.0303	0.4907	0.0026	0.0007	0.1163	0.3309
0.0001	0.032	0.0303	0.4828	0.0021	0.0006	0.1174	0.3346
0.0001	0.0418	0.032	0.4691	0.0024	0.0005	0.1171	0.337
0.0001	0.0607	0.0355	0.4462	0.0035	0.0007	0.115	0.3383
0.0001	0.0914	0.041	0.4084	0.0078	0.0026	0.1104	0.3381
0.0001	0.121	0.0474	0.3474	0.0281	0.0239	0.0964	0.3356
0.0001	0.0215	0.0335	0.2241	0.1348	0.2626	0	0.3234
0.0001	0.0501	0.0419	0.2344	0.0256	0.0246	0.092	0.5313
0.0001	0.0435	0.0406	0.2285	0.0073	0.0032	0.1036	0.5732
0.0001	0.0388	0.0402	0.2185	0.0037	0.0011	0.1065	0.5911
0.0001	0.04	0.0416	0.2048	0.0029	0.0009	0.1071	0.6026
0.0001	0.0475	0.045	0.1857	0.0036	0.0011	0.106	0.6111
0.0001	0.0595	0.0506	0.158	0.0081	0.0037	0.1025	0.6176
0	0.0527	0.0563	0.1156	0.0309	0.0322	0.0902	0.6222
0	0.0395	0.0373	0.1107	0.0079	0.0044	0.1222	0.678
0	0.0279	0.0245	0.1047	0.0033	0.0016	0.1365	0.7015
0	0.0208	0.0163	0.0986	0.0019	0.0011	0.1451	0.7161
0	0.0166	0.011	0.0928	0.0013	0.0009	0.1506	0.7268
0	0.0141	0.0075	0.0872	0.001	0.0008	0.154	0.7353
0	0.0125	0.0053	0.082	0.0009	0.0007	0.1561	0.7426
0	0.0114	0.0038	0.0771	0.0008	0.0007	0.1572	0.7491
0	0.0105	0.0028	0.0725	0.0007	0.0006	0.1577	0.7552
0	0.0098	0.0022	0.0682	0.0006	0.0006	0.1578	0.7608
0	0.0092	0.0017	0.0641	0.0006	0.0006	0.1575	0.7663
0	0.0087	0.0015	0.0603	0.0006	0.0005	0.1569	0.7715
0	0.0083	0.0013	0.0568	0.0005	0.0005	0.1561	0.7765
0	0.0078	0.0011	0.0535	0.0005	0.0005	0.1551	0.7814
0	0.0074	0.001	0.0504	0.0005	0.0005	0.1539	0.7862
0	0.0071	0.001	0.0475	0.0004	0.0005	0.1525	0.791
0	0.0067	0.0009	0.0448	0.0004	0.0006	0.1509	0.7957
0	0.0064	0.0009	0.0423	0.0004	0.0006	0.1491	0.8004
0	0.0062	0.0008	0.0399	0.0004	0.0006	0.1471	0.8051
0	0.0059	0.0008	0.0376	0.0004	0.0006	0.1449	0.8098
0	0.0057	0.0008	0.0355	0.0003	0.0006	0.1425	0.8145
0	0.0054	0.0008	0.0336	0.0003	0.0007	0.1398	0.8194
0	0.0053	0.0008	0.0317	0.0003	0.0007	0.1368	0.8243
0	0.0051	0.0009	0.03	0.0003	0.0007	0.1335	0.8294
0	0.005	0.0009	0.0283	0.0003	0.0008	0.1299	0.8347
0	0.005	0.001	0.0267	0.0003	0.0008	0.1259	0.8402
0	0.005	0.0012	0.0252	0.0003	0.0009	0.1215	0.8459
0	0.0052	0.0014	0.0236	0.0003	0.001	0.1166	0.8519
0	0.0057	0.0018	0.022	0.0003	0.001	0.111	0.8581
0	0.0068	0.0024	0.0201	0.0003	0.0011	0.1045	0.8647
0	0.0088	0.0034	0.0178	0.0004	0.0012	0.0968	0.8715
0	0.0125	0.0048	0.0146	0.0007	0.0017	0.0871	0.8785
0	0.0179	0.0065	0.0101	0.0019	0.0065	0.0714	0.8856
0	0.0176	0.0033	0.004	0.0088	0.0639	0.0099	0.8925
0	0.0118	0.0013	0.0031	0.0022	0.0076	0.0075	0.9663
0	0.0069	0.0002	0.0022	0.0008	0.0022	0.0042	0.9836
0	0.0035	0	0.0015	0.0001	0.0001	0.0009	0.9938
0	0.0023	0	0.0014	0.0002	0.0001	0.0009	0.9952
0	0.0017	0	0.0012	0.0001	0	0.0008	0.9961
0	0.0013	0	0.001	0.0001	0	0.0008	0.9967
0	0.0011	0	0.0009	0.0001	0	0.0007	0.9971
0	0.001	0	0.0007	0.0001	0	0.0006	0.9975
0	0.001	0	0.0006	0.0001	0	0.0005	0.9978
0	0.0009	0	0.0005	0.0001	0	0.0005	0.9981
0	0.0008	0	0.0003	0.0001	0.0001	0.0004	0.9984
0	0.0007	0	0.0002	0	0.0001	0.0002	0.9987
0	0.0006	0	0.0001	0	0	0.0001	0.999
0	0.0004	0	0.0001	0	0	0	0.9995
0	0.0005	0	0.0001	0	0	0	0.9994
0	0.0005	0	0.0001	0	0	0	0.9993
0	0.0005	0	0	0	0	0	0.9993
0	0.0005	0	0	0	0	0	0.9994
0	0.0004	0	0	0	0	0	0.9995
0	0.0003	0	0	0	0	0	0.9997
0	0.0005	0	0	0	0	0	0.9995
0	0.0005	0	0	0	0	0	0.9994
0	0.0006	0	0	0	0	0	0.9993
0	0.0006	0	0	0	0	0	0.9993
0	0.0006	0	0	0	0	0	0.9993
0	0.0006	0	0	0	0	0.0001	0.9992
0	0.0006	0	0	0	0	0.0001	0.9992
0	0.0006	0	0	0	0	0.0001	0.9992
0	0.0006	0	0	0	0	0.0001	0.9992
0	0.0006	0	0	0	0	0.0001	0.9992
0	0.0006	0	0	0	0	0.0001	0.9992
0	0.0006	0	0	0	0	0	0.9993
0	0.0006	0	0	0	0	0	0.9993
0	0.0006	0	0	0	0	0	0.9993
0	0.0005	0	0	0	0	0	0.9994
0	0.0004	0	0	0	0	0	0.9995
0	0.0003	0	0	0	0	0	0.9997
0	0.0004	0	0	0	0	0	0.9995
0	0.0005	0	0	0	0	0	0.9994
0	0.0005	0	0	0	0	0	0.9994
0	0.0011	0	0.0001	0	0	0	0.9987
0	0.0019	0	0.0001	0.0001	0	0	0.9978
0	0.003	0	0.0002	0.0003	0.0002	0.0001	0.9963
0	0.0031	0	0.0002	0.0014	0.0014	0	0.9937
0	0.0022	0	0.0006	0.0004	0.0002	0.0002	0.9963
0	0.0016	0	0.0008	0.0002	0	0.0003	0.9971
0	0.0012	0	0.0009	0.0001	0	0.0003	0.9975
0	0.001	0	0.001	0.0001	0	0.0003	0.9976
0	0.0009	0	0.001	0.0001	0	0.0003	0.9976
0	0.0008	0	0.0011	0.0001	0	0.0003	0.9976
0	0.0008	0	0.0011	0.0001	0	0.0003	0.9976
0	0.0008	0	0.0012	0	0	0.0004	0.9976
0	0.0008	0	0.0012	0	0	0.0004	0.9975
0	0.0009	0	0.0013	0.0001	0	0.0003	0.9974
0	0.001	0	0.0013	0.0001	0	0.0003	0.9972
0	0.0011	0	0.0014	0.0001	0	0.0003	0.997
0	0.0015	0	0.0015	0.0001	0	0.0003	0.9967
0	0.002	0	0.0015	0.0001	0	0.0003	0.9961
0	0.0032	0	0.0015	0.0001	0	0.0003	0.9949
0	0.0054	0	0.0015	0.0001	0	0.0002	0.9928
0	0.0132	0.0001	0.0017	0.0006	0.0007	0.0004	0.9833
0	0.0218	0.0002	0.0019	0.0037	0.0073	0.0006	0.9645
0	0.0041	0.0002	0.0018	0.0226	0.0826	0	0.8887
0	0.0069	0.0023	0.0113	0.0042	0.0073	0.0488	0.9192
0	0.0049	0.0018	0.0132	0.0011	0.0008	0.054	0.9243
0	0.0032	0.0013	0.0139	0.0004	0.0002	0.0551	0.9258
0	0.0023	0.0009	0.0143	0.0002	0.0001	0.0558	0.9263
0	0.0018	0.0007	0.0145	0.0002	0.0001	0.0562	0.9265
0	0.0015	0.0005	0.0146	0.0001	0.0001	0.0565	0.9265
0	0.0014	0.0005	0.0147	0.0001	0.0001	0.0567	0.9265
0	0.0013	0.0004	0.0148	0.0001	0.0001	0.0569	0.9264
0	0.0013	0.0004	0.0149	0.0001	0.0001	0.057	0.9262
0	0.0013	0.0003	0.015	0.0001	0.0001	0.0571	0.9261
0	0.0013	0.0003	0.0152	0.0001	0.0001	0.0571	0.926
0	0.0013	0.0003	0.0153	0.0001	0.0001	0.0571	0.9258
0	0.0013	0.0003	0.0154	0.0001	0.0001	0.057	0.9257
0	0.0013	0.0003	0.0156	0.0001	0.0001	0.0569	0.9256
0	0.0014	0.0004	0.0158	0.0001	0.0001	0.0568	0.9255
0	0.0015	0.0004	0.016	0.0001	0.0001	0.0566	0.9253
0	0.0016	0.0005	0.0162	0.0001	0.0001	0.0563	0.9252
0	0.0017	0.0006	0.0165	0.0001	0.0001	0.056	0.925
0	0.002	0.0007	0.0167	0.0001	0.0001	0.0556	0.9247
0	0.0026	0.0009	0.0169	0.0001	0.0002	0.055	0.9243
0	0.0035	0.0013	0.0172	0.0002	0.0002	0.0542	0.9235
0	0.0053	0.0018	0.0173	0.0002	0.0002	0.0531	0.922
0	0.0088	0.0027	0.0173	0.0003	0.0003	0.0514	0.9193
0	0.0158	0.0039	0.0169	0.0003	0.0008	0.0485	0.9139
0	0.0337	0.0147	0.017	0.0015	0.0032	0.0447	0.8852
0	0.0592	0.0329	0.0169	0.0063	0.0084	0.0362	0.8401
0	0.0629	0.061	0.0156	0.0325	0.0574	0.0183	0.7523
0	0.0666	0.0771	0.0269	0.025	0.0338	0.034	0.7365
0	0.0522	0.0786	0.0286	0.0412	0.0973	0.0334	0.6688
0	0.0024	0.0487	0.0038	0.0708	0.8221	0	0.0522
0	0.0052	0.0667	0.0094	0.0116	0.0741	0.7822	0.0508
0	0.0033	0.0481	0.0095	0.0026	0.0085	0.881	0.0472
0	0.0018	0.0332	0.0087	0.0009	0.0022	0.9098	0.0435
0	0.0011	0.0232	0.0077	0.0004	0.0014	0.9263	0.0399
0	0.0007	0.0167	0.0068	0.0002	0.0012	0.9378	0.0366
0	0.0005	0.0125	0.0059	0.0001	0.0011	0.9464	0.0336
0	0.0003	0.0097	0.0051	0.0001	0.001	0.9529	0.0308
0	0.0003	0.0079	0.0044	0.0001	0.0009	0.9582	0.0283
0	0.0002	0.0067	0.0039	0.0001	0.0008	0.9624	0.0259
0	0.0002	0.0059	0.0033	0	0.0008	0.966	0.0238
0	0.0002	0.0054	0.0029	0	0.0007	0.969	0.0218
0	0.0002	0.005	0.0025	0	0.0007	0.9717	0.02
0	0.0001	0.0047	0.0022	0	0.0006	0.974	0.0183
0	0.0001	0.0046	0.0019	0	0.0006	0.976	0.0168
0	0.0001	0.0044	0.0016	0	0.0006	0.9778	0.0154
0	0.0001	0.0043	0.0014	0	0.0006	0.9795	0.0141
0	0.0001	0.0042	0.0012	0	0.0005	0.9809	0.0129
0	0.0001	0.0042	0.0011	0	0.0005	0.9822	0.0119
0	0.0001	0.0041	0.0009	0	0.0005	0.9834	0.0109
0	0.0001	0.0041	0.0008	0	0.0005	0.9845	0.01
0	0.0001	0.0041	0.0007	0	0.0005	0.9855	0.0092
0	0.0001	0.0041	0.0006	0	0.0005	0.9864	0.0084
0	0.0001	0.004	0.0005	0	0.0004	0.9872	0.0077
0	0	0.004	0.0005	0	0.0004	0.9879	0.0071
0	0	0.004	0.0004	0	0.0004	0.9886	0.0065
0	0	0.004	0.0004	0	0.0004	0.9892	0.006
0	0	0.004	0.0003	0	0.0004	0.9898	0.0055
0	0	0.004	0.0003	0	0.0004	0.9903	0.005
0	0	0.004	0.0002	0	0.0004	0.9908	0.0046
0	0	0.004	0.0002	0	0.0004	0.9912	0.0042
0	0	0.0039	0.0002	0	0.0004	0.9916	0.0039
0	0	0.0039	0.0002	0	0.0004	0.9919	0.0036
0	0	0.0039	0.0001	0	0.0004	0.9922	0.0033
0	0	0.0039	0.0001	0	0.0004	0.9925	0.003
0	0	0.0039	0.0001	0	0.0004	0.9928	0.0028
0	0	0.0039	0.0001	0	0.0004	0.993	0.0025
0	0	0.0039	0.0001	0	0.0004	0.9932	0.0023
0	0	0.0039	0.0001	0	0.0004	0.9935	0.0022
0	0	0.0039	0.0001	0	0.0004	0.9936	0.002
0	0	0.0039	0.0001	0	0.0004	0.9938	0.0018
0	0	0.0039	0.0001	0	0.0004	0.994	0.0017
0	0	0.0039	0.0001	0	0.0004	0.9941	0.0016
0	0	0.0039	0.0001	0	0.0004	0.9942	0.0014
0	0	0.0039	0	0	0.0004	0.9943	0.0013
0	0	0.0039	0	0	0.0004	0.9945	0.0012
0	0	0.0039	0	0	0.0004	0.9946	0.0011
0	0	0.0039	0	0	0.0003	0.9946	0.001
0	0	0.0039	0	0	0.0003	0.9947	0.001
0	0	0.0039	0	0	0.0003	0.9948	0.0009
0	0	0.0039	0	0	0.0003	0.9949	0.0008
0	0	0.0039	0	0	0.0003	0.9949	0.0008
0	0	0.0039	0	0	0.0003	0.995	0.0007
0	0	0.0039	0	0	0.0003	0.995	0.0007
0	0	0.0039	0	0	0.0003	0.9951	0.0006
0	0	0.0039	0	0	0.0003	0.9951	0.0006
0	0	0.0039	0	0	0.0003	0.9952	0.0005
0	0	0.0039	0	0	0.0003	0.9952	0.0005
0	0	0.0039	0	0	0.0003	0.9952	0.0005
0	0	0.0039	0	0	0.0003	0.9953	0.0004
0	0	0.0039	0	0	0.0003	0.9953	0.0004
0	0	0.0039	0	0	0.0003	0.9953	0.0004
0	0	0.0039	0	0	0.0003	0.9954	0.0004
0	0	0.0039	0	0	0.0003	0.9954	0.0004
0	0	0.0039	0	0	0.0003	0.9954	0.0003
0	0	0.0039	0	0	0.0003	0.9954	0.0003
0	0	0.0039	0	0	0.0003	0.9954	0.0003
0	0	0.0039	0	0	0.0003	0.9954	0.0003
0	0	0.0039	0	0	0.0003	0.9955	0.0003
0	0	0.0039	0	0	0.0003	0.9955	0.0003
0	0	0.0039	0	0	0.0003	0.9955	0.0003
0	0	0.0039	0	0	0.0003	0.9955	0.0003
0	0	0.0039	0	0	0.0003	0.9955	0.0002
0	0	0.0039	0	0	0.0003	0.9955	0.0002
0	0	0.0039	0	0	0.0003	0.9955	0.0002
0	0	0.0039	0	0	0.0003	0.9955	0.0002
0	0	0.0039	0	0	0.0003	0.9955	0.0002
0	0	0.0039	0	0	0.0003	0.9955	0.0002
0	0	0.0039	0	0	0.0003	0.9955	0.0002
0	0	0.0039	0	0	0.0003	0.9955	0.0002
0	0	0.0039	0	0	0.0003	0.9955	0.0002
0	0	0.0039	0	0	0.0003	0.9955	0.0002
0	0	0.0039	0	0	0.0003	0.9955	0.0002
0	0	0.0039	0	0	0.0003	0.9955	0.0002
0	0	0.0039	0	0	0.0003	0.9955	0.0002
0	0	0.0039	0	0	0.0003	0.9955	0.0002
0	0	0.0039	0	0	0.0003	0.9955	0.0002
0	0	0.0039	0	0	0.0003	0.9955	0.0002
0	0	0.0039	0	0	0.0003	0.9955	0.0003
0	0	0.0039	0	0	0.0003	0.9955	0.0003
0	0	0.0039	0	0	0.0003	0.9955	0.0003
0	0	0.0039	0	0	0.0003	0.9954	0.0003
0	0	0.0039	0	0	0.0003	0.9954	0.0003
0	0	0.0039	0	0	0.0003	0.9954	0.0003
0	0	0.0039	0	0	0.0003	0.9954	0.0003
0	0	0.0039	0	0	0.0003	0.9954	0.0003
0	0	0.0039	0	0	0.0003	0.9954	0.0004
0	0	0.0039	0	0	0.0003	0.9953	0.0004
0	0	0.0039	0	0	0.0003	0.9953	0.0004
0	0	0.0039	0	0	0.0003	0.9953	0.0004
0	0	0.0039	0	0	0.0003	0.9953	0.0005
0	0	0.0039	0	0	0.0003	0.9952	0.0005
0	0	0.0039	0	0	0.0003	0.9952	0.0005
0	0	0.0039	0	0	0.0003	0.9952	0.0006
0	0	0.0039	0	0	0.0003	0.9951	0.0006
0	0	0.0039	0	0	0.0003	0.9951	0.0006
0	0	0.0039	0	0	0.0003	0.995	0.0007
0	0	0.0039	0	0	0.0003	0.995	0.0007
0	0	0.0039	0	0	0.0003	0.9949	0.0008
0	0	0.0039	0	0	0.0003	0.9948	0.0009
0	0	0.0039	0	0	0.0004	0.9948	0.0009
0	0	0.0039	0	0	0.0004	0.9947	0.001
0	0	0.0039	0	0	0.0004	0.9946	0.0011
0	0	0.0039	0	0	0.0004	0.9945	0.0012
0	0	0.0039	0	0	0.0004	0.9944	0.0013
0	0	0.0039	0	0	0.0004	0.9943	0.0014
0	0	0.0039	0	0	0.0004	0.9942	0.0015
0	0	0.0039	0.0001	0	0.0004	0.994	0.0016
0	0	0.0039	0.0001	0	0.0004	0.9939	0.0018
0	0	0.0039	0.0001	0	0.0004	0.9938	0.0019
0	0.0001	0.0038	0.0001	0	0.0004	0.9936	0.0021
0	0.0001	0.0038	0.0001	0	0.0004	0.9934	0.0022
0	0.0001	0.0037	0.0001	0	0.0004	0.9933	0.0024
0	0.0001	0.0037	0.0001	0	0.0004	0.9931	0.0027
0	0.0001	0.0035	0.0001	0	0.0004	0.993	0.0029
0	0.0001	0.0033	0.0001	0	0.0004	0.993	0.0031
0	0.0001	0.003	0.0001	0	0.0004	0.993	0.0034
0	0.0002	0.0024	0.0002	0	0.0006	0.993	0.0037
0	0.0003	0.0013	0.0002	0	0.0025	0.9917	0.004
0	0.0001	0.0023	0.0002	0	0.0005	0.993	0.0037
0	0.0001	0.0029	0.0002	0	0.0004	0.993	0.0034
0	0	0.0033	0.0002	0	0.0004	0.993	0.0031
0	0	0.0035	0.0001	0	0.0004	0.993	0.0029
0	0	0.0037	0.0001	0	0.0004	0.9932	0.0026
0	0	0.0038	0.0001	0	0.0004	0.9933	0.0024
0	0	0.0038	0.0001	0	0.0004	0.9935	0.0022
0	0	0.0039	0.0001	0	0.0004	0.9936	0.002
0	0	0.0039	0.0001	0	0.0004	0.9938	0.0019
0	0	0.0039	0.0001	0	0.0004	0.9939	0.0017
0	0	0.0039	0.0001	0	0.0004	0.9941	0.0016
0	0	0.0039	0.0001	0	0.0004	0.9942	0.0015
0	0	0.0039	0.0001	0	0.0004	0.9943	0.0013
0	0	0.0039	0.0001	0	0.0004	0.9944	0.0012
0	0	0.0039	0	0	0.0004	0.9945	0.0011
0	0	0.0039	0	0	0.0004	0.9946	0.001
0	0	0.0039	0	0	0.0003	0.9947	0.001
0	0	0.0039	0	0	0.0003	0.9948	0.0009
0	0	0.0039	0	0	0.0003	0.9949	0.0008
0	0	0.0039	0	0	0.0003	0.995	0.0007
0	0	0.0039	0	0	0.0003	0.995	0.0007
0	0	0.0039	0	0	0.0003	0.9951	0.0006
0	0	0.0039	0	0	0.0003	0.9951	0.0006
0	0	0.0039	0	0	0.0003	0.9952	0.0005
0	0	0.0039	0	0	0.0003	0.9952	0.0005
0	0	0.0039	0	0	0.0003	0.9953	0.0005
0	0	0.0039	0	0	0.0003	0.9953	0.0004
0	0	0.0039	0	0	0.0003	0.9953	0.0004
0	0	0.0039	0	0	0.0003	0.9954	0.0004
0	0	0.0039	0	0	0.0003	0.9954	0.0003
0	0	0.0039	0	0	0.0003	0.9954	0.0003
0	0	0.0039	0	0	0.0003	0.9954	0.0003
0	0	0.0039	0	0	0.0003	0.9955	0.0003
0	0	0.0039	0	0	0.0003	0.9955	0.0003
0	0	0.0039	0	0	0.0003	0.9955	0.0002
0	0	0.0039	0	0	0.0003	0.9955	0.0002
0	0	0.0039	0	0	0.0003	0.9955	0.0002
0	0	0.0039	0	0	0.0003	0.9955	0.0002
0	0	0.0039	0	0	0.0003	0.9956	0.0002
0	0	0.0039	0	0	0.0003	0.9956	0.0002
0	0	0.0039	0	0	0.0003	0.9956	0.0002
0	0	0.0039	0	0	0.0003	0.9956	0.0001
0	0	0.0039	0	0	0.0003	0.9956	0.0001
0	0	0.0039	0	0	0.0003	0.9956	0.0001
0	0	0.0039	0	0	0.0003	0.9956	0.0001
0	0	0.0039	0	0	0.0003	0.9956	0.0001
0	0	0.0039	0	0	0.0003	0.9956	0.0001
0	0	0.0039	0	0	0.0003	0.9956	0.0001
0	0	0.0039	0	0	0.0003	0.9956	0.0001
0	0	0.0039	0	0	0.0003	0.9956	0.0001
0	0	0.0039	0	0	0.0003	0.9956	0.0001
0	0	0.0039	0	0	0.0003	0.9956	0.0001
0	0	0.0039	0	0	0.0003	0.9957	0.0001
0	0	0.0039	0	0	0.0003	0.9957	0.0001
0	0	0.0039	0	0	0.0003	0.9957	0.0001
0	0	0.0039	0	0	0.0003	0.9957	0.0001
0	0	0.0039	0	0	0.0003	0.9957	0.0001
0	0	0.0039	0	0	0.0003	0.9957	0.0001
0	0	0.0039	0	0	0.0003	0.9957	0.0001
0	0	0.0039	0	0	0.0003	0.9957	0.0001
0	0	0.0039	0	0	0.0003	0.9957	0.0001
0	0	0.0039	0	0	0.0003	0.9957	0.0001
0	0	0.0039	0	0	0.0003	0.9957	0.0001
0	0	0.0039	0	0	0.0003	0.9957	0.0001
0	0	0.0039	0	0	0.0003	0.9957	0.0001
0	0	0.0039	0	0	0.0003	0.9957	0.0001
0	0	0.0039	0	0	0.0003	0.9957	0.0001
0	0	0.0039	0	0	0.0003	0.9957	0.0001
0	0	0.0039	0	0	0.0003	0.9957	0.0001
0	0	0.0039	0	0	0.0003	0.9957	0.0001
0	0	0.0039	0	0	0.0003	0.9957	0.0001
0	0	0.0039	0	0	0.0003	0.9957	0.0001
0	0	0.0039	0	0	0.0003	0.9957	0.0001
0	0	0.0039	0	0	0.0003	0.9957	0.0001
0	0	0.0039	0	0	0.0003	0.9957	0.0001
0	0	0.0039	0	0	0.0003	0.9957	0.0001
0	0	0.0039	0	0	0.0003	0.9957	0.0001
0	0	0.0039	0	0	0.0003	0.9957	0.0001
0	0	0.0039	0	0	0.0003	0.9957	0.0001
0	0	0.0039	0	0	0.0003	0.9957	0
0	0	0.0039	0	0	0.0003	0.9957	0
0	0	0.0039	0	0	0.0003	0.9957	0
0	0	0.0039	0	0	0.0003	0.9957	0
0	0	0.0039	0	0	0.0003	0.9957	0
0	0	0.0039	0	0	0.0003	0.9957	0
0	0	0.0039	0	0	0.0003	0.9957	0
0	0	0.0039	0	0	0.0003	0.9957	0
0	0	0.0039	0	0	0.0003	0.9957	0
0	0	0.0039	0	0	0.0003	0.9957	0
0	0	0.0039	0	0	0.0003	0.9957	0
0	0	0.0039	0	0	0.0003	0.9957	0
0	0	0.0039	0	0	0.0003	0.9957	0
0	0	0.0039	0	0	0.0003	0.9957	0
0	0	0.0039	0	0	0.0003	0.9957	0
0	0	0.0039	0	0	0.0003	0.9957	0
0	0	0.0039	0	0	0.0003	0.9957	0
0	0	0.0039	0	0	0.0003	0.9957	0
0	0	0.0039	0	0	0.0003	0.9957	0
0	0	0.0039	0	0	0.0003	0.9957	0
0	0	0.0039	0	0	0.0003	0.9957	0
0	0	0.0039	0	0	0.0003	0.9957	0
0	0	0.0039	0	0	0.0003	0.9957	0
0	0	0.0039	0	0	0.0003	0.9957	0
0	0	0.0039	0	0	0.0003	0.9957	0
0	0	0.0039	0	0	0.0003	0.9957	0
0	0	0.0039	0	0	0.0003	0.9957	0
0	0	0.0039	0	0	0.0003	0.9957	0
0	0	0.0039	0	0	0.0003	0.9957	0
0	0	0.0039	0	0	0.0003	0.9957	0
0	0	0.0039	0	0	0.0003	0.9957	0
0	0	0.0039	0	0	0.0003	0.9957	0
0	0	0.0039	0	0	0.0003	0.9957	0
0	0	0.0039	0	0	0.0003	0.9957	0
0	0	0.0039	0	0	0.0003	0.9957	0
0	0	0.0039	0	0	0.0003	0.9957	0
0	0	0.0039	0	0	0.0003	0.9957	0
0	0	0.0039	0	0	0.0003	0.9957	0
0	0	0.0039	0	0	0.0003	0.9957	0
0	0	0.0039	0	0	0.0003	0.9957	0
0	0	0.0039	0	0	0.0003	0.9957	0
0	0	0.0039	0	0	0.0003	0.9957	0
0	0	0.0039	0	0	0.0003	0.9957	0
0	0	0.0039	0	0	0.0003	0.9957	0
0	0	0.0039	0	0	0.0003	0.9957	0
0	0	0.0039	0	0	0.0003	0.9957	0
0	0	0.0039	0	0	0.0003	0.9957	0
0	0	0.0039	0	0	0.0003	0.9957	0
0	0	0.0039	0	0	0.0003	0.9957	0
0	0	0.0039	0	0	0.0003	0.9957	0
0	0	0.0039	0	0	0.0003	0.9957	0
0	0	0.0039	0	0	0.0003	0.9957	0
0	0	0.0039	0	0	0.0003	0.9957	0
0	0	0.0039	0	0	0.0003	0.9957	0
0	0	0.0039	0	0	0.0003	0.9957	0
0	0	0.0039	0	0	0.0003	0.9957	0
0	0	0.0039	0	0	0.0003	0.9957	0
0	0	0.0039	0	0	0.0003	0.9957	0
0	0	0.0039	0	0	0.0003	0.9957	0
0	0	0.0039	0	0	0.0003	0.9957	0
0	0	0.0039	0	0	0.0003	0.9957	0
0	0	0.0039	0	0	0.0003	0.9957	0
0	0	0.0039	0	0	0.0003	0.9957	0
0	0	0.0039	0	0	0.0003	0.9957	0
0	0	0.0039	0	0	0.0003	0.9957	0
0	0	0.0039	0	0	0.0003	0.9957	0
0	0	0.0039	0	0	0.0003	0.9957	0
0	0	0.0039	0	0	0.0003	0.9957	0
0	0	0.0039	0	0	0.0003	0.9957	0
0	0	0.0039	0	0	0.0003	0.9957	0
0	0	0.0039	0	0	0.0003	0.9957	0
0	0	0.0039	0	0	0.0003	0.9957	0
0	0	0.0039	0	0	0.0003	0.9957	0
0	0	0.0039	0	0	0.0003	0.9957	0
0	0	0.0039	0	0	0.0003	0.9957	0
0	0	0.0039	0	0	0.0003	0.9957	0
0	0	0.0039	0	0	0.0003	0.9957	0
0	0	0.0039	0	0	0.0003	0.9957	0
0	0	0.0039	0	0	0.0003	0.9957	0
0	0	0.0039	0	0	0.0003	0.9957	0
0	0	0.0039	0	0	0.0003	0.9957	0
0	0	0.0039	0	0	0.0003	0.9957	0
0	0	0.0039	0	0	0.0003	0.9957	0
0	0	0.0039	0	0	0.0003	0.9957	0
0	0	0.0039	0	0	0.0003	0.9957	0
0	0	0.0039	0	0	0.0003	0.9957	0
0	0	0.0039	0	0	0.0003	0.9957	0
0	0	0.0039	0	0	0.0003	0.9957	0
0	0	0.0039	0	0	0.0003	0.9957	0
0	0	0.0039	0	0	0.0003	0.9957	0
0	0	0.0039	0	0	0.0003	0.9957	0
0	0	0.0039	0	0	0.0003	0.9957	0
0	0	0.0039	0	0	0.0003	0.9957	0
0	0	0.0039	0	0	0.0003	0.9957	0
0	0	0.0039	0	0	0.0003	0.9957	0
0	0	0.0039	0	0	0.0003	0.9957	0
0	0	0.0039	0	0	0.0003	0.9957	0
0	0	0.0039	0	0	0.0003	0.9957	0
0	0	0.0039	0	0	0.0003	0.9957	0
0	0	0.0039	0	0	0.0003	0.9957	0
0	0	0.0039	0	0	0.0003	0.9957	0
0	0	0.0039	0	0	0.0003	0.9957	0
0	0	0.0039	0	0	0.0003	0.9957	0
0	0	0.0039	0	0	0.0003	0.9957	0
0	0	0.0039	0	0	0.0003	0.9957	0
0	0	0.0039	0	0	0.0003	0.9957	0
0	0	0.0039	0	0	0.0003	0.9957	0
0	0	0.0039	0	0	0.0003	0.9957	0
0	0	0.0039	0	0	0.0003	0.9957	0
0	0	0.0039	0	0	0.0003	0.9957	0
0	0	0.0039	0	0	0.0003	0.9957	0
0	0	0.0039	0	0	0.0003	0.9957	0
0	0	0.0039	0	0	0.0003	0.9957	0
0	0	0.0039	0	0	0.0003	0.9957	0
0	0	0.0039	0	0	0.0003	0.9957	0
0	0	0.0039	0	0	0.0003	0.9957	0
0	0	0.0039	0	0	0.0003	0.9957	0
0	0	0.0039	0	0	0.0003	0.9957	0
0	0	0.0039	0	0	0.0003	0.9957	0
0	0	0.0039	0	0	0.0003	0.9957	0
0	0	0.0039	0	0	0.0003	0.9957	0
0	0	0.0039	0	0	0.0003	0.9957	0
0	0	0.0039	0	0	0.0003	0.9957	0
0	0	0.0039	0	0	0.0003	0.9957	0
0	0	0.0039	0	0	0.0003	0.9957	0
0	0	0.0039	0	0	0.0003	0.9957	0
0	0	0.0039	0	0	0.0003	0.9957	0
0	0	0.0039	0	0	0.0003	0.9957	0
0	0	0.0039	0	0	0.0003	0.9957	0
0	0	0.0039	0	0	0.0003	0.9957	0
0	0	0.0039	0	0	0.0003	0.9957	0
0	0	0.0039	0	0	0.0003	0.9957	0
0	0	0.0039	0	0	0.0003	0.9957	0
0	0	0.0039	0	0	0.0003	0.9957	0
0	0	0.0039	0	0	0.0003	0.9957	0
0	0	0.0039	0	0	0.0003	0.9957	0
0	0	0.0039	0	0	0.0003	0.9957	0
0	0	0.0039	0	0	0.0003	0.9957	0
0	0	0.0039	0	0	0.0003	0.9957	0
0	0	0.0039	0	0	0.0003	0.9957	0
0	0	0.0039	0	0	0.0003	0.9957	0
0	0	0.0039	0	0	0.0003	0.9957	0
0	0	0.0039	0	0	0.0003	0.9957	0
0	0	0.0039	0	0	0.0003	0.9957	0
0	0	0.0039	0	0	0.0003	0.9957	0
0	0	0.0039	0	0	0.0003	0.9957	0
0	0	0.0039	0	0	0.0003	0.9957	0
0	0	0.0039	0	0	0.0003	0.9957	0
0	0	0.0039	0	0	0.0003	0.9957	0
0	0	0.0039	0	0	0.0003	0.9957	0
0	0	0.0039	0	0	0.0003	0.9957	0
0	0	0.0039	0	0	0.0003	0.9957	0
0	0	0.0039	0	0	0.0003	0.9957	0
0	0	0.0039	0	0	0.0003	0.9957	0
0	0	0.0039	0	0	0.0003	0.9957	0
0	0	0.0039	0	0	0.0003	0.9957	0
0	0	0.0039	0	0	0.0003	0.9957	0
0	0	0.0039	0	0	0.0003	0.9957	0
0	0	0.0039	0	0	0.0003	0.9957	0
0	0	0.0039	0	0	0.0003	0.9957	0
0	0	0.0039	0	0	0.0003	0.9957	0
0	0	0.0039	0	0	0.0003	0.9957	0
0	0	0.0039	0	0	0.0003	0.9957	0
0	0	0.0039	0	0	0.0003	0.9957	0
0	0	0.0039	0	0	0.0003	0.9957	0
0	0	0.0039	0	0	0.0003	0.9957	0
0	0	0.0039	0	0	0.0003	0.9957	0
0	0	0.0039	0	0	0.0003	0.9957	0
0	0	0.0039	0	0	0.0003	0.9957	0
0	0	0.0039	0	0	0.0003	0.9957	0
0	0	0.0039	0	0	0.0003	0.9957	0
0	0	0.0039	0	0	0.0003	0.9957	0
0	0	0.0039	0	0	0.0003	0.9957	0
0	0	0.0039	0	0	0.0003	0.9957	0
0	0	0.0039	0	0	0.0003	0.9957	0
0	0	0.0039	0	0	0.0003	0.9957	0
0	0	0.0039	0	0	0.0003	0.9957	0
0	0	0.0039	0	0	0.0003	0.9957	0
0	0	0.0039	0	0	0.0003	0.9957	0
0	0	0.0039	0	0	0.0003	0.9957	0
0	0	0.0039	0	0	0.0003	0.9957	0
0	0	0.0039	0	0	0.0003	0.9957	0
0	0	0.0039	0	0	0.0003	0.9957	0
0	0	0.0039	0	0	0.0003	0.9957	0
0	0	0.0039	0	0	0.0003	0.9957	0
0	0	0.0039	0	0	0.0003	0.9957	0
0	0	0.0039	0	0	0.0003	0.9957	0
0	0	0.0039	0	0	0.0003	0.9957	0
0	0	0.0039	0	0	0.0003	0.9957	0
0	0	0.0039	0	0	0.0003	0.9957	0
0	0	0.0039	0	0	0.0003	0.9957	0
0	0	0.0039	0	0	0.0003	0.9957	0
0	0	0.0039	0	0	0.0003	0.9957	0
0	0	0.0039	0	0	0.0003	0.9957	0
0	0	0.0039	0	0	0.0003	0.9957	0
0	0	0.0039	0	0	0.0003	0.9957	0
0	0	0.0039	0	0	0.0003	0.9957	0
0	0	0.0039	0	0	0.0003	0.9957	0
0	0	0.0039	0	0	0.0003	0.9957	0
0	0	0.0039	0	0	0.0003	0.9957	0
0	0	0.0039	0	0	0.0003	0.9957	0
0	0	0.0039	0	0	0.0003	0.9957	0
0	0	0.0039	0	0	0.0003	0.9957	0
0	0	0.0039	0	0	0.0003	0.9957	0
0	0	0.0039	0	0	0.0003	0.9957	0
0	0	0.0039	0	0	0.0003	0.9957	0
0	0	0.0039	0	0	0.0003	0.9957	0
0	0	0.0039	0	0	0.0003	0.9957	0
0	0	0.0039	0	0	0.0003	0.9957	0
0	0	0.0039	0	0	0.0003	0.9957	0
0	0	0.0039	0	0	0.0003	0.9957	0
0	0	0.0039	0	0	0.0003	0.9957	0
0	0	0.0039	0	0	0.0003	0.9957	0
0	0	0.0039	0	0	0.0003	0.9957	0
0	0	0.0039	0	0	0.0003	0.9957	0.0001
0	0	0.0039	0	0	0.0003	0.9957	0.0001
0	0	0.0039	0	0	0.0003	0.9957	0.0001
0	0	0.0039	0	0	0.0003	0.9957	0.0001
0	0	0.0039	0	0	0.0003	0.9957	0.0001
0	0	0.0039	0	0	0.0003	0.9957	0.0001
0	0	0.0039	0	0	0.0003	0.9957	0.0001
0	0	0.0039	0	0	0.0003	0.9957	0.0001
0	0	0.0039	0	0	0.0003	0.9957	0.0001
0	0	0.0039	0	0	0.0003	0.9957	0.0001
0	0	0.0039	0	0	0.0003	0.9957	0.0001
0	0	0.0039	0	0	0.0003	0.9957	0.0001
0	0	0.0039	0	0	0.0003	0.9957	0.0001
0	0	0.0039	0	0	0.0003	0.9957	0.0001
0	0	0.0039	0	0	0.0003	0.9957	0.0001
0	0	0.0039	0	0	0.0003	0.9957	0.0001
0	0	0.0039	0	0	0.0003	0.9957	0.0001
0	0	0.0039	0	0	0.0003	0.9957	0.0001
0	0	0.0039	0	0	0.0003	0.9957	0.0001
0	0	0.0039	0	0	0.0003	0.9957	0.0001
0	0	0.0039	0	0	0.0003	0.9957	0.0001
0	0	0.0039	0	0	0.0003	0.9957	0.0001
0	0	0.0039	0	0	0.0003	0.9957	0.0001
0	0	0.0039	0	0	0.0003	0.9957	0.0001
0	0	0.0039	0	0	0.0003	0.9957	0.0001
0	0	0.0039	0	0	0.0003	0.9957	0.0001
0	0	0.0039	0	0	0.0003	0.9956	0.0001
0	0	0.0039	0	0	0.0003	0.9956	0.0001
0	0	0.0039	0	0	0.0003	0.9956	0.0001
0	0	0.0039	0	0	0.0003	0.9956	0.0001
0	0	0.0039	0	0	0.0003	0.9956	0.0001
0	0	0.0039	0	0	0.0003	0.9956	0.0001
0	0	0.0039	0	0	0.0003	0.9956	0.0001
0	0	0.0039	0	0	0.0003	0.9956	0.0001
0	0	0.0039	0	0	0.0003	0.9956	0.0001
0	0	0.0039	0	0	0.0003	0.9956	0.0001
0	0	0.0039	0	0	0.0003	0.9956	0.0001
0	0	0.0039	0	0	0.0003	0.9956	0.0002
0	0	0.0039	0	0	0.0003	0.9956	0.0002
0	0	0.0039	0	0	0.0003	0.9956	0.0002
0	0	0.0039	0	0	0.0003	0.9955	0.0002
0	0	0.0039	0	0	0.0003	0.9955	0.0002
0	0	0.0039	0	0	0.0003	0.9955	0.0002
0	0	0.0039	0	0	0.0003	0.9955	0.0002
0	0	0.0039	0	0	0.0003	0.9955	0.0002
0	0	0.0039	0	0	0.0003	0.9955	0.0003
0	0	0.0039	0	0	0.0003	0.9954	0.0003
0	0	0.0039	0	0	0.0003	0.9954	0.0003
0	0	0.0039	0	0	0.0003	0.9954	0.0003
0	0	0.0039	0	0	0.0003	0.9954	0.0004
0	0	0.0039	0	0	0.0003	0.9953	0.0004
0	0	0.0039	0	0	0.0003	0.9953	0.0004
0	0	0.0039	0	0	0.0003	0.9953	0.0005
0	0	0.0039	0	0	0.0003	0.9952	0.0005
0	0	0.0039	0	0	0.0003	0.9952	0.0005
0	0	0.0039	0	0	0.0003	0.9951	0.0006
0	0	0.0039	0	0	0.0003	0.9951	0.0006
0	0	0.0039	0	0	0.0003	0.995	0.0007
0	0	0.0039	0	0	0.0003	0.995	0.0007
0	0	0.0039	0	0	0.0003	0.9949	0.0008
0	0	0.0039	0	0	0.0003	0.9948	0.0009
0	0	0.0039	0	0	0.0004	0.9948	0.0009
0	0	0.0039	0	0	0.0004	0.9947	0.001
0	0	0.0039	0	0	0.0004	0.9946	0.0011
0	0	0.0039	0	0	0.0004	0.9945	0.0012
0	0	0.0039	0	0	0.0004	0.9944	0.0013
0	0	0.0039	0	0	0.0004	0.9942	0.0014
0	0	0.0039	0	0	0.0004	0.9941	0.0016
0	0	0.0039	0	0	0.0004	0.994	0.0017
0	0	0.0039	0	0	0.0004	0.9938	0.0019
0	0	0.0039	0.0001	0	0.0004	0.9936	0.002
0	0.0001	0.0039	0.0001	0	0.0004	0.9934	0.0022
0	0.0001	0.0039	0.0001	0	0.0004	0.9932	0.0024
0	0.0001	0.0039	0.0001	0	0.0004	0.993	0.0026
0	0.0001	0.0038	0.0001	0	0.0004	0.9928	0.0028
0	0.0001	0.0038	0.0001	0	0.0004	0.9926	0.0031
0	0.0001	0.0037	0.0001	0	0.0004	0.9923	0.0034
0	0.0001	0.0037	0.0001	0	0.0004	0.9921	0.0037
0	0.0001	0.0035	0.0001	0	0.0004	0.9918	0.004
0	0.0001	0.0033	0.0001	0	0.0004	0.9917	0.0044
0	0.0001	0.0029	0.0001	0	0.0004	0.9916	0.0048
0	0.0002	0.0024	0.0002	0	0.0006	0.9915	0.0052
0	0.0003	0.0013	0.0002	0	0.0025	0.9901	0.0057
0	0.0001	0.0023	0.0002	0	0.0005	0.9914	0.0054
0	0.0001	0.0029	0.0002	0	0.0004	0.9913	0.0051
0	0.0001	0.0033	0.0002	0	0.0004	0.9913	0.0048
0	0	0.0035	0.0002	0	0.0004	0.9914	0.0045
0	0	0.0037	0.0001	0	0.0004	0.9915	0.0043
0	0	0.0037	0.0001	0	0.0004	0.9916	0.0041
0	0	0.0038	0.0001	0	0.0004	0.9918	0.0039
0	0	0.0038	0.0001	0	0.0004	0.9919	0.0037
0	0	0.0039	0.0001	0	0.0004	0.9921	0.0036
0	0	0.0039	0.0001	0	0.0004	0.9922	0.0034
0	0	0.0039	0.0001	0	0.0004	0.9923	0.0033
0	0	0.0039	0.0001	0	0.0004	0.9925	0.0032
0	0	0.0039	0.0001	0	0.0004	0.9926	0.0031
0	0	0.0039	0.0001	0	0.0004	0.9927	0.003
0	0	0.0039	0.0001	0	0.0004	0.9928	0.0029
0	0	0.0039	0.0001	0	0.0004	0.9929	0.0028
0	0	0.0039	0.0001	0	0.0004	0.9929	0.0027
0	0	0.0039	0.0001	0	0.0003	0.993	0.0026
0	0	0.0039	0.0001	0	0.0003	0.9931	0.0026
0	0	0.0039	0.0001	0	0.0003	0.9931	0.0025
0	0	0.0039	0.0001	0	0.0003	0.9932	0.0025
0	0	0.0039	0.0001	0	0.0003	0.9932	0.0024
0	0	0.0039	0.0001	0	0.0003	0.9932	0.0024
0	0	0.0039	0.0001	0	0.0003	0.9933	0.0024
0	0	0.0039	0.0001	0	0.0003	0.9933	0.0023
0	0	0.0039	0.0001	0	0.0003	0.9933	0.0023
0	0	0.0039	0.0001	0	0.0003	0.9933	0.0023
0	0	0.0039	0.0001	0	0.0003	0.9933	0.0023
0	0	0.0039	0.0001	0	0.0003	0.9933	0.0023
0	0	0.0039	0.0001	0	0.0003	0.9933	0.0023
0	0	0.004	0.0001	0	0.0004	0.9932	0.0023
0	0	0.004	0.0001	0	0.0004	0.9932	0.0023
0	0	0.004	0.0002	0	0.0004	0.9931	0.0023
0	0	0.0041	0.0002	0	0.0004	0.993	0.0023
0	0	0.0042	0.0002	0	0.0004	0.9929	0.0023
0	0	0.0043	0.0002	0	0.0004	0.9927	0.0023
0	0.0001	0.0045	0.0003	0	0.0004	0.9924	0.0024
0	0.0001	0.0049	0.0003	0	0.0004	0.992	0.0024
0	0.0001	0.0054	0.0003	0	0.0004	0.9914	0.0024
0	0.0001	0.0062	0.0004	0	0.0004	0.9905	0.0025
0	0.0001	0.0075	0.0004	0	0.0004	0.989	0.0025
0	0.0001	0.0095	0.0005	0	0.0004	0.9869	0.0026
0	0.0001	0.0126	0.0006	0	0.0004	0.9836	0.0026
0	0.0002	0.0175	0.0006	0	0.0005	0.9785	0.0027
0	0.0003	0.025	0.0007	0	0.0009	0.9703	0.0027
0	0.0004	0.0364	0.0008	0.0001	0.005	0.9546	0.0028
0	0.0002	0.0487	0.0008	0.0003	0.0558	0.8915	0.0027
0	0	0.0016	0	0.0003	0.6834	0.3143	0.0004
0	0.0001	0.0257	0.0015	0	0.0558	0.9147	0.0021
0	0.0001	0.0198	0.0014	0	0.005	0.9715	0.0022
0	0.0001	0.0143	0.0012	0	0.0009	0.9814	0.0021
0	0	0.0107	0.0011	0	0.0005	0.9857	0.002
0	0	0.0083	0.0009	0	0.0004	0.9884	0.0019
0	0	0.0068	0.0008	0	0.0004	0.9901	0.0018
0	0	0.0058	0.0007	0	0.0004	0.9913	0.0018
0	0	0.0051	0.0006	0	0.0004	0.9921	0.0017
0	0	0.0047	0.0005	0	0.0004	0.9927	0.0016
0	0	0.0045	0.0005	0	0.0004	0.9931	0.0016
0	0	0.0043	0.0004	0	0.0004	0.9934	0.0015
0	0	0.0042	0.0003	0	0.0004	0.9936	0.0015
0	0	0.0041	0.0003	0	0.0004	0.9938	0.0015
0	0	0.004	0.0003	0	0.0004	0.9939	0.0014
0	0	0.004	0.0002	0	0.0004	0.994	0.0014
0	0	0.004	0.0002	0	0.0004	0.9941	0.0014
0	0	0.004	0.0002	0	0.0003	0.9942	0.0013
0	0	0.0039	0.0002	0	0.0003	0.9942	0.0013
0	0	0.0039	0.0001	0	0.0003	0.9943	0.0013
0	0	0.0039	0.0001	0	0.0003	0.9943	0.0013
0	0	0.0039	0.0001	0	0.0003	0.9943	0.0013
0	0	0.0039	0.0001	0	0.0003	0.9943	0.0013
0	0	0.0039	0.0001	0	0.0003	0.9944	0.0013
0	0	0.0039	0.0001	0	0.0003	0.9944	0.0013
0	0	0.0039	0.0001	0	0.0003	0.9944	0.0013
0	0	0.0039	0.0001	0	0.0003	0.9944	0.0013
0	0	0.0039	0.0001	0	0.0003	0.9944	0.0013
0	0	0.0039	0.0001	0	0.0003	0.9944	0.0013
0	0	0.0039	0	0	0.0003	0.9944	0.0013
0	0	0.0039	0	0	0.0003	0.9944	0.0013
0	0	0.0039	0	0	0.0003	0.9943	0.0014
0	0	0.0039	0	0	0.0003	0.9943	0.0014
0	0	0.0039	0	0	0.0003	0.9943	0.0014
0	0	0.0039	0	0	0.0003	0.9943	0.0014
0	0	0.0039	0	0	0.0003	0.9942	0.0015
0	0	0.0039	0	0	0.0003	0.9942	0.0015
0	0	0.0039	0	0	0.0003	0.9941	0.0016
0	0	0.0039	0	0	0.0003	0.9941	0.0016
0	0	0.0039	0	0	0.0003	0.994	0.0017
0	0	0.0039	0	0	0.0004	0.994	0.0017
0	0	0.0039	0	0	0.0004	0.9939	0.0018
0	0	0.0039	0	0	0.0004	0.9938	0.0019
0	0	0.0039	0	0	0.0004	0.9937	0.002
0	0	0.0039	0	0	0.0004	0.9936	0.0021
0	0	0.0039	0	0	0.0004	0.9935	0.0022
0	0	0.0039	0	0	0.0004	0.9934	0.0023
0	0	0.0039	0	0	0.0004	0.9933	0.0024
0	0	0.0039	0.0001	0	0.0004	0.9931	0.0025
0	0	0.0039	0.0001	0	0.0004	0.993	0.0027
0	0	0.0039	0.0001	0	0.0004	0.9928	0.0028
0	0.0001	0.0039	0.0001	0	0.0004	0.9926	0.003
0	0.0001	0.0039	0.0001	0	0.0004	0.9924	0.0032
0	0.0001	0.0039	0.0001	0	0.0004	0.9922	0.0034
0	0.0001	0.0039	0.0001	0	0.0004	0.9919	0.0036
0	0.0001	0.0039	0.0001	0	0.0004	0.9917	0.0039
0	0.0001	0.0039	0.0001	0	0.0004	0.9914	0.0041
0	0.0001	0.0039	0.0001	0	0.0004	0.991	0.0044
0	0.0001	0.0039	0.0001	0	0.0004	0.9907	0.0048
0	0.0001	0.0039	0.0002	0	0.0004	0.9903	0.0051
0	0.0001	0.0039	0.0002	0	0.0004	0.9899	0.0055
0	0.0001	0.0039	0.0002	0	0.0004	0.9894	0.0059
0	0.0001	0.0039	0.0002	0	0.0004	0.9889	0.0064
0	0.0001	0.0039	0.0003	0	0.0004	0.9883	0.0069
0	0.0002	0.0039	0.0003	0	0.0004	0.9877	0.0074
0	0.0002	0.0039	0.0003	0	0.0005	0.987	0.008
0	0.0002	0.004	0.0004	0	0.0005	0.9863	0.0087
0	0.0002	0.004	0.0004	0	0.0005	0.9855	0.0094
0	0.0002	0.004	0.0005	0	0.0005	0.9846	0.0102
0	0.0003	0.004	0.0006	0	0.0005	0.9836	0.011
0	0.0003	0.004	0.0007	0	0.0005	0.9826	0.0119
0	0.0003	0.004	0.0008	0	0.0006	0.9814	0.0129
0	0.0004	0.004	0.0009	0	0.0006	0.9801	0.014
0	0.0004	0.0041	0.001	0	0.0006	0.9787	0.0152
0	0.0004	0.0041	0.0011	0	0.0006	0.9771	0.0165
0	0.0005	0.0041	0.0013	0	0.0007	0.9754	0.018
0	0.0006	0.0042	0.0015	0	0.0007	0.9735	0.0195
0	0.0006	0.0043	0.0017	0	0.0007	0.9713	0.0212
0	0.0007	0.0044	0.002	0	0.0008	0.969	0.0231
0	0.0008	0.0046	0.0023	0	0.0008	0.9664	0.0251
0	0.0009	0.0048	0.0027	0	0.0009	0.9634	0.0273
0	0.001	0.0051	0.0031	0.0001	0.001	0.9601	0.0297
0	0.0011	0.0056	0.0036	0.0001	0.001	0.9563	0.0324
0	0.0012	0.0063	0.0041	0.0001	0.0011	0.952	0.0352
0	0.0014	0.0073	0.0048	0.0001	0.0012	0.9469	0.0384
0	0.0016	0.0089	0.0055	0.0001	0.0013	0.9408	0.0418
0	0.0019	0.0114	0.0064	0.0001	0.0014	0.9333	0.0455
0	0.0023	0.0152	0.0073	0.0001	0.0016	0.9239	0.0496
0	0.0029	0.021	0.0085	0.0001	0.0017	0.9117	0.054
0	0.0039	0.03	0.0098	0.0002	0.0019	0.8953	0.0588
0	0.0058	0.044	0.0112	0.0003	0.0022	0.8725	0.064
0	0.0092	0.0656	0.0128	0.0005	0.0032	0.839	0.0696
0	0.0144	0.0983	0.0146	0.0014	0.0118	0.7838	0.0757
0	0.0153	0.1384	0.0164	0.0071	0.1139	0.6267	0.0822
0	0.0119	0.099	0.0567	0.0021	0.0136	0.6782	0.1384
0	0.0091	0.0722	0.0676	0.001	0.0041	0.6966	0.1493
0	0.008	0.0549	0.0737	0.0007	0.0029	0.7044	0.1554
0	0.0084	0.0439	0.0779	0.0006	0.0026	0.7058	0.1608
0	0.0106	0.0375	0.081	0.0006	0.0024	0.7019	0.166
0	0.0157	0.0344	0.0829	0.0007	0.0024	0.6927	0.1711
0	0.0261	0.0341	0.0835	0.001	0.0026	0.6765	0.1762
0	0.047	0.0367	0.0819	0.0016	0.0029	0.6489	0.181
0	0.0892	0.0422	0.0766	0.0026	0.0048	0.5995	0.1849
0.0001	0.1774	0.0492	0.0641	0.0033	0.0242	0.4951	0.1866
0	0.16	0.1102	0.057	0.0437	0.0561	0.4121	0.1609
0	0.0485	0.171	0.0303	0.1608	0.5003	0.0314	0.0577
0	0.0049	0.099	0.0267	0.1655	0.6695	0	0.0344
0	0.0288	0.0897	0.1195	0.0294	0.0601	0.5985	0.074
0	0.0203	0.0615	0.1411	0.0071	0.0066	0.6814	0.082
0	0.0125	0.0412	0.1491	0.0026	0.0015	0.7083	0.0848
0	0.0077	0.0279	0.1529	0.0012	0.0009	0.7233	0.086
0	0.0051	0.0193	0.1547	0.0007	0.0007	0.7328	0.0866
0	0.0036	0.0138	0.1556	0.0004	0.0006	0.7391	0.0869
0	0.0028	0.0102	0.156	0.0003	0.0006	0.7432	0.087
0	0.0023	0.0079	0.1561	0.0002	0.0005	0.7459	0.087
0	0.0021	0.0064	0.1562	0.0002	0.0005	0.7476	0.087
0	0.002	0.0055	0.1561	0.0002	0.0005	0.7488	0.0869
0	0.0019	0.0049	0.1562	0.0002	0.0005	0.7494	0.0869
0	0.0019	0.0046	0.1562	0.0001	0.0005	0.7497	0.0869
0	0.0019	0.0045	0.1563	0.0001	0.0005	0.7498	0.0868
0	0.002	0.0046	0.1564	0.0001	0.0005	0.7495	0.0868
0	0.002	0.005	0.1566	0.0001	0.0005	0.7489	0.0868
0	0.0021	0.0056	0.1568	0.0001	0.0005	0.748	0.0868
0	0.0023	0.0066	0.1571	0.0002	0.0005	0.7465	0.0867
0.0001	0.0026	0.0082	0.1574	0.0002	0.0006	0.7444	0.0867
0.0001	0.003	0.0107	0.1576	0.0002	0.0006	0.7412	0.0867
0.0001	0.0037	0.0145	0.1579	0.0002	0.0007	0.7364	0.0865
0.0001	0.005	0.0205	0.1579	0.0003	0.0008	0.7292	0.0863
0.0001	0.0073	0.0298	0.1576	0.0004	0.0009	0.7182	0.0858
0.0001	0.0115	0.0441	0.1566	0.0006	0.0014	0.7008	0.0849
0.0001	0.0186	0.066	0.1542	0.0014	0.0057	0.6708	0.0831
0	0.0261	0.0946	0.1496	0.0055	0.0577	0.5872	0.0793
0.0001	0.0042	0.0742	0.1353	0.028	0.6944	0	0.0638
0.0001	0.0098	0.0677	0.2561	0.0053	0.0595	0.4731	0.1284
0.0001	0.0076	0.0464	0.2713	0.0015	0.006	0.5318	0.1352
0.0001	0.0057	0.0313	0.2748	0.0007	0.0013	0.5495	0.1365
0.0001	0.0046	0.0215	0.2764	0.0005	0.0008	0.5592	0.1371
0.0001	0.004	0.0151	0.2773	0.0004	0.0006	0.5651	0.1374
0.0001	0.0036	0.011	0.278	0.0003	0.0006	0.5688	0.1377
0.0001	0.0035	0.0083	0.2785	0.0003	0.0006	0.5709	0.1379
0.0001	0.0034	0.0067	0.2789	0.0003	0.0006	0.572	0.1381
0.0001	0.0034	0.0057	0.2793	0.0002	0.0006	0.5723	0.1384
0.0001	0.0035	0.0052	0.2798	0.0002	0.0006	0.5721	0.1386
0.0001	0.0036	0.005	0.2802	0.0003	0.0006	0.5714	0.1388
0.0001	0.0039	0.0052	0.2808	0.0003	0.0006	0.5702	0.139
0.0001	0.0042	0.0057	0.2813	0.0003	0.0007	0.5685	0.1392
0.0001	0.0048	0.0067	0.2819	0.0003	0.0007	0.5661	0.1393
0.0001	0.0059	0.0084	0.2824	0.0003	0.0008	0.5627	0.1394
0.0001	0.0077	0.0109	0.2826	0.0004	0.0009	0.558	0.1394
0.0001	0.0111	0.0148	0.2823	0.0005	0.001	0.5511	0.1391
0.0001	0.0174	0.0209	0.2809	0.0007	0.0011	0.5406	0.1382
0.0001	0.0293	0.0303	0.2774	0.0012	0.0013	0.5243	0.1362
0.0001	0.0516	0.0447	0.2701	0.002	0.0016	0.4977	0.1322
0.0001	0.0927	0.0669	0.2559	0.0044	0.0022	0.4534	0.1244
0.0001	0.1611	0.1008	0.2311	0.0136	0.0064	0.3767	0.1103
0.0001	0.2165	0.1485	0.1979	0.0641	0.054	0.2285	0.0904
0.0001	0.2881	0.1303	0.215	0.0328	0.0071	0.2383	0.0883
0.0001	0.3656	0.1164	0.1846	0.0311	0.0026	0.2253	0.0742
0.0001	0.4813	0.1063	0.1189	0.0536	0.0035	0.1889	0.0474
0	0.5802	0.0947	0.0192	0.162	0.0193	0.1182	0.0065
0	0.0309	0.0369	0.0033	0.7282	0.2006	0	0.0001
0	0.0111	0.0346	0.0037	0.7502	0.2004	0	0
0	0.2054	0.0759	0.0237	0.5933	0.1016	0	0.0001
0	0.025	0.0485	0.0237	0.7448	0.1576	0	0.0004
