MV411	chr9_KI270719v1_random
E1	E2	E3	E4	E5	E6	E7	E8
0	0	0.0049	0	0.0003	0.0026	0.99	0.0022
0	0	0.0047	0	0	0.0006	0.9926	0.0021
0	0	0.0044	0	0	0.0004	0.9933	0.0019
0	0	0.0042	0	0	0.0004	0.9936	0.0017
0	0	0.0041	0	0	0.0004	0.9939	0.0016
0	0	0.004	0	0	0.0004	0.9941	0.0015
0	0	0.004	0	0	0.0004	0.9943	0.0013
0	0	0.004	0	0	0.0004	0.9944	0.0012
0	0	0.0039	0	0	0.0004	0.9945	0.0011
0	0	0.0039	0	0	0.0003	0.9946	0.001
0	0	0.0039	0	0	0.0003	0.9947	0.001
0	0	0.0039	0	0	0.0003	0.9948	0.0009
0	0	0.0039	0	0	0.0003	0.9949	0.0008
0	0	0.0039	0	0	0.0003	0.995	0.0007
0	0	0.0039	0	0	0.0003	0.995	0.0007
0	0	0.0039	0	0	0.0003	0.9951	0.0006
0	0	0.0039	0	0	0.0003	0.9951	0.0006
0	0	0.0039	0	0	0.0003	0.9952	0.0005
0	0	0.0039	0	0	0.0003	0.9952	0.0005
0	0	0.0039	0	0	0.0003	0.9953	0.0005
0	0	0.0039	0	0	0.0003	0.9953	0.0004
0	0	0.0039	0	0	0.0003	0.9953	0.0004
0	0	0.0039	0	0	0.0003	0.9954	0.0004
0	0	0.0039	0	0	0.0003	0.9954	0.0003
0	0	0.0039	0	0	0.0003	0.9954	0.0003
0	0	0.0039	0	0	0.0003	0.9954	0.0003
0	0	0.0039	0	0	0.0003	0.9955	0.0003
0	0	0.0039	0	0	0.0003	0.9955	0.0003
0	0	0.0039	0	0	0.0003	0.9955	0.0002
0	0	0.0039	0	0	0.0003	0.9955	0.0002
0	0	0.0039	0	0	0.0003	0.9955	0.0002
0	0	0.0039	0	0	0.0003	0.9955	0.0002
0	0	0.0039	0	0	0.0003	0.9956	0.0002
0	0	0.0039	0	0	0.0003	0.9956	0.0002
0	0	0.0039	0	0	0.0003	0.9956	0.0002
0	0	0.0039	0	0	0.0003	0.9956	0.0001
0	0	0.0039	0	0	0.0003	0.9956	0.0001
0	0	0.0039	0	0	0.0003	0.9956	0.0001
0	0	0.0039	0	0	0.0003	0.9956	0.0001
0	0	0.0039	0	0	0.0003	0.9956	0.0001
0	0	0.0039	0	0	0.0003	0.9956	0.0001
0	0	0.0039	0	0	0.0003	0.9956	0.0001
0	0	0.0039	0	0	0.0003	0.9956	0.0001
0	0	0.0039	0	0	0.0003	0.9956	0.0001
0	0	0.0039	0	0	0.0003	0.9956	0.0001
0	0	0.0039	0	0	0.0003	0.9956	0.0001
0	0	0.0039	0	0	0.0003	0.9957	0.0001
0	0	0.0039	0	0	0.0003	0.9957	0.0001
0	0	0.0039	0	0	0.0003	0.9957	0.0001
0	0	0.0039	0	0	0.0003	0.9957	0.0001
0	0	0.0039	0	0	0.0003	0.9957	0.0001
0	0	0.0039	0	0	0.0003	0.9957	0.0001
0	0	0.0039	0	0	0.0003	0.9957	0.0001
0	0	0.0039	0	0	0.0003	0.9957	0.0001
0	0	0.0039	0	0	0.0003	0.9957	0.0001
0	0	0.0039	0	0	0.0003	0.9957	0.0001
0	0	0.0039	0	0	0.0003	0.9957	0.0001
0	0	0.0039	0	0	0.0003	0.9957	0.0001
0	0	0.0039	0	0	0.0003	0.9957	0.0001
0	0	0.0039	0	0	0.0003	0.9957	0.0001
0	0	0.0039	0	0	0.0003	0.9957	0.0001
0	0	0.0039	0	0	0.0003	0.9957	0.0001
0	0	0.0039	0	0	0.0003	0.9957	0.0001
0	0	0.0039	0	0	0.0003	0.9957	0.0001
0	0	0.0039	0	0	0.0003	0.9957	0.0001
0	0	0.0039	0	0	0.0003	0.9957	0.0001
0	0	0.0039	0	0	0.0003	0.9957	0.0001
0	0	0.0039	0	0	0.0003	0.9957	0.0001
0	0	0.0039	0	0	0.0003	0.9957	0.0001
0	0	0.0039	0	0	0.0003	0.9957	0.0001
0	0	0.0039	0	0	0.0003	0.9957	0.0001
0	0	0.0039	0	0	0.0003	0.9957	0.0001
0	0	0.0039	0	0	0.0003	0.9957	0.0001
0	0	0.0039	0	0	0.0003	0.9957	0
0	0	0.0039	0	0	0.0003	0.9957	0
0	0	0.0039	0	0	0.0003	0.9957	0
0	0	0.0039	0	0	0.0003	0.9957	0
0	0	0.0039	0	0	0.0003	0.9957	0
0	0	0.0039	0	0	0.0003	0.9957	0
0	0	0.0039	0	0	0.0003	0.9957	0
0	0	0.0039	0	0	0.0003	0.9957	0
0	0	0.0039	0	0	0.0003	0.9957	0
0	0	0.0039	0	0	0.0003	0.9957	0
0	0	0.0039	0	0	0.0003	0.9957	0
0	0	0.0039	0	0	0.0003	0.9957	0
0	0	0.0039	0	0	0.0003	0.9957	0
0	0	0.0039	0	0	0.0003	0.9957	0
0	0	0.0039	0	0	0.0003	0.9957	0
0	0	0.0039	0	0	0.0003	0.9957	0
0	0	0.0039	0	0	0.0003	0.9957	0
0	0	0.0039	0	0	0.0003	0.9957	0
0	0	0.0039	0	0	0.0003	0.9957	0
0	0	0.0039	0	0	0.0003	0.9957	0
0	0	0.0039	0	0	0.0003	0.9957	0
0	0	0.0039	0	0	0.0003	0.9957	0
0	0	0.0039	0	0	0.0003	0.9957	0
0	0	0.0039	0	0	0.0003	0.9957	0
0	0	0.0039	0	0	0.0003	0.9957	0
0	0	0.0039	0	0	0.0003	0.9957	0
0	0	0.0039	0	0	0.0003	0.9957	0
0	0	0.0039	0	0	0.0003	0.9957	0
0	0	0.0039	0	0	0.0003	0.9957	0
0	0	0.0039	0	0	0.0003	0.9957	0
0	0	0.0039	0	0	0.0003	0.9957	0
0	0	0.0039	0	0	0.0003	0.9957	0
0	0	0.0039	0	0	0.0003	0.9957	0
0	0	0.0039	0	0	0.0003	0.9957	0
0	0	0.0039	0	0	0.0003	0.9957	0
0	0	0.0039	0	0	0.0003	0.9957	0
0	0	0.0039	0	0	0.0003	0.9957	0
0	0	0.0039	0	0	0.0003	0.9957	0
0	0	0.0039	0	0	0.0003	0.9957	0
0	0	0.0039	0	0	0.0003	0.9957	0
0	0	0.0039	0	0	0.0003	0.9957	0
0	0	0.0039	0	0	0.0003	0.9957	0
0	0	0.0039	0	0	0.0003	0.9957	0
0	0	0.0039	0	0	0.0003	0.9957	0
0	0	0.0039	0	0	0.0003	0.9957	0
0	0	0.0039	0	0	0.0003	0.9957	0
0	0	0.0039	0	0	0.0003	0.9957	0
0	0	0.0039	0	0	0.0003	0.9957	0
0	0	0.0039	0	0	0.0003	0.9957	0
0	0	0.0039	0	0	0.0003	0.9957	0
0	0	0.0039	0	0	0.0003	0.9957	0
0	0	0.0039	0	0	0.0003	0.9957	0
0	0	0.0039	0	0	0.0003	0.9957	0
0	0	0.0039	0	0	0.0003	0.9957	0
0	0	0.0039	0	0	0.0003	0.9957	0
0	0	0.0039	0	0	0.0003	0.9957	0
0	0	0.0039	0	0	0.0003	0.9957	0
0	0	0.0039	0	0	0.0003	0.9957	0
0	0	0.0039	0	0	0.0003	0.9957	0
0	0	0.0039	0	0	0.0003	0.9957	0
0	0	0.0039	0	0	0.0003	0.9957	0
0	0	0.0039	0	0	0.0003	0.9957	0
0	0	0.0039	0	0	0.0003	0.9957	0
0	0	0.0039	0	0	0.0003	0.9957	0
0	0	0.0039	0	0	0.0003	0.9957	0
0	0	0.0039	0	0	0.0003	0.9957	0
0	0	0.0039	0	0	0.0003	0.9957	0
0	0	0.0039	0	0	0.0003	0.9957	0
0	0	0.0039	0	0	0.0003	0.9957	0
0	0	0.0039	0	0	0.0003	0.9957	0
0	0	0.0039	0	0	0.0003	0.9957	0
0	0	0.0039	0	0	0.0003	0.9957	0
0	0	0.0039	0	0	0.0003	0.9957	0
0	0	0.0039	0	0	0.0003	0.9957	0
0	0	0.0039	0	0	0.0003	0.9957	0
0	0	0.0039	0	0	0.0003	0.9957	0
0	0	0.0039	0	0	0.0003	0.9957	0
0	0	0.0039	0	0	0.0003	0.9957	0
0	0	0.0039	0	0	0.0003	0.9957	0
0	0	0.0039	0	0	0.0003	0.9957	0
0	0	0.0039	0	0	0.0003	0.9957	0
0	0	0.0039	0	0	0.0003	0.9957	0
0	0	0.0039	0	0	0.0003	0.9957	0
0	0	0.0039	0	0	0.0003	0.9957	0
0	0	0.0039	0	0	0.0003	0.9957	0
0	0	0.0039	0	0	0.0003	0.9957	0
0	0	0.0039	0	0	0.0003	0.9957	0
0	0	0.0039	0	0	0.0003	0.9957	0
0	0	0.0039	0	0	0.0003	0.9957	0
0	0	0.0039	0	0	0.0003	0.9957	0
0	0	0.0039	0	0	0.0003	0.9957	0
0	0	0.0039	0	0	0.0003	0.9957	0
0	0	0.0039	0	0	0.0003	0.9957	0
0	0	0.0039	0	0	0.0003	0.9957	0
0	0	0.0039	0	0	0.0003	0.9957	0
0	0	0.0039	0	0	0.0003	0.9957	0
0	0	0.0039	0	0	0.0003	0.9957	0
0	0	0.0039	0	0	0.0003	0.9957	0
0	0	0.0039	0	0	0.0003	0.9957	0
0	0	0.0039	0	0	0.0003	0.9957	0
0	0	0.0039	0	0	0.0003	0.9957	0
0	0	0.0039	0	0	0.0003	0.9957	0
0	0	0.0039	0	0	0.0003	0.9957	0
0	0	0.0039	0	0	0.0003	0.9957	0
0	0	0.0039	0	0	0.0003	0.9957	0
0	0	0.0039	0	0	0.0003	0.9957	0
0	0	0.0039	0	0	0.0003	0.9957	0
0	0	0.0039	0	0	0.0003	0.9957	0
0	0	0.0039	0	0	0.0003	0.9957	0
0	0	0.0039	0	0	0.0003	0.9957	0
0	0	0.0039	0	0	0.0003	0.9957	0
0	0	0.0039	0	0	0.0003	0.9957	0
0	0	0.0039	0	0	0.0003	0.9957	0
0	0	0.0039	0	0	0.0003	0.9957	0
0	0	0.0039	0	0	0.0003	0.9957	0
0	0	0.0039	0	0	0.0003	0.9957	0
0	0	0.0039	0	0	0.0003	0.9957	0
0	0	0.0039	0	0	0.0003	0.9957	0
0	0	0.0039	0	0	0.0003	0.9957	0
0	0	0.0039	0	0	0.0003	0.9957	0
0	0	0.0039	0	0	0.0003	0.9957	0
0	0	0.0039	0	0	0.0003	0.9957	0
0	0	0.0039	0	0	0.0003	0.9957	0
0	0	0.0039	0	0	0.0003	0.9957	0
0	0	0.0039	0	0	0.0003	0.9957	0
0	0	0.0039	0	0	0.0003	0.9957	0
0	0	0.0039	0	0	0.0003	0.9957	0
0	0	0.0039	0	0	0.0003	0.9957	0
0	0	0.0039	0	0	0.0003	0.9957	0
0	0	0.0039	0	0	0.0003	0.9957	0
0	0	0.0039	0	0	0.0003	0.9957	0
0	0	0.0039	0	0	0.0003	0.9957	0
0	0	0.0039	0	0	0.0003	0.9957	0
0	0	0.0039	0	0	0.0003	0.9957	0
0	0	0.0039	0	0	0.0003	0.9957	0
0	0	0.0039	0	0	0.0003	0.9957	0
0	0	0.0039	0	0	0.0003	0.9957	0
0	0	0.0039	0	0	0.0003	0.9957	0
0	0	0.0039	0	0	0.0003	0.9957	0
0	0	0.0039	0	0	0.0003	0.9957	0
0	0	0.0039	0	0	0.0003	0.9957	0
0	0	0.0039	0	0	0.0003	0.9957	0
0	0	0.0039	0	0	0.0003	0.9957	0
0	0	0.0039	0	0	0.0003	0.9957	0
0	0	0.0039	0	0	0.0003	0.9957	0
0	0	0.0039	0	0	0.0003	0.9957	0
0	0	0.0039	0	0	0.0003	0.9957	0
0	0	0.0039	0	0	0.0003	0.9957	0
0	0	0.0039	0	0	0.0003	0.9957	0
0	0	0.0039	0	0	0.0003	0.9957	0
0	0	0.0039	0	0	0.0003	0.9957	0
0	0	0.0039	0	0	0.0003	0.9957	0
0	0	0.0039	0	0	0.0003	0.9957	0
0	0	0.0039	0	0	0.0003	0.9957	0
0	0	0.0039	0	0	0.0003	0.9957	0
0	0	0.0039	0	0	0.0003	0.9957	0
0	0	0.0039	0	0	0.0003	0.9957	0
0	0	0.0039	0	0	0.0003	0.9957	0
0	0	0.0039	0	0	0.0003	0.9957	0
0	0	0.0039	0	0	0.0003	0.9957	0
0	0	0.0039	0	0	0.0003	0.9957	0
0	0	0.0039	0	0	0.0003	0.9957	0
0	0	0.0039	0	0	0.0003	0.9957	0
0	0	0.0039	0	0	0.0003	0.9957	0
0	0	0.0039	0	0	0.0003	0.9957	0
0	0	0.0039	0	0	0.0003	0.9957	0
0	0	0.0039	0	0	0.0003	0.9957	0
0	0	0.0039	0	0	0.0003	0.9957	0
0	0	0.0039	0	0	0.0003	0.9957	0
0	0	0.0039	0	0	0.0003	0.9957	0
0	0	0.0039	0	0	0.0003	0.9957	0
0	0	0.0039	0	0	0.0003	0.9957	0
0	0	0.0039	0	0	0.0003	0.9957	0
0	0	0.0039	0	0	0.0003	0.9957	0
0	0	0.0039	0	0	0.0003	0.9957	0
0	0	0.0039	0	0	0.0003	0.9957	0
0	0	0.0039	0	0	0.0003	0.9957	0
0	0	0.0039	0	0	0.0003	0.9957	0
0	0	0.0039	0	0	0.0003	0.9957	0
0	0	0.0039	0	0	0.0003	0.9957	0
0	0	0.0039	0	0	0.0003	0.9957	0
0	0	0.0039	0	0	0.0003	0.9957	0
0	0	0.0039	0	0	0.0003	0.9957	0
0	0	0.0039	0	0	0.0003	0.9957	0
0	0	0.0039	0	0	0.0003	0.9957	0
0	0	0.0039	0	0	0.0003	0.9957	0
0	0	0.0039	0	0	0.0003	0.9957	0
0	0	0.0039	0	0	0.0003	0.9957	0
0	0	0.0039	0	0	0.0003	0.9957	0
0	0	0.0039	0	0	0.0003	0.9957	0
0	0	0.0039	0	0	0.0003	0.9957	0
0	0	0.0039	0	0	0.0003	0.9957	0
0	0	0.0039	0	0	0.0003	0.9957	0
0	0	0.0039	0	0	0.0003	0.9957	0
0	0	0.0039	0	0	0.0003	0.9957	0
0	0	0.0039	0	0	0.0003	0.9957	0
0	0	0.0039	0	0	0.0003	0.9957	0
0	0	0.0039	0	0	0.0003	0.9957	0
0	0	0.0039	0	0	0.0003	0.9957	0
0	0	0.0039	0	0	0.0003	0.9957	0
0	0	0.0039	0	0	0.0003	0.9957	0
0	0	0.0039	0	0	0.0003	0.9957	0
0	0	0.0039	0	0	0.0003	0.9957	0
0	0	0.0039	0	0	0.0003	0.9957	0
0	0	0.0039	0	0	0.0003	0.9957	0
0	0	0.0039	0	0	0.0003	0.9957	0
0	0	0.0039	0	0	0.0003	0.9957	0
0	0	0.0039	0	0	0.0003	0.9957	0
0	0	0.0039	0	0	0.0003	0.9957	0
0	0	0.0039	0	0	0.0003	0.9957	0
0	0	0.0039	0	0	0.0003	0.9957	0
0	0	0.0039	0	0	0.0003	0.9957	0
0	0	0.0039	0	0	0.0003	0.9957	0
0	0	0.0039	0	0	0.0003	0.9957	0
0	0	0.0039	0	0	0.0003	0.9957	0
0	0	0.0039	0	0	0.0003	0.9957	0
0	0	0.0039	0	0	0.0003	0.9957	0
0	0	0.0039	0	0	0.0003	0.9957	0
0	0	0.0039	0	0	0.0003	0.9957	0
0	0	0.0039	0	0	0.0003	0.9957	0
0	0	0.0039	0	0	0.0003	0.9957	0
0	0	0.0039	0	0	0.0003	0.9957	0
0	0	0.0039	0	0	0.0003	0.9957	0
0	0	0.0039	0	0	0.0003	0.9957	0
0	0	0.0039	0	0	0.0003	0.9957	0
0	0	0.0039	0	0	0.0003	0.9957	0
0	0	0.0039	0	0	0.0003	0.9957	0
0	0	0.0039	0	0	0.0003	0.9957	0
0	0	0.0039	0	0	0.0003	0.9957	0
0	0	0.0039	0	0	0.0003	0.9957	0
0	0	0.0039	0	0	0.0003	0.9957	0
0	0	0.0039	0	0	0.0003	0.9957	0
0	0	0.0039	0	0	0.0003	0.9957	0
0	0	0.0039	0	0	0.0003	0.9957	0
0	0	0.0039	0	0	0.0003	0.9957	0
0	0	0.0039	0	0	0.0003	0.9957	0
0	0	0.0039	0	0	0.0003	0.9957	0
0	0	0.0039	0	0	0.0003	0.9957	0
0	0	0.0039	0	0	0.0003	0.9957	0
0	0	0.0039	0	0	0.0003	0.9957	0
0	0	0.0039	0	0	0.0003	0.9957	0
0	0	0.0039	0	0	0.0003	0.9957	0
0	0	0.0039	0	0	0.0003	0.9957	0
0	0	0.0039	0	0	0.0003	0.9957	0
0	0	0.0039	0	0	0.0003	0.9957	0
0	0	0.0039	0	0	0.0003	0.9957	0
0	0	0.0039	0	0	0.0003	0.9957	0
0	0	0.0039	0	0	0.0003	0.9957	0
0	0	0.0039	0	0	0.0003	0.9957	0
0	0	0.0039	0	0	0.0003	0.9957	0
0	0	0.0039	0	0	0.0003	0.9957	0
0	0	0.0039	0	0	0.0003	0.9957	0
0	0	0.0039	0	0	0.0003	0.9957	0
0	0	0.0039	0	0	0.0003	0.9957	0
0	0	0.0039	0	0	0.0003	0.9957	0
0	0	0.0039	0	0	0.0003	0.9957	0
0	0	0.0039	0	0	0.0003	0.9957	0
0	0	0.0039	0	0	0.0003	0.9957	0
0	0	0.0039	0	0	0.0003	0.9957	0
0	0	0.0039	0	0	0.0003	0.9957	0
0	0	0.0039	0	0	0.0003	0.9957	0
0	0	0.0039	0	0	0.0003	0.9957	0
0	0	0.0039	0	0	0.0003	0.9957	0
0	0	0.0039	0	0	0.0003	0.9957	0
0	0	0.0039	0	0	0.0003	0.9957	0
0	0	0.0039	0	0	0.0003	0.9957	0
0	0	0.0039	0	0	0.0003	0.9957	0
0	0	0.0039	0	0	0.0003	0.9957	0
0	0	0.0039	0	0	0.0003	0.9957	0
0	0	0.0039	0	0	0.0003	0.9957	0
0	0	0.0039	0	0	0.0003	0.9957	0
0	0	0.0039	0	0	0.0003	0.9957	0
0	0	0.0039	0	0	0.0003	0.9957	0
0	0	0.0039	0	0	0.0003	0.9957	0
0	0	0.0039	0	0	0.0003	0.9957	0
0	0	0.0039	0	0	0.0003	0.9957	0
0	0	0.0039	0	0	0.0003	0.9957	0
0	0	0.0039	0	0	0.0003	0.9957	0
0	0	0.0039	0	0	0.0003	0.9957	0
0	0	0.0039	0	0	0.0003	0.9957	0
0	0	0.0039	0	0	0.0003	0.9957	0
0	0	0.0039	0	0	0.0003	0.9957	0
0	0	0.0039	0	0	0.0003	0.9957	0
0	0	0.0039	0	0	0.0003	0.9957	0
0	0	0.0039	0	0	0.0003	0.9957	0
0	0	0.0039	0	0	0.0003	0.9957	0
0	0	0.0039	0	0	0.0003	0.9957	0
0	0	0.0039	0	0	0.0003	0.9957	0
0	0	0.0039	0	0	0.0003	0.9957	0
0	0	0.0039	0	0	0.0003	0.9957	0
0	0	0.0039	0	0	0.0003	0.9957	0
0	0	0.0039	0	0	0.0003	0.9957	0
0	0	0.0039	0	0	0.0003	0.9957	0
0	0	0.0039	0	0	0.0003	0.9957	0
0	0	0.0039	0	0	0.0003	0.9957	0
0	0	0.0039	0	0	0.0003	0.9957	0
0	0	0.0039	0	0	0.0003	0.9957	0
0	0	0.0039	0	0	0.0003	0.9957	0
0	0	0.0039	0	0	0.0003	0.9957	0
0	0	0.0039	0	0	0.0003	0.9957	0
0	0	0.0039	0	0	0.0003	0.9957	0
0	0	0.0039	0	0	0.0003	0.9957	0
0	0	0.0039	0	0	0.0003	0.9957	0
0	0	0.0039	0	0	0.0003	0.9957	0
0	0	0.0039	0	0	0.0003	0.9957	0
0	0	0.0039	0	0	0.0003	0.9957	0
0	0	0.0039	0	0	0.0003	0.9957	0
0	0	0.0039	0	0	0.0003	0.9957	0
0	0	0.0039	0	0	0.0003	0.9957	0
0	0	0.0039	0	0	0.0003	0.9957	0
0	0	0.0039	0	0	0.0003	0.9957	0
0	0	0.0039	0	0	0.0003	0.9957	0
0	0	0.0039	0	0	0.0003	0.9957	0
0	0	0.0039	0	0	0.0003	0.9957	0
0	0	0.0039	0	0	0.0003	0.9957	0
0	0	0.0039	0	0	0.0003	0.9957	0
0	0	0.0039	0	0	0.0003	0.9957	0
0	0	0.0039	0	0	0.0003	0.9957	0
0	0	0.0039	0	0	0.0003	0.9957	0
0	0	0.0039	0	0	0.0003	0.9957	0
0	0	0.0039	0	0	0.0003	0.9957	0
0	0	0.0039	0	0	0.0003	0.9957	0.0001
0	0	0.0039	0	0	0.0003	0.9957	0.0001
0	0	0.0039	0	0	0.0003	0.9957	0.0001
0	0	0.0039	0	0	0.0003	0.9957	0.0001
0	0	0.0039	0	0	0.0003	0.9957	0.0001
0	0	0.0039	0	0	0.0003	0.9957	0.0001
0	0	0.0039	0	0	0.0003	0.9957	0.0001
0	0	0.0039	0	0	0.0003	0.9957	0.0001
0	0	0.0039	0	0	0.0003	0.9957	0.0001
0	0	0.0039	0	0	0.0003	0.9957	0.0001
0	0	0.0039	0	0	0.0003	0.9957	0.0001
0	0	0.0039	0	0	0.0003	0.9957	0.0001
0	0	0.0039	0	0	0.0003	0.9957	0.0001
0	0	0.0039	0	0	0.0003	0.9957	0.0001
0	0	0.0039	0	0	0.0003	0.9957	0.0001
0	0	0.0039	0	0	0.0003	0.9957	0.0001
0	0	0.0039	0	0	0.0003	0.9957	0.0001
0	0	0.0039	0	0	0.0003	0.9957	0.0001
0	0	0.0039	0	0	0.0003	0.9957	0.0001
0	0	0.0039	0	0	0.0003	0.9957	0.0001
0	0	0.0039	0	0	0.0003	0.9957	0.0001
0	0	0.0039	0	0	0.0003	0.9957	0.0001
0	0	0.0039	0	0	0.0003	0.9957	0.0001
0	0	0.0039	0	0	0.0003	0.9957	0.0001
0	0	0.0039	0	0	0.0003	0.9957	0.0001
0	0	0.0039	0	0	0.0003	0.9957	0.0001
0	0	0.0039	0	0	0.0003	0.9956	0.0001
0	0	0.0039	0	0	0.0003	0.9956	0.0001
0	0	0.0039	0	0	0.0003	0.9956	0.0001
0	0	0.0039	0	0	0.0003	0.9956	0.0001
0	0	0.0039	0	0	0.0003	0.9956	0.0001
0	0	0.0039	0	0	0.0003	0.9956	0.0001
0	0	0.0039	0	0	0.0003	0.9956	0.0001
0	0	0.0039	0	0	0.0003	0.9956	0.0001
0	0	0.0039	0	0	0.0003	0.9956	0.0001
0	0	0.0039	0	0	0.0003	0.9956	0.0001
0	0	0.0039	0	0	0.0003	0.9956	0.0001
0	0	0.0039	0	0	0.0003	0.9956	0.0002
0	0	0.0039	0	0	0.0003	0.9956	0.0002
0	0	0.0039	0	0	0.0003	0.9956	0.0002
0	0	0.0039	0	0	0.0003	0.9955	0.0002
0	0	0.0039	0	0	0.0003	0.9955	0.0002
0	0	0.0039	0	0	0.0003	0.9955	0.0002
0	0	0.0039	0	0	0.0003	0.9955	0.0002
0	0	0.0039	0	0	0.0003	0.9955	0.0002
0	0	0.0039	0	0	0.0003	0.9955	0.0003
0	0	0.0039	0	0	0.0003	0.9954	0.0003
0	0	0.0039	0	0	0.0003	0.9954	0.0003
0	0	0.0039	0	0	0.0003	0.9954	0.0003
0	0	0.0039	0	0	0.0003	0.9954	0.0004
0	0	0.0039	0	0	0.0003	0.9953	0.0004
0	0	0.0039	0	0	0.0003	0.9953	0.0004
0	0	0.0039	0	0	0.0003	0.9953	0.0005
0	0	0.0039	0	0	0.0003	0.9952	0.0005
0	0	0.0039	0	0	0.0003	0.9952	0.0005
0	0	0.0039	0	0	0.0003	0.9951	0.0006
0	0	0.0039	0	0	0.0003	0.9951	0.0006
0	0	0.0039	0	0	0.0003	0.995	0.0007
0	0	0.0039	0	0	0.0003	0.995	0.0007
0	0	0.0039	0	0	0.0003	0.9949	0.0008
0	0	0.0039	0	0	0.0003	0.9948	0.0009
0	0	0.0039	0	0	0.0004	0.9948	0.0009
0	0	0.0039	0	0	0.0004	0.9947	0.001
0	0	0.0039	0	0	0.0004	0.9946	0.0011
0	0	0.0039	0	0	0.0004	0.9945	0.0012
0	0	0.0039	0	0	0.0004	0.9944	0.0013
0	0	0.0039	0	0	0.0004	0.9942	0.0014
0	0	0.0039	0.0001	0	0.0004	0.9941	0.0015
0	0	0.0039	0.0001	0	0.0004	0.994	0.0017
0	0	0.0039	0.0001	0	0.0004	0.9938	0.0018
0	0.0001	0.0038	0.0001	0	0.0004	0.9937	0.002
0	0.0001	0.0038	0.0001	0	0.0004	0.9935	0.0022
0	0.0001	0.0037	0.0001	0	0.0004	0.9933	0.0024
0	0.0001	0.0037	0.0001	0	0.0004	0.9932	0.0026
0	0.0001	0.0035	0.0001	0	0.0004	0.9931	0.0028
0	0.0001	0.0033	0.0001	0	0.0004	0.993	0.0031
0	0.0001	0.003	0.0001	0	0.0004	0.993	0.0033
0	0.0002	0.0024	0.0002	0	0.0006	0.9931	0.0036
0	0.0003	0.0013	0.0002	0	0.0025	0.9918	0.004
0	0.0001	0.0023	0.0002	0	0.0005	0.9931	0.0037
0	0.0001	0.0029	0.0002	0	0.0004	0.9931	0.0034
0	0	0.0033	0.0002	0	0.0004	0.993	0.0031
0	0	0.0035	0.0001	0	0.0004	0.9931	0.0028
0	0	0.0037	0.0001	0	0.0004	0.9932	0.0026
0	0	0.0038	0.0001	0	0.0004	0.9933	0.0024
0	0	0.0038	0.0001	0	0.0004	0.9935	0.0022
0	0	0.0039	0.0001	0	0.0004	0.9937	0.002
0	0	0.0039	0.0001	0	0.0004	0.9938	0.0018
0	0	0.0039	0.0001	0	0.0004	0.994	0.0017
0	0	0.0039	0.0001	0	0.0004	0.9941	0.0016
0	0	0.0039	0.0001	0	0.0004	0.9942	0.0014
0	0	0.0039	0.0001	0	0.0004	0.9944	0.0013
0	0	0.0039	0.0001	0	0.0004	0.9945	0.0012
0	0	0.0039	0	0	0.0004	0.9946	0.0011
0	0	0.0039	0	0	0.0004	0.9947	0.001
0	0	0.0039	0	0	0.0003	0.9947	0.0009
0	0	0.0039	0	0	0.0003	0.9948	0.0009
0	0	0.0039	0	0	0.0003	0.9949	0.0008
0	0	0.0039	0	0	0.0003	0.995	0.0007
0	0	0.0039	0	0	0.0003	0.995	0.0007
0	0	0.0039	0	0	0.0003	0.9951	0.0006
0	0	0.0039	0	0	0.0003	0.9951	0.0006
0	0	0.0039	0	0	0.0003	0.9952	0.0005
0	0	0.0039	0	0	0.0003	0.9952	0.0005
0	0	0.0039	0	0	0.0003	0.9953	0.0005
0	0	0.0039	0	0	0.0003	0.9953	0.0004
0	0	0.0039	0	0	0.0003	0.9953	0.0004
0	0	0.0039	0	0	0.0003	0.9954	0.0004
0	0	0.0039	0	0	0.0003	0.9954	0.0003
0	0	0.0039	0	0	0.0003	0.9954	0.0003
0	0	0.0039	0	0	0.0003	0.9954	0.0003
0	0	0.0039	0	0	0.0003	0.9955	0.0003
0	0	0.0039	0	0	0.0003	0.9955	0.0002
0	0	0.0039	0	0	0.0003	0.9955	0.0002
0	0	0.0039	0	0	0.0003	0.9955	0.0002
0	0	0.0039	0	0	0.0003	0.9955	0.0002
0	0	0.0039	0	0	0.0003	0.9955	0.0002
0	0	0.0039	0	0	0.0003	0.9956	0.0002
0	0	0.0039	0	0	0.0003	0.9956	0.0002
0	0	0.0039	0	0	0.0003	0.9956	0.0002
0	0	0.0039	0	0	0.0003	0.9956	0.0001
0	0	0.0039	0	0	0.0003	0.9956	0.0001
0	0	0.0039	0	0	0.0003	0.9956	0.0001
0	0	0.0039	0	0	0.0003	0.9956	0.0001
0	0	0.0039	0	0	0.0003	0.9956	0.0001
0	0	0.0039	0	0	0.0003	0.9956	0.0001
0	0	0.0039	0	0	0.0003	0.9956	0.0001
0	0	0.0039	0	0	0.0003	0.9956	0.0001
0	0	0.0039	0	0	0.0003	0.9956	0.0001
0	0	0.0039	0	0	0.0003	0.9956	0.0001
0	0	0.0039	0	0	0.0003	0.9956	0.0001
0	0	0.0039	0	0	0.0003	0.9957	0.0001
0	0	0.0039	0	0	0.0003	0.9957	0.0001
0	0	0.0039	0	0	0.0003	0.9957	0.0001
0	0	0.0039	0	0	0.0003	0.9957	0.0001
0	0	0.0039	0	0	0.0003	0.9957	0.0001
0	0	0.0039	0	0	0.0003	0.9957	0.0001
0	0	0.0039	0	0	0.0003	0.9957	0.0001
0	0	0.0039	0	0	0.0003	0.9957	0.0001
0	0	0.0039	0	0	0.0003	0.9957	0.0001
0	0	0.0039	0	0	0.0003	0.9957	0.0001
0	0	0.0039	0	0	0.0003	0.9957	0.0001
0	0	0.0039	0	0	0.0003	0.9957	0.0001
0	0	0.0039	0	0	0.0003	0.9957	0.0001
0	0	0.0039	0	0	0.0003	0.9957	0.0001
0	0	0.0039	0	0	0.0003	0.9957	0.0001
0	0	0.0039	0	0	0.0003	0.9957	0.0001
0	0	0.0039	0	0	0.0003	0.9957	0.0001
0	0	0.0039	0	0	0.0003	0.9957	0.0001
0	0	0.0039	0	0	0.0003	0.9957	0.0001
0	0	0.0039	0	0	0.0003	0.9957	0.0001
0	0	0.0039	0	0	0.0003	0.9957	0.0001
0	0	0.0039	0	0	0.0003	0.9957	0.0001
0	0	0.0039	0	0	0.0003	0.9957	0.0001
0	0	0.0039	0	0	0.0003	0.9957	0.0001
0	0	0.0039	0	0	0.0003	0.9957	0.0001
0	0	0.0039	0	0	0.0003	0.9957	0.0001
0	0	0.0039	0	0	0.0003	0.9957	0
0	0	0.0039	0	0	0.0003	0.9957	0
0	0	0.0039	0	0	0.0003	0.9957	0
0	0	0.0039	0	0	0.0003	0.9957	0
0	0	0.0039	0	0	0.0003	0.9957	0
0	0	0.0039	0	0	0.0003	0.9957	0
0	0	0.0039	0	0	0.0003	0.9957	0
0	0	0.0039	0	0	0.0003	0.9957	0
0	0	0.0039	0	0	0.0003	0.9957	0
0	0	0.0039	0	0	0.0003	0.9957	0
0	0	0.0039	0	0	0.0003	0.9957	0
0	0	0.0039	0	0	0.0003	0.9957	0
0	0	0.0039	0	0	0.0003	0.9957	0
0	0	0.0039	0	0	0.0003	0.9957	0
0	0	0.0039	0	0	0.0003	0.9957	0
0	0	0.0039	0	0	0.0003	0.9957	0
0	0	0.0039	0	0	0.0003	0.9957	0
0	0	0.0039	0	0	0.0003	0.9957	0
0	0	0.0039	0	0	0.0003	0.9957	0
0	0	0.0039	0	0	0.0003	0.9957	0
0	0	0.0039	0	0	0.0003	0.9957	0
0	0	0.0039	0	0	0.0003	0.9957	0
0	0	0.0039	0	0	0.0003	0.9957	0
0	0	0.0039	0	0	0.0003	0.9957	0
0	0	0.0039	0	0	0.0003	0.9957	0
0	0	0.0039	0	0	0.0003	0.9957	0
0	0	0.0039	0	0	0.0003	0.9957	0
0	0	0.0039	0	0	0.0003	0.9957	0
0	0	0.0039	0	0	0.0003	0.9957	0
0	0	0.0039	0	0	0.0003	0.9957	0
0	0	0.0039	0	0	0.0003	0.9957	0
0	0	0.0039	0	0	0.0003	0.9957	0
0	0	0.0039	0	0	0.0003	0.9957	0
0	0	0.0039	0	0	0.0003	0.9957	0
0	0	0.0039	0	0	0.0003	0.9957	0
0	0	0.0039	0	0	0.0003	0.9957	0
0	0	0.0039	0	0	0.0003	0.9957	0
0	0	0.0039	0	0	0.0003	0.9957	0
0	0	0.0039	0	0	0.0003	0.9957	0
0	0	0.0039	0	0	0.0003	0.9957	0
0	0	0.0039	0	0	0.0003	0.9957	0
0	0	0.0039	0	0	0.0003	0.9957	0
0	0	0.0039	0	0	0.0003	0.9957	0
0	0	0.0039	0	0	0.0003	0.9957	0
0	0	0.0039	0	0	0.0003	0.9957	0
0	0	0.0039	0	0	0.0003	0.9957	0
0	0	0.0039	0	0	0.0003	0.9957	0
0	0	0.0039	0	0	0.0003	0.9957	0
0	0	0.0039	0	0	0.0003	0.9957	0
0	0	0.0039	0	0	0.0003	0.9957	0
0	0	0.0039	0	0	0.0003	0.9957	0
0	0	0.0039	0	0	0.0003	0.9957	0
0	0	0.0039	0	0	0.0003	0.9957	0
0	0	0.0039	0	0	0.0003	0.9957	0
0	0	0.0039	0	0	0.0003	0.9957	0
0	0	0.0039	0	0	0.0003	0.9957	0
0	0	0.0039	0	0	0.0003	0.9957	0
0	0	0.0039	0	0	0.0003	0.9957	0
0	0	0.0039	0	0	0.0003	0.9957	0
0	0	0.0039	0	0	0.0003	0.9957	0
0	0	0.0039	0	0	0.0003	0.9957	0
0	0	0.0039	0	0	0.0003	0.9957	0
0	0	0.0039	0	0	0.0003	0.9957	0
0	0	0.0039	0	0	0.0003	0.9957	0
0	0	0.0039	0	0	0.0003	0.9957	0
0	0	0.0039	0	0	0.0003	0.9957	0
0	0	0.0039	0	0	0.0003	0.9957	0
0	0	0.0039	0	0	0.0003	0.9957	0
0	0	0.0039	0	0	0.0003	0.9957	0
0	0	0.0039	0	0	0.0003	0.9957	0
0	0	0.0039	0	0	0.0003	0.9957	0
0	0	0.0039	0	0	0.0003	0.9957	0
0	0	0.0039	0	0	0.0003	0.9957	0
0	0	0.0039	0	0	0.0003	0.9957	0
0	0	0.0039	0	0	0.0003	0.9957	0
0	0	0.0039	0	0	0.0003	0.9957	0.0001
0	0	0.0039	0	0	0.0003	0.9957	0.0001
0	0	0.0039	0	0	0.0003	0.9957	0.0001
0	0	0.0039	0	0	0.0003	0.9957	0.0001
0	0	0.0039	0	0	0.0003	0.9957	0.0001
0	0	0.0039	0	0	0.0003	0.9957	0.0001
0	0	0.0039	0	0	0.0003	0.9957	0.0001
0	0	0.0039	0	0	0.0003	0.9957	0.0001
0	0	0.0039	0	0	0.0003	0.9957	0.0001
0	0	0.0039	0	0	0.0003	0.9957	0.0001
0	0	0.0039	0	0	0.0003	0.9957	0.0001
0	0	0.0039	0	0	0.0003	0.9957	0.0001
0	0	0.0039	0	0	0.0003	0.9957	0.0001
0	0	0.0039	0	0	0.0003	0.9957	0.0001
0	0	0.0039	0	0	0.0003	0.9957	0.0001
0	0	0.0039	0	0	0.0003	0.9957	0.0001
0	0	0.0039	0	0	0.0003	0.9957	0.0001
0	0	0.0039	0	0	0.0003	0.9957	0.0001
0	0	0.0039	0	0	0.0003	0.9957	0.0001
0	0	0.0039	0	0	0.0003	0.9957	0.0001
0	0	0.0039	0	0	0.0003	0.9957	0.0001
0	0	0.0039	0	0	0.0003	0.9957	0.0001
0	0	0.0039	0	0	0.0003	0.9957	0.0001
0	0	0.0039	0	0	0.0003	0.9957	0.0001
0	0	0.0039	0	0	0.0003	0.9957	0.0001
0	0	0.0039	0	0	0.0003	0.9957	0.0001
0	0	0.0039	0	0	0.0003	0.9957	0.0001
0	0	0.0039	0	0	0.0003	0.9956	0.0001
0	0	0.0039	0	0	0.0003	0.9956	0.0001
0	0	0.0039	0	0	0.0003	0.9956	0.0001
0	0	0.0039	0	0	0.0003	0.9956	0.0001
0	0	0.0039	0	0	0.0003	0.9956	0.0001
0	0	0.0039	0	0	0.0003	0.9956	0.0001
0	0	0.0039	0	0	0.0003	0.9956	0.0001
0	0	0.0039	0	0	0.0003	0.9956	0.0001
0	0	0.0039	0	0	0.0003	0.9956	0.0001
0	0	0.0039	0	0	0.0003	0.9956	0.0001
0	0	0.0039	0	0	0.0003	0.9956	0.0001
0	0	0.0039	0	0	0.0003	0.9956	0.0002
0	0	0.0039	0	0	0.0003	0.9956	0.0002
0	0	0.0039	0	0	0.0003	0.9956	0.0002
0	0	0.0039	0	0	0.0003	0.9955	0.0002
0	0	0.0039	0	0	0.0003	0.9955	0.0002
0	0	0.0039	0	0	0.0003	0.9955	0.0002
0	0	0.0039	0	0	0.0003	0.9955	0.0002
0	0	0.0039	0	0	0.0003	0.9955	0.0003
0	0	0.0039	0	0	0.0003	0.9955	0.0003
0	0	0.0039	0	0	0.0003	0.9954	0.0003
0	0	0.0039	0	0	0.0003	0.9954	0.0003
0	0	0.0039	0	0	0.0003	0.9954	0.0003
0	0	0.0039	0	0	0.0003	0.9954	0.0004
0	0	0.0039	0	0	0.0003	0.9953	0.0004
0	0	0.0039	0	0	0.0003	0.9953	0.0004
0	0	0.0039	0	0	0.0003	0.9953	0.0005
0	0	0.0039	0	0	0.0003	0.9952	0.0005
0	0	0.0039	0	0	0.0003	0.9952	0.0005
0	0	0.0039	0	0	0.0003	0.9951	0.0006
0	0	0.0039	0	0	0.0003	0.9951	0.0006
0	0	0.0039	0	0	0.0003	0.995	0.0007
0	0	0.0039	0	0	0.0003	0.995	0.0008
0	0	0.0039	0	0	0.0003	0.9949	0.0008
0	0	0.0039	0	0	0.0003	0.9948	0.0009
0	0	0.0039	0	0	0.0004	0.9947	0.001
0	0	0.0039	0	0	0.0004	0.9946	0.0011
0	0	0.0039	0	0	0.0004	0.9945	0.0011
0	0	0.0039	0	0	0.0004	0.9944	0.0012
0	0	0.0039	0	0	0.0004	0.9943	0.0014
0	0	0.0039	0	0	0.0004	0.9942	0.0015
0	0	0.0039	0	0	0.0004	0.9941	0.0016
0	0	0.0039	0	0	0.0004	0.9939	0.0017
0	0	0.0039	0	0	0.0004	0.9938	0.0019
0	0	0.0039	0	0	0.0004	0.9936	0.0021
0	0	0.0039	0	0	0.0004	0.9934	0.0023
0	0.0001	0.0039	0	0	0.0004	0.9932	0.0025
0	0.0001	0.0039	0	0	0.0004	0.9929	0.0027
0	0.0001	0.0039	0	0	0.0004	0.9927	0.0029
0	0.0001	0.0039	0	0	0.0004	0.9924	0.0032
0	0.0001	0.0039	0	0	0.0004	0.9921	0.0035
0	0.0001	0.0039	0	0	0.0004	0.9918	0.0038
0	0.0001	0.0039	0	0	0.0004	0.9914	0.0041
0	0.0001	0.0039	0	0	0.0004	0.9911	0.0045
0	0.0001	0.0039	0	0	0.0004	0.9906	0.0049
0	0.0001	0.0039	0	0	0.0004	0.9902	0.0054
0	0.0001	0.0039	0.0001	0	0.0004	0.9897	0.0058
0	0.0001	0.0039	0.0001	0	0.0004	0.9891	0.0064
0	0.0001	0.0039	0.0001	0	0.0004	0.9885	0.007
0	0.0001	0.0039	0.0001	0	0.0004	0.9878	0.0076
0	0.0002	0.0039	0.0001	0	0.0005	0.9871	0.0083
0	0.0002	0.0039	0.0001	0	0.0005	0.9863	0.009
0	0.0002	0.0039	0.0001	0	0.0005	0.9855	0.0098
0	0.0002	0.0039	0.0001	0	0.0005	0.9846	0.0107
0	0.0002	0.0039	0.0001	0	0.0005	0.9835	0.0117
0	0.0002	0.0039	0.0001	0	0.0005	0.9824	0.0128
0	0.0003	0.0039	0.0001	0	0.0005	0.9812	0.014
0	0.0003	0.0039	0.0001	0	0.0006	0.9799	0.0152
0	0.0003	0.0039	0.0001	0	0.0006	0.9785	0.0166
0	0.0003	0.0039	0.0001	0	0.0006	0.9769	0.0181
0	0.0004	0.0039	0.0001	0	0.0006	0.9752	0.0198
0	0.0004	0.0039	0.0001	0	0.0007	0.9733	0.0216
0	0.0004	0.0039	0.0001	0	0.0007	0.9712	0.0236
0	0.0005	0.0039	0.0002	0	0.0007	0.969	0.0257
0	0.0005	0.0039	0.0002	0	0.0007	0.9666	0.0281
0	0.0006	0.0039	0.0002	0	0.0008	0.9639	0.0306
0	0.0006	0.0039	0.0002	0	0.0008	0.961	0.0334
0	0.0007	0.0039	0.0002	0	0.0009	0.9578	0.0365
0	0.0007	0.0039	0.0002	0	0.0009	0.9544	0.0398
0	0.0008	0.0039	0.0002	0	0.001	0.9506	0.0435
0	0.0009	0.0039	0.0003	0	0.001	0.9465	0.0474
0	0.001	0.0039	0.0003	0.0001	0.0011	0.942	0.0518
0	0.0011	0.0038	0.0003	0.0001	0.0012	0.9371	0.0565
0	0.0011	0.0038	0.0003	0.0001	0.0012	0.9318	0.0616
0	0.0013	0.0038	0.0003	0.0001	0.0013	0.926	0.0673
0	0.0014	0.0037	0.0003	0.0001	0.0014	0.9196	0.0734
0	0.0015	0.0037	0.0004	0.0001	0.0015	0.9128	0.0801
0	0.0016	0.0036	0.0004	0.0001	0.0016	0.9053	0.0875
0	0.0017	0.0034	0.0004	0.0001	0.0017	0.8972	0.0955
0	0.0018	0.0031	0.0004	0.0001	0.0019	0.8885	0.1042
0	0.0018	0.0027	0.0004	0.0001	0.002	0.8792	0.1137
0	0.0018	0.0021	0.0005	0.0001	0.0021	0.8693	0.1241
0	0.0015	0.0012	0.0005	0	0.0023	0.859	0.1355
0	0.0008	0.0021	0.0006	0.0001	0.0005	0.8599	0.136
0	0.0005	0.0026	0.0006	0.0001	0.0004	0.8596	0.1361
0	0.0004	0.003	0.0006	0	0.0004	0.8594	0.1362
0	0.0003	0.0034	0.0006	0	0.0004	0.8591	0.1362
0	0.0002	0.0037	0.0006	0	0.0004	0.8588	0.1363
0	0.0002	0.0041	0.0006	0	0.0004	0.8584	0.1363
0	0.0002	0.0046	0.0006	0	0.0004	0.8578	0.1364
0	0.0002	0.0053	0.0006	0	0.0004	0.8569	0.1365
0	0.0002	0.0065	0.0006	0	0.0004	0.8556	0.1366
0	0.0002	0.0082	0.0006	0	0.0004	0.8537	0.1368
0	0.0003	0.011	0.0006	0	0.0004	0.8507	0.137
0	0.0003	0.0153	0.0006	0	0.0004	0.8461	0.1372
0	0.0004	0.0219	0.0006	0	0.0005	0.8391	0.1375
0	0.0005	0.0323	0.0006	0	0.0006	0.8282	0.1378
0	0.0008	0.0484	0.0006	0.0001	0.0009	0.8113	0.138
0	0.0012	0.0733	0.0005	0.0001	0.0036	0.7831	0.1381
0	0.0011	0.1089	0.0003	0.0006	0.0362	0.7155	0.1374
0	0.0008	0.0721	0.0006	0.0002	0.004	0.7801	0.1423
0	0.0005	0.0475	0.0006	0.0001	0.0011	0.807	0.1432
0	0.0004	0.0317	0.0006	0	0.0007	0.823	0.1436
0	0.0003	0.0215	0.0006	0	0.0006	0.833	0.144
0	0.0003	0.015	0.0005	0	0.0005	0.8393	0.1443
0	0.0003	0.0108	0.0005	0	0.0005	0.8432	0.1447
0	0.0003	0.0082	0.0005	0	0.0005	0.8455	0.1451
0	0.0003	0.0064	0.0005	0	0.0004	0.8469	0.1455
0	0.0003	0.0053	0.0004	0	0.0004	0.8475	0.146
0	0.0003	0.0046	0.0004	0	0.0004	0.8477	0.1465
0	0.0003	0.0042	0.0004	0	0.0004	0.8476	0.1471
0	0.0003	0.0039	0.0004	0	0.0004	0.8472	0.1477
0	0.0003	0.0037	0.0004	0	0.0004	0.8467	0.1485
0	0.0003	0.0036	0.0004	0	0.0005	0.846	0.1492
0	0.0003	0.0035	0.0004	0	0.0005	0.8452	0.1501
0	0.0003	0.0035	0.0003	0	0.0005	0.8443	0.151
0	0.0004	0.0034	0.0003	0	0.0005	0.8433	0.1521
0	0.0004	0.0034	0.0003	0	0.0005	0.8421	0.1532
0	0.0004	0.0034	0.0003	0	0.0005	0.8409	0.1545
0	0.0004	0.0034	0.0003	0	0.0005	0.8395	0.1558
0	0.0005	0.0034	0.0003	0	0.0006	0.8379	0.1573
0	0.0005	0.0034	0.0003	0	0.0006	0.8362	0.1589
0	0.0005	0.0034	0.0004	0	0.0006	0.8344	0.1607
0	0.0006	0.0034	0.0004	0	0.0006	0.8324	0.1627
0	0.0006	0.0034	0.0004	0	0.0007	0.8301	0.1648
0	0.0006	0.0034	0.0004	0	0.0007	0.8277	0.1671
0	0.0007	0.0034	0.0004	0	0.0007	0.8251	0.1697
0	0.0007	0.0034	0.0004	0	0.0008	0.8222	0.1725
0	0.0008	0.0034	0.0004	0	0.0008	0.819	0.1755
0	0.0009	0.0034	0.0005	0	0.0009	0.8156	0.1788
0	0.0009	0.0034	0.0005	0	0.0009	0.8118	0.1824
0	0.001	0.0034	0.0005	0.0001	0.001	0.8077	0.1864
0	0.0011	0.0034	0.0006	0.0001	0.0011	0.8032	0.1907
0	0.0012	0.0034	0.0006	0.0001	0.0011	0.7982	0.1954
0	0.0013	0.0034	0.0007	0.0001	0.0012	0.7929	0.2005
0	0.0014	0.0034	0.0007	0.0001	0.0013	0.787	0.2061
0	0.0015	0.0034	0.0008	0.0001	0.0014	0.7806	0.2122
0	0.0016	0.0035	0.0009	0.0001	0.0015	0.7735	0.2189
0	0.0018	0.0035	0.0009	0.0001	0.0016	0.7659	0.2262
0	0.0019	0.0036	0.001	0.0001	0.0017	0.7575	0.2342
0	0.0021	0.0037	0.0011	0.0001	0.0018	0.7482	0.2429
0	0.0023	0.0039	0.0013	0.0001	0.002	0.7381	0.2523
0	0.0025	0.0041	0.0014	0.0001	0.0022	0.727	0.2627
0	0.0028	0.0045	0.0015	0.0001	0.0023	0.7147	0.274
0	0.0032	0.0052	0.0017	0.0002	0.0025	0.701	0.2863
0	0.0036	0.0062	0.0019	0.0002	0.0027	0.6857	0.2998
0	0.0043	0.0077	0.002	0.0002	0.003	0.6683	0.3144
0	0.0055	0.0101	0.0022	0.0002	0.0032	0.6483	0.3304
0	0.0076	0.0138	0.0024	0.0003	0.0035	0.6246	0.3478
0	0.0114	0.0195	0.0025	0.0005	0.0041	0.5952	0.3667
0	0.0184	0.028	0.0025	0.0011	0.0076	0.5552	0.3872
0	0.0279	0.0372	0.0022	0.004	0.0467	0.4727	0.4093
0	0.0156	0.001	0.0014	0.0219	0.5274	0	0.4327
0	0.0152	0.0058	0.0124	0.0046	0.046	0.1189	0.7972
0	0.0098	0.0043	0.013	0.0015	0.0044	0.1295	0.8374
0	0.0064	0.003	0.0125	0.0007	0.0008	0.1307	0.8459
0	0.0045	0.0022	0.0119	0.0004	0.0004	0.1306	0.85
0	0.0034	0.0016	0.0113	0.0003	0.0004	0.13	0.8531
0	0.0028	0.0012	0.0107	0.0002	0.0004	0.1291	0.8556
0	0.0025	0.001	0.0101	0.0002	0.0004	0.1279	0.8579
0	0.0023	0.0009	0.0095	0.0001	0.0004	0.1266	0.8602
0	0.0022	0.0008	0.009	0.0001	0.0004	0.125	0.8625
0	0.0021	0.0007	0.0085	0.0001	0.0004	0.1233	0.8649
0	0.0021	0.0007	0.008	0.0001	0.0005	0.1213	0.8674
0	0.002	0.0006	0.0076	0.0001	0.0005	0.1192	0.87
0	0.002	0.0006	0.0072	0.0001	0.0005	0.1168	0.8728
0	0.002	0.0006	0.0068	0.0001	0.0005	0.1142	0.8757
0	0.002	0.0006	0.0065	0.0001	0.0006	0.1114	0.8789
0	0.002	0.0006	0.0061	0.0001	0.0006	0.1083	0.8823
0	0.002	0.0006	0.0058	0.0001	0.0007	0.1049	0.8859
0	0.002	0.0006	0.0055	0.0001	0.0007	0.1011	0.8899
0	0.0021	0.0006	0.0053	0.0001	0.0008	0.0971	0.8941
0	0.0021	0.0006	0.005	0.0001	0.0008	0.0927	0.8987
0	0.0022	0.0006	0.0048	0.0001	0.0009	0.0878	0.9036
0	0.0022	0.0006	0.0046	0.0001	0.001	0.0825	0.909
0	0.0023	0.0005	0.0044	0.0001	0.0011	0.0768	0.9148
0	0.0024	0.0005	0.0043	0.0001	0.0012	0.0705	0.9211
0	0.0025	0.0005	0.0041	0.0001	0.0013	0.0636	0.9279
0	0.0026	0.0005	0.004	0.0001	0.0014	0.0562	0.9353
0	0.0027	0.0004	0.0039	0.0001	0.0015	0.048	0.9434
0	0.0028	0.0003	0.0038	0.0002	0.0016	0.0392	0.9522
0	0.0029	0.0002	0.0037	0.0001	0.0016	0.0297	0.9618
0	0.0032	0.0002	0.0036	0	0.0003	0.0205	0.9722
0	0.0031	0.0005	0.0038	0.0002	0.0001	0.0201	0.9722
0	0.0037	0.0009	0.0039	0.0003	0.0001	0.0196	0.9715
0	0.0048	0.0015	0.0039	0.0006	0.0004	0.0186	0.9702
0	0.0044	0.0023	0.0038	0.0024	0.0041	0.0157	0.9673
0	0.0032	0.0015	0.0049	0.0007	0.0005	0.0176	0.9718
0	0.0023	0.0009	0.0053	0.0003	0.0001	0.0182	0.973
0	0.0017	0.0005	0.0055	0.0002	0.0001	0.0185	0.9735
0	0.0015	0.0003	0.0056	0.0001	0.0001	0.0186	0.9737
0	0.0015	0.0001	0.0057	0	0.0001	0.0187	0.9738
0	0.0019	0.0002	0.0061	0.0001	0.0006	0.0226	0.9684
0	0.0022	0.0002	0.0066	0.0001	0.0006	0.0266	0.9635
0	0.0024	0.0003	0.0073	0.0002	0.0006	0.0304	0.9589
0	0.0026	0.0003	0.008	0.0002	0.0006	0.0338	0.9545
0	0.0028	0.0003	0.0088	0.0002	0.0005	0.0369	0.9504
0	0.0031	0.0004	0.0097	0.0002	0.0005	0.0398	0.9463
0	0.0035	0.0004	0.0106	0.0002	0.0005	0.0425	0.9424
0	0.0041	0.0004	0.0116	0.0003	0.0004	0.0449	0.9383
0	0.0051	0.0005	0.0126	0.0003	0.0004	0.0471	0.934
0	0.0071	0.0006	0.0137	0.0004	0.0004	0.049	0.9289
0	0.0105	0.0007	0.0147	0.0005	0.0004	0.0508	0.9223
0	0.017	0.001	0.0157	0.0007	0.0004	0.0523	0.9129
0	0.0292	0.0013	0.0166	0.0011	0.0004	0.0535	0.8979
0	0.0519	0.0019	0.017	0.002	0.0004	0.0544	0.8724
0	0.0935	0.0027	0.0167	0.0042	0.0007	0.0548	0.8274
0	0.1633	0.004	0.015	0.0122	0.0039	0.0541	0.7476
0	0.2373	0.0054	0.0108	0.052	0.0402	0.049	0.6052
0	0.0069	0.0003	0.0024	0.2829	0.4579	0	0.2496
0	0.0907	0.0015	0.1215	0.0227	0.0355	0.0388	0.6893
0	0.057	0.0054	0.1568	0.0098	0.0037	0.0653	0.7021
0	0.0377	0.0065	0.1735	0.0053	0.0008	0.0696	0.7067
0.0001	0.0276	0.0077	0.1818	0.0033	0.0005	0.0712	0.7078
0.0001	0.0233	0.0095	0.1854	0.0024	0.0004	0.072	0.707
0.0001	0.0232	0.0122	0.1857	0.002	0.0005	0.0719	0.7045
0.0001	0.0269	0.0162	0.1831	0.0024	0.0006	0.0708	0.6998
0.0001	0.0335	0.0221	0.1773	0.0049	0.0022	0.0681	0.6918
0.0001	0.0318	0.0302	0.1664	0.0171	0.0191	0.061	0.6744
0.0001	0.0345	0.0249	0.1737	0.0063	0.0023	0.083	0.6751
0.0001	0.0371	0.0209	0.1739	0.005	0.0009	0.0903	0.6719
