MV411	chr9_KI270717v1_random
E1	E2	E3	E4	E5	E6	E7	E8
0	0	0.0049	0	0.0003	0.0026	0.99	0.0022
0	0	0.0047	0	0	0.0006	0.9926	0.0021
0	0	0.0044	0	0	0.0004	0.9933	0.0019
0	0	0.0042	0	0	0.0004	0.9936	0.0017
0	0	0.0041	0	0	0.0004	0.9939	0.0016
0	0	0.004	0	0	0.0004	0.9941	0.0015
0	0	0.004	0	0	0.0004	0.9943	0.0013
0	0	0.004	0	0	0.0004	0.9944	0.0012
0	0	0.0039	0	0	0.0004	0.9945	0.0011
0	0	0.0039	0	0	0.0003	0.9946	0.001
0	0	0.0039	0	0	0.0003	0.9947	0.001
0	0	0.0039	0	0	0.0003	0.9948	0.0009
0	0	0.0039	0	0	0.0003	0.9949	0.0008
0	0	0.0039	0	0	0.0003	0.995	0.0007
0	0	0.0039	0	0	0.0003	0.995	0.0007
0	0	0.0039	0	0	0.0003	0.9951	0.0006
0	0	0.0039	0	0	0.0003	0.9951	0.0006
0	0	0.0039	0	0	0.0003	0.9952	0.0005
0	0	0.0039	0	0	0.0003	0.9952	0.0005
0	0	0.0039	0	0	0.0003	0.9953	0.0005
0	0	0.0039	0	0	0.0003	0.9953	0.0004
0	0	0.0039	0	0	0.0003	0.9953	0.0004
0	0	0.0039	0	0	0.0003	0.9954	0.0004
0	0	0.0039	0	0	0.0003	0.9954	0.0003
0	0	0.0039	0	0	0.0003	0.9954	0.0003
0	0	0.0039	0	0	0.0003	0.9954	0.0003
0	0	0.0039	0	0	0.0003	0.9955	0.0003
0	0	0.0039	0	0	0.0003	0.9955	0.0003
0	0	0.0039	0	0	0.0003	0.9955	0.0002
0	0	0.0039	0	0	0.0003	0.9955	0.0002
0	0	0.0039	0	0	0.0003	0.9955	0.0002
0	0	0.0039	0	0	0.0003	0.9955	0.0002
0	0	0.0039	0	0	0.0003	0.9956	0.0002
0	0	0.0039	0	0	0.0003	0.9956	0.0002
0	0	0.0039	0	0	0.0003	0.9956	0.0002
0	0	0.0039	0	0	0.0003	0.9956	0.0001
0	0	0.0039	0	0	0.0003	0.9956	0.0001
0	0	0.0039	0	0	0.0003	0.9956	0.0001
0	0	0.0039	0	0	0.0003	0.9956	0.0001
0	0	0.0039	0	0	0.0003	0.9956	0.0001
0	0	0.0039	0	0	0.0003	0.9956	0.0001
0	0	0.0039	0	0	0.0003	0.9956	0.0001
0	0	0.0039	0	0	0.0003	0.9956	0.0001
0	0	0.0039	0	0	0.0003	0.9956	0.0001
0	0	0.0039	0	0	0.0003	0.9956	0.0001
0	0	0.0039	0	0	0.0003	0.9956	0.0001
0	0	0.0039	0	0	0.0003	0.9956	0.0001
0	0	0.0039	0	0	0.0003	0.9957	0.0001
0	0	0.0039	0	0	0.0003	0.9957	0.0001
0	0	0.0039	0	0	0.0003	0.9957	0.0001
0	0	0.0039	0	0	0.0003	0.9957	0.0001
0	0	0.0039	0	0	0.0003	0.9957	0.0001
0	0	0.0039	0	0	0.0003	0.9957	0.0001
0	0	0.0039	0	0	0.0003	0.9957	0.0001
0	0	0.0039	0	0	0.0003	0.9957	0.0001
0	0	0.0039	0	0	0.0003	0.9957	0.0001
0	0	0.0039	0	0	0.0003	0.9957	0.0001
0	0	0.0039	0	0	0.0003	0.9957	0.0001
0	0	0.0039	0	0	0.0003	0.9957	0.0001
0	0	0.0039	0	0	0.0003	0.9957	0.0001
0	0	0.0039	0	0	0.0003	0.9957	0.0001
0	0	0.0039	0	0	0.0003	0.9957	0.0001
0	0	0.0039	0	0	0.0003	0.9957	0.0001
0	0	0.0039	0	0	0.0003	0.9957	0.0001
0	0	0.0039	0	0	0.0003	0.9957	0.0001
0	0	0.0039	0	0	0.0003	0.9957	0.0001
0	0	0.0039	0	0	0.0003	0.9957	0.0001
0	0	0.0039	0	0	0.0003	0.9957	0.0001
0	0	0.0039	0	0	0.0003	0.9957	0.0001
0	0	0.0039	0	0	0.0003	0.9957	0.0001
0	0	0.0039	0	0	0.0003	0.9957	0.0001
0	0	0.0039	0	0	0.0003	0.9957	0.0001
0	0	0.0039	0	0	0.0003	0.9957	0.0001
0	0	0.0039	0	0	0.0003	0.9957	0.0001
0	0	0.0039	0	0	0.0003	0.9957	0.0001
0	0	0.0039	0	0	0.0003	0.9957	0.0001
0	0	0.0039	0	0	0.0003	0.9957	0.0001
0	0	0.0039	0	0	0.0003	0.9957	0.0001
0	0	0.0039	0	0	0.0003	0.9957	0.0001
0	0	0.0039	0	0	0.0003	0.9957	0.0001
0	0	0.0039	0	0	0.0003	0.9957	0.0001
0	0	0.0039	0	0	0.0003	0.9957	0.0001
0	0	0.0039	0	0	0.0003	0.9957	0.0001
0	0	0.0039	0	0	0.0003	0.9957	0.0001
0	0	0.0039	0	0	0.0003	0.9957	0.0001
0	0	0.0039	0	0	0.0003	0.9957	0.0001
0	0	0.0039	0	0	0.0003	0.9957	0.0001
0	0	0.0039	0	0	0.0003	0.9957	0.0001
0	0	0.0039	0	0	0.0003	0.9957	0.0001
0	0	0.0039	0	0	0.0003	0.9956	0.0001
0	0	0.0039	0	0	0.0003	0.9956	0.0001
0	0	0.0039	0	0	0.0003	0.9956	0.0001
0	0	0.0039	0	0	0.0003	0.9956	0.0001
0	0	0.0039	0	0	0.0003	0.9956	0.0001
0	0	0.0039	0	0	0.0003	0.9956	0.0001
0	0	0.0039	0	0	0.0003	0.9956	0.0001
0	0	0.0039	0	0	0.0003	0.9956	0.0001
0	0	0.0039	0	0	0.0003	0.9956	0.0001
0	0	0.0039	0	0	0.0003	0.9956	0.0001
0	0	0.0039	0	0	0.0003	0.9956	0.0001
0	0	0.0039	0.0001	0	0.0003	0.9955	0.0001
0	0	0.0039	0.0001	0	0.0003	0.9955	0.0001
0	0	0.004	0.0001	0	0.0003	0.9955	0.0001
0	0	0.004	0.0001	0	0.0003	0.9954	0.0001
0	0	0.004	0.0001	0	0.0003	0.9954	0.0001
0	0	0.0041	0.0001	0	0.0003	0.9953	0.0002
0	0	0.0042	0.0001	0	0.0003	0.9951	0.0002
0	0	0.0044	0.0001	0	0.0003	0.9949	0.0002
0	0	0.0047	0.0001	0	0.0004	0.9946	0.0002
0	0	0.0051	0.0002	0	0.0004	0.9941	0.0002
0	0	0.0058	0.0002	0	0.0004	0.9934	0.0002
0	0	0.0069	0.0002	0	0.0004	0.9923	0.0002
0	0	0.0085	0.0002	0	0.0004	0.9905	0.0002
0	0.0001	0.0111	0.0003	0	0.0004	0.9879	0.0003
0	0.0001	0.0151	0.0003	0	0.0004	0.9838	0.0003
0	0.0001	0.0214	0.0004	0	0.0005	0.9774	0.0003
0	0.0002	0.0312	0.0004	0	0.0005	0.9674	0.0003
0	0.0003	0.0464	0.0005	0	0.0006	0.9519	0.0003
0	0.0005	0.0702	0.0005	0	0.0007	0.9277	0.0004
0	0.0009	0.1073	0.0006	0	0.0009	0.8899	0.0004
0	0.0018	0.1651	0.0006	0.0001	0.0012	0.8309	0.0004
0	0.0035	0.2552	0.0005	0.0002	0.0023	0.738	0.0003
0	0.0062	0.3949	0.0004	0.0007	0.0107	0.5868	0.0003
0	0.0066	0.6028	0	0.0037	0.1075	0.2794	0
0	0.0033	0.3916	0.0012	0.0016	0.0128	0.5889	0.0006
0	0.0016	0.2529	0.0016	0.0007	0.0037	0.7386	0.0008
0	0.0008	0.1637	0.0016	0.0004	0.0021	0.8305	0.0009
0	0.0004	0.1065	0.0015	0.0002	0.0015	0.8891	0.0009
0	0.0002	0.0697	0.0014	0.0001	0.0011	0.9266	0.0008
0	0.0001	0.0462	0.0012	0	0.0008	0.9508	0.0008
0	0.0001	0.0311	0.0011	0	0.0007	0.9663	0.0008
0	0.0001	0.0214	0.0009	0	0.0006	0.9764	0.0007
0	0	0.0152	0.0008	0	0.0005	0.9828	0.0007
0	0	0.0112	0.0007	0	0.0004	0.987	0.0006
0	0	0.0086	0.0006	0	0.0004	0.9898	0.0006
0	0	0.0069	0.0005	0	0.0004	0.9916	0.0005
0	0	0.0059	0.0005	0	0.0004	0.9927	0.0005
0	0	0.0052	0.0004	0	0.0004	0.9935	0.0005
0	0	0.0047	0.0003	0	0.0004	0.9941	0.0005
0	0	0.0045	0.0003	0	0.0004	0.9944	0.0004
0	0	0.0043	0.0003	0	0.0004	0.9947	0.0004
0	0	0.0042	0.0002	0	0.0004	0.9949	0.0004
0	0	0.0041	0.0002	0	0.0003	0.995	0.0004
0	0	0.004	0.0002	0	0.0003	0.9951	0.0004
0	0	0.004	0.0002	0	0.0003	0.9952	0.0003
0	0	0.004	0.0001	0	0.0003	0.9952	0.0003
0	0	0.0039	0.0001	0	0.0003	0.9953	0.0003
0	0	0.0039	0.0001	0	0.0003	0.9953	0.0003
0	0	0.0039	0.0001	0	0.0003	0.9953	0.0003
0	0	0.0039	0.0001	0	0.0003	0.9954	0.0003
0	0	0.0039	0.0001	0	0.0003	0.9954	0.0003
0	0	0.0039	0.0001	0	0.0003	0.9954	0.0003
0	0	0.0039	0.0001	0	0.0003	0.9954	0.0003
0	0	0.0039	0.0001	0	0.0003	0.9954	0.0003
0	0	0.0039	0	0	0.0003	0.9954	0.0003
0	0	0.0039	0	0	0.0003	0.9954	0.0003
0	0	0.0039	0	0	0.0003	0.9954	0.0003
0	0	0.0039	0	0	0.0003	0.9955	0.0003
0	0	0.0039	0	0	0.0003	0.9955	0.0003
0	0	0.0039	0	0	0.0003	0.9955	0.0003
0	0	0.0039	0	0	0.0003	0.9955	0.0003
0	0	0.0039	0	0	0.0003	0.9955	0.0003
0	0	0.0039	0	0	0.0003	0.9954	0.0003
0	0	0.0039	0	0	0.0003	0.9954	0.0003
0	0	0.0039	0	0	0.0003	0.9954	0.0003
0	0	0.0039	0	0	0.0003	0.9954	0.0003
0	0	0.0039	0	0	0.0003	0.9954	0.0003
0	0	0.0039	0	0	0.0003	0.9954	0.0003
0	0	0.0039	0	0	0.0003	0.9954	0.0003
0	0	0.0039	0	0	0.0003	0.9954	0.0003
0	0	0.0039	0	0	0.0003	0.9954	0.0003
0	0	0.0039	0	0	0.0003	0.9953	0.0004
0	0	0.0039	0	0	0.0003	0.9953	0.0004
0	0	0.0039	0	0	0.0003	0.9953	0.0004
0	0	0.0039	0	0	0.0003	0.9953	0.0004
0	0	0.0039	0	0	0.0003	0.9952	0.0004
0	0	0.0039	0	0	0.0003	0.9952	0.0005
0	0	0.0039	0.0001	0	0.0003	0.9952	0.0005
0	0	0.0039	0.0001	0	0.0003	0.9951	0.0005
0	0	0.0039	0.0001	0	0.0003	0.9951	0.0006
0	0	0.0039	0.0001	0	0.0003	0.995	0.0006
0	0	0.0039	0.0001	0	0.0003	0.995	0.0006
0	0	0.0039	0.0001	0	0.0004	0.9949	0.0007
0	0	0.0039	0.0001	0	0.0004	0.9949	0.0007
0	0	0.0039	0.0001	0	0.0004	0.9948	0.0008
0	0	0.0039	0.0001	0	0.0004	0.9947	0.0008
0	0	0.0039	0.0001	0	0.0004	0.9946	0.0009
0	0	0.004	0.0002	0	0.0004	0.9945	0.001
0	0	0.004	0.0002	0	0.0004	0.9944	0.0011
0	0.0001	0.004	0.0002	0	0.0004	0.9942	0.0011
0	0.0001	0.004	0.0003	0	0.0004	0.994	0.0012
0	0.0001	0.0041	0.0003	0	0.0004	0.9938	0.0013
0	0.0001	0.0042	0.0003	0	0.0004	0.9936	0.0014
0	0.0001	0.0043	0.0004	0	0.0004	0.9933	0.0016
0	0.0001	0.0045	0.0004	0	0.0004	0.9928	0.0017
0	0.0001	0.0048	0.0005	0	0.0004	0.9923	0.0018
0	0.0002	0.0053	0.0006	0	0.0004	0.9915	0.002
0	0.0003	0.0061	0.0007	0	0.0004	0.9904	0.0021
0	0.0005	0.0073	0.0008	0	0.0004	0.9887	0.0023
0	0.0008	0.0091	0.0009	0	0.0006	0.986	0.0025
