dist_for_fit	mean	var
5000	0.03149928228346852	8.417705465626148e-05
10000	0.014298743948216775	1.1296389987453546e-05
15000	0.010501922420467952	6.587147340069366e-06
20000	0.008332435386612684	4.4640482864092965e-06
25000	0.006939861275194578	3.3372519697906396e-06
30000	0.005978115215794186	2.6788396486682026e-06
35000	0.005272967650541467	2.238341252253329e-06
40000	0.00473279898169225	1.9315264947158795e-06
45000	0.004312176072879604	1.7333704930476376e-06
50000	0.0039709338158988245	1.5586123576846604e-06
55000	0.003690765295817989	1.4523660397831959e-06
60000	0.003453521995015637	1.3369324360998618e-06
65000	0.00325244898474436	1.262975011031596e-06
70000	0.003077536861087144	1.2029524895379416e-06
75000	0.0029250632618534242	1.1226246974886814e-06
80000	0.002790952212059612	1.0653470869568215e-06
85000	0.002671357104924973	1.0208397462186588e-06
90000	0.0025625587002789645	9.768451122100276e-07
95000	0.0024661017125854226	9.422100894879888e-07
100000	0.0023764889499524066	9.024092534809967e-07
105000	0.002297612555773787	8.842987315802105e-07
110000	0.002224099999920078	8.508794675020326e-07
115000	0.002154123040275717	8.167292334444657e-07
120000	0.0020902999338350387	7.894859565194243e-07
125000	0.002031601150577042	7.692335432089344e-07
130000	0.0019743029865146857	7.393665103965507e-07
135000	0.0019216266558264047	7.195283413132578e-07
140000	0.001873397966301875	6.941060035794586e-07
145000	0.0018266673209696477	6.746268779662656e-07
150000	0.0017838279149641047	6.573207076159038e-07
155000	0.0017417428804942384	6.403757551869364e-07
160000	0.00170213570911566	6.156820074277319e-07
165000	0.0016636362581490054	5.98741238872563e-07
170000	0.0016276585734849856	5.804102053987198e-07
175000	0.001594332096088067	5.661858684014287e-07
180000	0.0015598731288923092	5.493608998934976e-07
185000	0.0015303703510079025	5.37179813973725e-07
190000	0.001499022032547542	5.225581393381153e-07
195000	0.0014700672796666688	5.09729804210277e-07
200000	0.0014420671130413675	4.961259528818891e-07
205000	0.0014154504074529652	4.792576820505012e-07
210000	0.0013901681321862934	4.713548141035709e-07
215000	0.0013642289590576721	4.5942269565685494e-07
220000	0.0013409797189020114	4.46697430674134e-07
225000	0.001317392842517576	4.3694420402238777e-07
230000	0.001294445665199701	4.258421959445229e-07
235000	0.0012736912385824459	4.1749414202933556e-07
240000	0.001252478014957958	4.0908379445486517e-07
245000	0.0012319357265314775	4.008710915800303e-07
250000	0.001211731452135136	3.8860305228840824e-07
255000	0.0011924051965116495	3.8386408805440297e-07
260000	0.0011742153022009194	3.758954273260884e-07
265000	0.0011547275137470277	3.6365058968295866e-07
270000	0.0011375392268882668	3.547787582910569e-07
275000	0.0011200801931300953	3.500432456003685e-07
280000	0.0011046668456054448	3.4220006202092155e-07
285000	0.001087659585388538	3.344898758005169e-07
290000	0.0010721691285273008	3.307115224194816e-07
295000	0.0010563708051283794	3.214571191904126e-07
300000	0.0010409668429413887	3.155481028043414e-07
305000	0.0010262169530594295	3.064582784660813e-07
310000	0.0010122070585658616	3.019800743991121e-07
315000	0.000996848686088569	2.9336200541355346e-07
320000	0.00098386147698439	2.904345930016153e-07
325000	0.0009703385015508366	2.839563400555382e-07
330000	0.0009576287087255182	2.775152556311635e-07
335000	0.0009435589713479722	2.7239375550179193e-07
340000	0.0009309344467192842	2.661148508228361e-07
345000	0.0009200620563995144	2.6098769851529564e-07
350000	0.0009077526297579626	2.567324164577138e-07
355000	0.0008962828725769822	2.52601074878651e-07
360000	0.0008840556046379242	2.4634024008814923e-07
365000	0.0008733893582280584	2.443126000569412e-07
370000	0.0008620201696293968	2.3875396268580363e-07
375000	0.0008513290316625985	2.354086868793865e-07
380000	0.0008409259118774961	2.310146991471802e-07
385000	0.0008306929269629885	2.2730128834888378e-07
390000	0.0008205952578643364	2.2245482200156638e-07
395000	0.0008111916668661513	2.2107038125181732e-07
400000	0.0008013417610138911	2.1494923261172375e-07
405000	0.0007918046505153568	2.1183746136320373e-07
410000	0.0007827035736743036	2.0764981646462907e-07
415000	0.0007730819058801172	2.049566623448218e-07
420000	0.0007647934957468008	2.0249593587922006e-07
425000	0.0007550774831400033	1.980336833625259e-07
430000	0.0007470455060852694	1.9523484764265548e-07
435000	0.000738186114585125	1.9082625707568935e-07
440000	0.0007296525880331771	1.8836252265291398e-07
445000	0.0007211992132476231	1.8333989350717917e-07
450000	0.0007139937854181143	1.813551138513425e-07
455000	0.000705796812701431	1.7899266638434962e-07
460000	0.000697753342875264	1.776859924198116e-07
465000	0.000690433510085194	1.7405384062140625e-07
470000	0.0006826600236285261	1.7058654516459458e-07
475000	0.0006751479319908828	1.6844194303168673e-07
480000	0.0006680708417714077	1.6663971185327664e-07
485000	0.0006612216877216606	1.6259299321260443e-07
490000	0.0006535189815135151	1.5979221631051518e-07
495000	0.0006480723128534142	1.59422804478059e-07
500000	0.000640856262953292	1.5626507794005457e-07
505000	0.0006345169056638544	1.5446483313087893e-07
510000	0.0006280780120747928	1.514276854249858e-07
515000	0.0006217306904320892	1.499104789117957e-07
520000	0.0006149171165755447	1.4592014553187994e-07
525000	0.0006093032690533532	1.4552216817495285e-07
530000	0.0006030394362123125	1.442423395722742e-07
535000	0.0005979780821536301	1.436733319004449e-07
540000	0.0005918573216676764	1.4229120345206387e-07
545000	0.0005860913570703983	1.3903414610711793e-07
550000	0.0005790414680774301	1.361898137691028e-07
555000	0.0005744850097316626	1.3499154888671382e-07
560000	0.0005689114091111801	1.3209240387844095e-07
565000	0.0005629557017347055	1.3206471940694335e-07
570000	0.0005581183594385706	1.2928620538729315e-07
575000	0.0005524260829701356	1.2681629796387935e-07
580000	0.0005473002807084002	1.2492602875131405e-07
585000	0.0005421655109419807	1.2270800401469078e-07
590000	0.0005376656031503512	1.2362529872835875e-07
595000	0.0005329903646104153	1.22031360158692e-07
600000	0.000527379431081392	1.1994178257858563e-07
605000	0.0005229737237927522	1.1933568001417627e-07
610000	0.0005186224336445718	1.1873790807627844e-07
615000	0.0005135433615054642	1.1621272373178277e-07
620000	0.0005088777974291646	1.1449047557234171e-07
625000	0.0005044507462590403	1.1350065797684024e-07
630000	0.000499810218525389	1.113814123426121e-07
635000	0.0004954289624833551	1.111388140269556e-07
640000	0.0004910261093382729	1.0928911181492582e-07
645000	0.00048632175501355543	1.071983455089416e-07
650000	0.0004823870267124818	1.0637531880270575e-07
655000	0.00047845103427318484	1.047854404643073e-07
660000	0.00047359587593133126	1.0314252655663845e-07
665000	0.0004692203535578796	1.0179111150202128e-07
670000	0.00046644307372844054	1.0284305628135766e-07
675000	0.0004616938181809194	1.0066030715603922e-07
680000	0.00045803235843360797	9.939951334998465e-08
685000	0.00045372212322130647	9.793793318796468e-08
690000	0.0004503927540556974	9.741144527858049e-08
695000	0.0004460743793997018	9.649194871760613e-08
700000	0.0004425887407116045	9.498803354962179e-08
705000	0.000438909304031762	9.351235332833084e-08
710000	0.0004355326800735762	9.258420000200357e-08
715000	0.0004322079063666039	9.278180868760654e-08
720000	0.0004282979974690214	9.083074325657116e-08
725000	0.0004243249512083717	8.891472648909783e-08
730000	0.00042131017191317016	8.843105239529268e-08
735000	0.00041829452023319093	8.81198420727478e-08
740000	0.00041504920393920777	8.731751614142671e-08
745000	0.0004114381928224879	8.613480894340993e-08
750000	0.00040817846621980737	8.471337436400451e-08
755000	0.00040536514941510944	8.414257378345968e-08
760000	0.0004019125813967002	8.234553976118353e-08
765000	0.00039928003702059466	8.233906164965499e-08
770000	0.00039549537201326096	7.98500013581205e-08
775000	0.0003925107784316859	7.996776979488523e-08
780000	0.0003895714878120829	7.933074619003106e-08
785000	0.0003866464924576585	7.914582815972722e-08
790000	0.00038405744070463244	7.797908443128889e-08
795000	0.0003809621106051278	7.706048286526592e-08
800000	0.00037841816699157025	7.649596429391894e-08
805000	0.00037483899027397025	7.521501330820935e-08
810000	0.00037237150725375834	7.483273025533748e-08
815000	0.000369688891805271	7.448127915483417e-08
820000	0.0003668838167761203	7.31867199226919e-08
825000	0.00036432136058327594	7.222939144879789e-08
830000	0.0003617375249045732	7.192378087797084e-08
835000	0.00035897688074016255	7.132112360763641e-08
840000	0.0003560582770598882	7.057374646819638e-08
845000	0.0003537447979884149	7.033109109643951e-08
850000	0.0003510090370868908	6.940526367246076e-08
855000	0.0003486424199536476	6.888737143934644e-08
860000	0.0003463196468532712	6.854741467635509e-08
865000	0.0003441955853911804	6.740686164151883e-08
870000	0.0003418097366454482	6.768643464072402e-08
875000	0.00033863459346536337	6.656596506822177e-08
880000	0.0003365652604830993	6.499609430993538e-08
885000	0.0003343593770535275	6.516036196265961e-08
890000	0.0003317229419521229	6.433734772016486e-08
895000	0.0003298709197339914	6.37721955923329e-08
900000	0.00032733719345892946	6.296025156701974e-08
905000	0.0003253073891797258	6.239620292998131e-08
910000	0.00032290921187432247	6.226515981604384e-08
915000	0.00032076090149935884	6.178774595590446e-08
920000	0.00031860837588531214	6.054539512942508e-08
925000	0.0003168189859741416	6.025715131734255e-08
930000	0.00031384596694463877	5.9438245915773404e-08
935000	0.00031247017800746204	5.9375337431422446e-08
940000	0.0003101630485663043	5.8760117175141796e-08
945000	0.00030792425858911426	5.7911042053060415e-08
950000	0.0003062428191469073	5.781184778601493e-08
955000	0.00030401829405753757	5.700126686155867e-08
960000	0.00030197206932392254	5.6059447992133324e-08
965000	0.0003002454298977673	5.571407725180474e-08
970000	0.0002980195854418394	5.495877130021471e-08
975000	0.0002965377793279641	5.5072820913920534e-08
980000	0.00029431507334995937	5.4731628273548606e-08
985000	0.00029177882646032636	5.343167814519792e-08
990000	0.00029073889752651504	5.316255441580838e-08
995000	0.00028874607367833854	5.3107794157553e-08
1000000	0.00028705471394915757	5.301832219450515e-08
