MV411	chr17_KI270729v1_random
E1	E2	E3	E4	E5	E6	E7	E8
0.0157	0	0	0.9842	0.0001	0	0	0
0.0024	0.0001	0.0005	0.997	0	0	0	0
0.0009	0.0001	0.0006	0.9983	0	0	0	0
0.0008	0.0001	0.0007	0.9984	0	0	0	0
0.0008	0.0001	0.0009	0.9983	0	0	0	0
0.0008	0.0001	0.001	0.9982	0	0	0	0
0.0008	0.0001	0.0011	0.998	0	0	0	0
0.0008	0.0002	0.0012	0.9978	0	0	0	0
0.0009	0.0003	0.0013	0.9974	0	0	0	0
0.0016	0.0006	0.0015	0.9963	0	0	0	0
0.0079	0.001	0.0016	0.9895	0	0	0	0
0.0635	0.0016	0.0012	0.9337	0	0	0	0
0.0079	0.0011	0.0025	0.9885	0	0	0	0
0.0016	0.0006	0.0028	0.995	0	0	0	0
0.0009	0.0004	0.0028	0.9959	0	0	0	0
0.0008	0.0003	0.0028	0.9961	0	0	0	0
0.0008	0.0002	0.0028	0.9962	0	0	0	0
0.0008	0.0002	0.0028	0.9962	0	0	0	0
0.0008	0.0002	0.0028	0.9962	0	0	0	0
0.0008	0.0003	0.0028	0.9961	0	0	0	0
0.0009	0.0004	0.0028	0.9959	0	0	0	0
0.0016	0.0006	0.0028	0.995	0	0	0	0
0.0079	0.0011	0.0026	0.9884	0	0	0	0
0.0635	0.0016	0.0014	0.9335	0	0	0	0
0.0079	0.001	0.0019	0.9892	0	0	0	0
0.0016	0.0006	0.0018	0.996	0	0	0	0
0.0009	0.0003	0.0017	0.9971	0	0	0	0
0.0008	0.0002	0.0016	0.9974	0	0	0	0
0.0008	0.0001	0.0015	0.9976	0	0	0	0
0.0008	0.0001	0.0014	0.9978	0	0	0	0
0.0008	0.0001	0.0013	0.9979	0	0	0	0
0.0007	0.0001	0.0012	0.998	0	0	0	0
0.0007	0.0001	0.0011	0.9981	0	0	0	0
0.0007	0.0001	0.001	0.9982	0	0	0	0
0.0007	0.0001	0.0009	0.9982	0	0	0	0
0.0007	0.0001	0.0009	0.9983	0	0	0	0
0.0007	0.0001	0.0008	0.9984	0	0	0	0
0.0007	0.0001	0.0008	0.9984	0	0	0	0
0.0007	0.0001	0.0007	0.9985	0	0	0	0
0.0007	0.0001	0.0007	0.9985	0	0	0	0
0.0007	0.0001	0.0007	0.9986	0	0	0	0
0.0007	0.0001	0.0006	0.9986	0	0	0	0
0.0007	0.0001	0.0006	0.9986	0	0	0	0
0.0007	0.0001	0.0006	0.9987	0	0	0	0
0.0007	0.0001	0.0005	0.9987	0	0	0	0
0.0007	0.0001	0.0005	0.9987	0	0	0	0
0.0007	0.0001	0.0005	0.9987	0	0	0	0
0.0007	0.0001	0.0005	0.9987	0	0	0	0
0.0007	0.0001	0.0005	0.9988	0	0	0	0
0.0007	0	0.0004	0.9988	0	0	0	0
0.0007	0	0.0004	0.9988	0	0	0	0
0.0007	0	0.0004	0.9988	0	0	0	0
0.0007	0	0.0004	0.9988	0	0	0	0
0.0007	0	0.0004	0.9988	0	0	0	0
0.0007	0	0.0004	0.9988	0	0	0	0
0.0007	0	0.0004	0.9988	0	0	0	0
0.0007	0	0.0004	0.9989	0	0	0	0
0.0007	0	0.0004	0.9989	0	0	0	0
0.0007	0	0.0004	0.9989	0	0	0	0
0.0007	0	0.0004	0.9989	0	0	0	0
0.0007	0	0.0003	0.9989	0	0	0	0
0.0007	0	0.0003	0.9989	0	0	0	0
0.0007	0	0.0003	0.9989	0	0	0	0
0.0007	0	0.0003	0.9989	0	0	0	0
0.0007	0	0.0003	0.9989	0	0	0	0
0.0007	0	0.0003	0.9989	0	0	0	0
0.0007	0	0.0003	0.9989	0	0	0	0
0.0007	0	0.0003	0.9989	0	0	0	0
0.0007	0	0.0003	0.9989	0	0	0	0
0.0007	0	0.0003	0.9989	0	0	0	0
0.0007	0	0.0003	0.9989	0	0	0	0
0.0007	0	0.0003	0.9989	0	0	0	0
0.0007	0	0.0003	0.9989	0	0	0	0
0.0007	0	0.0003	0.9989	0	0	0	0
0.0007	0	0.0003	0.9989	0	0	0	0
0.0007	0	0.0003	0.9989	0	0	0	0
0.0007	0	0.0003	0.9989	0	0	0	0
0.0007	0	0.0003	0.9989	0	0	0	0
0.0007	0	0.0003	0.9989	0	0	0	0
0.0007	0	0.0003	0.9989	0	0	0	0
0.0007	0	0.0003	0.9989	0	0	0	0
0.0007	0	0.0003	0.9989	0	0	0	0
0.0007	0	0.0003	0.9989	0	0	0	0
0.0007	0	0.0003	0.9989	0	0	0	0
0.0007	0	0.0003	0.9989	0	0	0	0
0.0007	0	0.0003	0.9989	0	0	0	0
0.0007	0	0.0003	0.9989	0	0	0	0
0.0007	0	0.0003	0.9989	0	0	0	0
0.0007	0	0.0003	0.9989	0	0	0	0
0.0007	0	0.0003	0.9989	0	0	0	0
0.0007	0	0.0003	0.9989	0	0	0	0
0.0007	0	0.0003	0.9989	0	0	0	0
0.0007	0	0.0003	0.9989	0	0	0	0
0.0007	0	0.0003	0.9989	0	0	0	0
0.0007	0	0.0003	0.9989	0	0	0	0
0.0007	0	0.0003	0.9989	0	0	0	0
0.0007	0	0.0003	0.9989	0	0	0	0
0.0007	0	0.0003	0.9989	0	0	0	0
0.0007	0	0.0003	0.9989	0	0	0	0
0.0007	0	0.0003	0.9989	0	0	0	0
0.0007	0	0.0003	0.9989	0	0	0	0
0.0007	0	0.0003	0.9989	0	0	0	0
0.0007	0	0.0003	0.9989	0	0	0	0
0.0007	0	0.0003	0.9989	0	0	0	0
0.0007	0	0.0003	0.9989	0	0	0	0
0.0007	0	0.0003	0.9989	0	0	0	0
0.0007	0	0.0003	0.9989	0	0	0	0
0.0007	0	0.0003	0.9989	0	0	0	0
0.0007	0	0.0003	0.9989	0	0	0	0
0.0007	0	0.0003	0.9989	0	0	0	0
0.0007	0	0.0003	0.9989	0	0	0	0
0.0007	0	0.0003	0.9989	0	0	0	0
0.0007	0	0.0003	0.9989	0	0	0	0
0.0007	0	0.0003	0.9989	0	0	0	0
0.0007	0	0.0003	0.9989	0	0	0	0
0.0007	0	0.0003	0.9989	0	0	0	0
0.0007	0	0.0003	0.9989	0	0	0	0
0.0007	0	0.0003	0.9989	0	0	0	0
0.0007	0	0.0003	0.9989	0	0	0	0
0.0007	0	0.0003	0.9989	0	0	0	0
0.0007	0	0.0003	0.9989	0	0	0	0
0.0007	0	0.0003	0.9989	0	0	0	0
0.0007	0	0.0003	0.9989	0	0	0	0
0.0007	0	0.0003	0.9989	0	0	0	0
0.0007	0	0.0003	0.9989	0	0	0	0
0.0007	0	0.0003	0.9989	0	0	0	0
0.0007	0	0.0003	0.9989	0	0	0	0
0.0007	0	0.0003	0.9989	0	0	0	0
0.0007	0	0.0003	0.9989	0	0	0	0
0.0007	0	0.0003	0.9989	0	0	0	0
0.0007	0	0.0003	0.9989	0	0	0	0
0.0007	0	0.0003	0.9989	0	0	0	0
0.0007	0	0.0003	0.9989	0	0	0	0
0.0007	0	0.0003	0.9989	0	0	0	0
0.0007	0	0.0003	0.9989	0	0	0	0
0.0007	0	0.0003	0.9989	0	0	0	0
0.0007	0	0.0003	0.9989	0	0	0	0
0.0007	0	0.0003	0.9989	0	0	0	0
0.0007	0	0.0003	0.9989	0	0	0	0
0.0007	0	0.0003	0.9989	0	0	0	0
0.0007	0	0.0003	0.9989	0	0	0	0
0.0007	0	0.0003	0.9989	0	0	0	0
0.0007	0	0.0003	0.9989	0	0	0	0
0.0007	0	0.0003	0.9989	0	0	0	0
0.0007	0	0.0003	0.9989	0	0	0	0
0.0007	0	0.0003	0.9989	0	0	0	0
0.0007	0	0.0003	0.9989	0	0	0	0
0.0007	0	0.0003	0.9989	0	0	0	0
0.0007	0	0.0003	0.9989	0	0	0	0
0.0007	0	0.0003	0.9989	0	0	0	0
0.0007	0	0.0003	0.9989	0	0	0	0
0.0007	0	0.0003	0.9989	0	0	0	0
0.0007	0	0.0003	0.9989	0	0	0	0
0.0007	0	0.0003	0.9989	0	0	0	0
0.0007	0	0.0003	0.9989	0	0	0	0
0.0007	0	0.0003	0.9989	0	0	0	0
0.0007	0	0.0003	0.9989	0	0	0	0
0.0007	0	0.0003	0.9989	0	0	0	0
0.0007	0	0.0003	0.9989	0	0	0	0
0.0007	0	0.0003	0.9989	0	0	0	0
0.0007	0	0.0003	0.9989	0	0	0	0
0.0007	0	0.0003	0.9989	0	0	0	0
0.0007	0	0.0003	0.9989	0	0	0	0
0.0007	0	0.0003	0.9989	0	0	0	0
0.0007	0	0.0003	0.9989	0	0	0	0
0.0007	0	0.0003	0.9989	0	0	0	0
0.0007	0	0.0003	0.9989	0	0	0	0
0.0007	0	0.0003	0.9989	0	0	0	0
0.0007	0	0.0003	0.9989	0	0	0	0
0.0007	0	0.0003	0.9989	0	0	0	0
0.0007	0	0.0003	0.9989	0	0	0	0
0.0007	0	0.0003	0.9989	0	0	0	0
0.0007	0	0.0003	0.9989	0	0	0	0
0.0007	0	0.0003	0.9989	0	0	0	0
0.0007	0	0.0003	0.9989	0	0	0	0
0.0007	0	0.0003	0.9989	0	0	0	0
0.0007	0	0.0003	0.9989	0	0	0	0
0.0007	0	0.0003	0.9989	0	0	0	0
0.0007	0	0.0003	0.9989	0	0	0	0
0.0007	0	0.0003	0.9989	0	0	0	0
0.0007	0	0.0003	0.9989	0	0	0	0
0.0007	0	0.0003	0.9989	0	0	0	0
0.0007	0	0.0003	0.9989	0	0	0	0
0.0007	0	0.0003	0.9989	0	0	0	0
0.0007	0	0.0003	0.9989	0	0	0	0
0.0007	0	0.0003	0.9989	0	0	0	0
0.0007	0	0.0003	0.9989	0	0	0	0
0.0007	0	0.0003	0.9989	0	0	0	0
0.0007	0	0.0003	0.9989	0	0	0	0
0.0007	0	0.0003	0.9989	0	0	0	0
0.0007	0	0.0003	0.9989	0	0	0	0
0.0007	0	0.0003	0.9989	0	0	0	0
0.0007	0	0.0003	0.9989	0	0	0	0
0.0007	0	0.0003	0.9989	0	0	0	0
0.0007	0	0.0003	0.9989	0	0	0	0
0.0007	0	0.0003	0.9989	0	0	0	0
0.0007	0	0.0003	0.9989	0	0	0	0
0.0007	0	0.0003	0.9989	0	0	0	0
0.0007	0	0.0003	0.9989	0	0	0	0
0.0007	0	0.0003	0.9989	0	0	0	0
0.0007	0	0.0003	0.9989	0	0	0	0
0.0007	0	0.0003	0.9989	0	0	0	0
0.0007	0	0.0003	0.9989	0	0	0	0
0.0007	0	0.0003	0.9989	0	0	0	0
0.0007	0	0.0003	0.9989	0	0	0	0
0.0007	0	0.0003	0.9989	0	0	0	0
0.0007	0	0.0003	0.9989	0	0	0	0
0.0007	0	0.0003	0.9989	0	0	0	0
0.0007	0	0.0003	0.9989	0	0	0	0
0.0007	0	0.0003	0.9989	0	0	0	0
0.0007	0	0.0003	0.9989	0	0	0	0
0.0007	0	0.0003	0.9989	0	0	0	0
0.0007	0	0.0003	0.9989	0	0	0	0
0.0007	0	0.0003	0.9989	0	0	0	0
0.0007	0	0.0003	0.9989	0	0	0	0
0.0007	0	0.0003	0.9989	0	0	0	0
0.0007	0	0.0003	0.9989	0	0	0	0
0.0007	0	0.0003	0.9989	0	0	0	0
0.0007	0	0.0003	0.9989	0	0	0	0
0.0007	0	0.0003	0.9989	0	0	0	0
0.0007	0	0.0003	0.9989	0	0	0	0
0.0007	0	0.0003	0.9989	0	0	0	0
0.0007	0	0.0003	0.9989	0	0	0	0
0.0007	0	0.0003	0.9989	0	0	0	0
0.0007	0	0.0003	0.9989	0	0	0	0
0.0007	0	0.0003	0.9989	0	0	0	0
0.0007	0	0.0003	0.9989	0	0	0	0
0.0007	0	0.0003	0.9989	0	0	0	0
0.0007	0	0.0003	0.9989	0	0	0	0
0.0007	0	0.0003	0.9989	0	0	0	0
0.0007	0	0.0003	0.9989	0	0	0	0
0.0007	0	0.0003	0.9989	0	0	0	0
0.0007	0	0.0003	0.9989	0	0	0	0
0.0007	0	0.0003	0.9989	0	0	0	0
0.0007	0	0.0003	0.9989	0	0	0	0
0.0007	0	0.0003	0.9989	0	0	0	0
0.0007	0	0.0003	0.9989	0	0	0	0
0.0007	0	0.0003	0.9989	0	0	0	0
0.0007	0	0.0003	0.9989	0	0	0	0
0.0007	0	0.0003	0.9989	0	0	0	0
0.0007	0	0.0003	0.9989	0	0	0	0
0.0007	0	0.0003	0.9989	0	0	0	0
0.0007	0	0.0003	0.9989	0	0	0	0
0.0007	0	0.0003	0.9989	0	0	0	0
0.0007	0	0.0003	0.9989	0	0	0	0
0.0007	0	0.0003	0.9989	0	0	0	0
0.0007	0	0.0003	0.9989	0	0	0	0
0.0007	0	0.0003	0.9989	0	0	0	0
0.0007	0	0.0003	0.9989	0	0	0	0
0.0007	0	0.0003	0.9989	0	0	0	0
0.0007	0	0.0003	0.9989	0	0	0	0
0.0007	0	0.0003	0.9989	0	0	0	0
0.0007	0	0.0003	0.9989	0	0	0	0
0.0007	0	0.0003	0.9989	0	0	0	0
0.0007	0	0.0003	0.9989	0	0	0	0
0.0007	0	0.0003	0.9989	0	0	0	0
0.0007	0	0.0003	0.9989	0	0	0	0
0.0007	0	0.0003	0.9989	0	0	0	0
0.0007	0	0.0003	0.9989	0	0	0	0
0.0007	0	0.0003	0.9989	0	0	0	0
0.0007	0	0.0003	0.9989	0	0	0	0
0.0007	0	0.0003	0.9989	0	0	0	0
0.0007	0	0.0003	0.9989	0	0	0	0
0.0007	0	0.0003	0.9989	0	0	0	0
0.0007	0	0.0003	0.9989	0	0	0	0
0.0007	0	0.0003	0.9989	0	0	0	0
0.0007	0	0.0003	0.9989	0	0	0	0
0.0007	0	0.0003	0.9989	0	0	0	0
0.0007	0	0.0003	0.9989	0	0	0	0
0.0007	0	0.0003	0.9989	0	0	0	0
0.0007	0	0.0003	0.9989	0	0	0	0
0.0007	0	0.0003	0.9989	0	0	0	0
0.0007	0	0.0003	0.9989	0	0	0	0
0.0007	0	0.0003	0.9989	0	0	0	0
0.0007	0	0.0003	0.9989	0	0	0	0
0.0007	0	0.0003	0.9989	0	0	0	0
0.0007	0	0.0003	0.9989	0	0	0	0
0.0007	0	0.0003	0.9989	0	0	0	0
0.0007	0	0.0003	0.9989	0	0	0	0
0.0007	0	0.0003	0.9989	0	0	0	0
0.0007	0	0.0003	0.9989	0	0	0	0
0.0007	0	0.0003	0.9989	0	0	0	0
0.0007	0	0.0003	0.9989	0	0	0	0
0.0007	0	0.0003	0.9989	0	0	0	0
0.0007	0	0.0003	0.9989	0	0	0	0
0.0007	0	0.0003	0.9989	0	0	0	0
0.0007	0	0.0003	0.9989	0	0	0	0
0.0007	0	0.0003	0.9989	0	0	0	0
0.0007	0	0.0003	0.9989	0	0	0	0
0.0007	0	0.0003	0.9989	0	0	0	0
0.0007	0	0.0003	0.9989	0	0	0	0
0.0007	0	0.0003	0.9989	0	0	0	0
0.0007	0	0.0003	0.9989	0	0	0	0
0.0007	0	0.0003	0.9989	0	0	0	0
0.0007	0	0.0003	0.9989	0	0	0	0
0.0007	0	0.0003	0.9989	0	0	0	0
0.0007	0	0.0003	0.9989	0	0	0	0
0.0007	0	0.0003	0.9989	0	0	0	0
0.0007	0	0.0003	0.9989	0	0	0	0
0.0007	0	0.0003	0.9989	0	0	0	0
0.0007	0	0.0003	0.9989	0	0	0	0
0.0007	0	0.0003	0.9989	0	0	0	0
0.0007	0	0.0003	0.9989	0	0	0	0
0.0007	0	0.0003	0.9989	0	0	0	0
0.0007	0	0.0003	0.9989	0	0	0	0
0.0007	0	0.0003	0.9989	0	0	0	0
0.0007	0	0.0003	0.9989	0	0	0	0
0.0007	0	0.0003	0.9989	0	0	0	0
0.0007	0	0.0003	0.9989	0	0	0	0
0.0007	0	0.0003	0.9989	0	0	0	0
0.0007	0	0.0003	0.9989	0	0	0	0
0.0007	0	0.0003	0.9989	0	0	0	0
0.0007	0	0.0003	0.9989	0	0	0	0
0.0007	0	0.0003	0.9989	0	0	0	0
0.0007	0	0.0003	0.9989	0	0	0	0
0.0007	0	0.0003	0.9989	0	0	0	0
0.0007	0	0.0003	0.9989	0	0	0	0
0.0007	0	0.0003	0.9989	0	0	0	0
0.0007	0	0.0003	0.9989	0	0	0	0
0.0007	0	0.0003	0.9989	0	0	0	0
0.0007	0	0.0003	0.9989	0	0	0	0
0.0007	0	0.0003	0.9989	0	0	0	0
0.0007	0	0.0003	0.9989	0	0	0	0
0.0007	0	0.0003	0.9989	0	0	0	0
0.0007	0	0.0003	0.9989	0	0	0	0
0.0007	0	0.0003	0.9989	0	0	0	0
0.0007	0	0.0003	0.9989	0	0	0	0
0.0007	0	0.0003	0.9989	0	0	0	0
0.0007	0	0.0003	0.9989	0	0	0	0
0.0007	0	0.0003	0.9989	0	0	0	0
0.0007	0	0.0003	0.9989	0	0	0	0
0.0007	0	0.0003	0.9989	0	0	0	0
0.0007	0	0.0003	0.9989	0	0	0	0
0.0007	0	0.0003	0.9989	0	0	0	0
0.0007	0	0.0003	0.9989	0	0	0	0
0.0007	0	0.0003	0.9989	0	0	0	0
0.0007	0	0.0003	0.9989	0	0	0	0
0.0007	0	0.0003	0.9989	0	0	0	0
0.0007	0	0.0003	0.9989	0	0	0	0
0.0007	0	0.0003	0.9989	0	0	0	0
0.0007	0	0.0003	0.9989	0	0	0	0
0.0007	0	0.0003	0.9989	0	0	0	0
0.0007	0	0.0003	0.9989	0	0	0	0
0.0007	0	0.0003	0.9989	0	0	0	0
0.0007	0	0.0003	0.9989	0	0	0	0
0.0007	0	0.0003	0.9989	0	0	0	0
0.0007	0	0.0003	0.9989	0	0	0	0
0.0007	0	0.0003	0.9989	0	0	0	0
0.0007	0	0.0003	0.9989	0	0	0	0
0.0007	0	0.0003	0.9989	0	0	0	0
0.0007	0	0.0003	0.9989	0	0	0	0
0.0007	0	0.0003	0.9989	0	0	0	0
0.0007	0	0.0003	0.9989	0	0	0	0
0.0007	0	0.0003	0.9989	0	0	0	0
0.0007	0	0.0003	0.9989	0	0	0	0
0.0007	0	0.0003	0.9989	0	0	0	0
0.0007	0	0.0003	0.9989	0	0	0	0
0.0007	0	0.0003	0.9989	0	0	0	0
0.0007	0	0.0003	0.9989	0	0	0	0
0.0007	0	0.0003	0.9989	0	0	0	0
0.0007	0	0.0003	0.9989	0	0	0	0
0.0007	0	0.0003	0.9989	0	0	0	0
0.0007	0	0.0003	0.9989	0	0	0	0
0.0007	0	0.0003	0.9989	0	0	0	0
0.0007	0	0.0003	0.9989	0	0	0	0
0.0007	0	0.0003	0.9989	0	0	0	0
0.0007	0	0.0003	0.9989	0	0	0	0
0.0007	0	0.0003	0.9989	0	0	0	0
0.0007	0	0.0003	0.9989	0	0	0	0
0.0007	0	0.0003	0.9989	0	0	0	0
0.0007	0	0.0003	0.9989	0	0	0	0
0.0007	0	0.0003	0.9989	0	0	0	0
0.0007	0	0.0003	0.9989	0	0	0	0
0.0007	0	0.0003	0.9989	0	0	0	0
0.0007	0	0.0003	0.9989	0	0	0	0
0.0007	0	0.0003	0.9989	0	0	0	0
0.0007	0	0.0003	0.9989	0	0	0	0
0.0007	0	0.0003	0.9989	0	0	0	0
0.0007	0	0.0003	0.9989	0	0	0	0
0.0007	0	0.0003	0.9989	0	0	0	0
0.0007	0	0.0003	0.9989	0	0	0	0
0.0007	0	0.0003	0.9989	0	0	0	0
0.0007	0	0.0003	0.9989	0	0	0	0
0.0007	0	0.0003	0.9989	0	0	0	0
0.0007	0	0.0003	0.9989	0	0	0	0
0.0007	0	0.0003	0.9989	0	0	0	0
0.0007	0	0.0003	0.9989	0	0	0	0
0.0007	0	0.0003	0.9989	0	0	0	0
0.0007	0	0.0003	0.9989	0	0	0	0
0.0007	0	0.0003	0.9989	0	0	0	0
0.0007	0	0.0003	0.9989	0	0	0	0
0.0007	0	0.0003	0.9989	0	0	0	0
0.0007	0	0.0003	0.9989	0	0	0	0
0.0007	0	0.0003	0.9989	0	0	0	0
0.0007	0	0.0003	0.9989	0	0	0	0
0.0007	0	0.0003	0.9989	0	0	0	0
0.0007	0	0.0003	0.9989	0	0	0	0
0.0007	0	0.0003	0.9989	0	0	0	0
0.0007	0	0.0003	0.9989	0	0	0	0
0.0007	0	0.0003	0.9989	0	0	0	0
0.0007	0	0.0003	0.9989	0	0	0	0
0.0007	0	0.0003	0.9989	0	0	0	0
0.0007	0	0.0003	0.9989	0	0	0	0
0.0007	0	0.0003	0.9989	0	0	0	0
0.0007	0	0.0003	0.9989	0	0	0	0
0.0007	0	0.0003	0.9989	0	0	0	0
0.0007	0	0.0003	0.9989	0	0	0	0
0.0007	0	0.0003	0.9989	0	0	0	0
0.0007	0	0.0003	0.9989	0	0	0	0
0.0007	0	0.0003	0.9989	0	0	0	0
0.0007	0	0.0003	0.9989	0	0	0	0
0.0007	0	0.0003	0.9989	0	0	0	0
0.0007	0	0.0003	0.9989	0	0	0	0
0.0007	0	0.0003	0.9989	0	0	0	0
0.0007	0	0.0003	0.9989	0	0	0	0
0.0007	0	0.0003	0.9989	0	0	0	0
0.0007	0	0.0003	0.9989	0	0	0	0
0.0007	0	0.0003	0.9989	0	0	0	0
0.0007	0	0.0003	0.9989	0	0	0	0
0.0007	0	0.0003	0.9989	0	0	0	0
0.0007	0	0.0003	0.9989	0	0	0	0
0.0007	0	0.0003	0.9989	0	0	0	0
0.0007	0	0.0003	0.9989	0	0	0	0
0.0007	0	0.0003	0.9989	0	0	0	0
0.0007	0	0.0003	0.9989	0	0	0	0
0.0007	0	0.0003	0.9989	0	0	0	0
0.0007	0	0.0003	0.9989	0	0	0	0
0.0007	0	0.0003	0.9989	0	0	0	0
0.0007	0	0.0003	0.9989	0	0	0	0
0.0007	0	0.0003	0.9989	0	0	0	0
0.0007	0	0.0003	0.9989	0	0	0	0
0.0007	0	0.0003	0.9989	0	0	0	0
0.0007	0	0.0003	0.9989	0	0	0	0
0.0007	0	0.0003	0.9989	0	0	0	0
0.0007	0	0.0003	0.9989	0	0	0	0
0.0007	0	0.0003	0.9989	0	0	0	0
0.0007	0	0.0003	0.9989	0	0	0	0
0.0007	0	0.0003	0.9989	0	0	0	0
0.0007	0	0.0003	0.9989	0	0	0	0
0.0007	0	0.0003	0.9989	0	0	0	0
0.0007	0	0.0003	0.9989	0	0	0	0
0.0007	0	0.0003	0.9989	0	0	0	0
0.0007	0	0.0003	0.9989	0	0	0	0
0.0007	0	0.0003	0.9989	0	0	0	0
0.0007	0	0.0003	0.9989	0	0	0	0
0.0007	0	0.0003	0.9989	0	0	0	0
0.0007	0	0.0003	0.9989	0	0	0	0
0.0007	0	0.0003	0.9989	0	0	0	0
0.0007	0	0.0003	0.9989	0	0	0	0
0.0007	0	0.0003	0.9989	0	0	0	0
0.0007	0	0.0003	0.9989	0	0	0	0
0.0007	0	0.0003	0.9989	0	0	0	0
0.0007	0	0.0003	0.9989	0	0	0	0
0.0007	0	0.0003	0.9989	0	0	0	0
0.0007	0	0.0003	0.9989	0	0	0	0
0.0007	0	0.0003	0.9989	0	0	0	0
0.0007	0	0.0003	0.9989	0	0	0	0
0.0007	0	0.0003	0.9989	0	0	0	0
0.0007	0	0.0003	0.9989	0	0	0	0
0.0007	0	0.0003	0.9989	0	0	0	0
0.0007	0	0.0003	0.9989	0	0	0	0
0.0007	0	0.0003	0.9989	0	0	0	0
0.0007	0	0.0003	0.9989	0	0	0	0
0.0007	0	0.0003	0.9989	0	0	0	0
0.0007	0	0.0003	0.9989	0	0	0	0
0.0007	0	0.0003	0.9989	0	0	0	0
0.0007	0	0.0003	0.9989	0	0	0	0
0.0007	0	0.0003	0.9989	0	0	0	0
0.0007	0	0.0003	0.9989	0	0	0	0
0.0007	0	0.0003	0.9989	0	0	0	0
0.0007	0	0.0003	0.9989	0	0	0	0
0.0007	0	0.0003	0.9989	0	0	0	0
0.0007	0	0.0003	0.9989	0	0	0	0
0.0007	0	0.0003	0.9989	0	0	0	0
0.0007	0	0.0003	0.9989	0	0	0	0
0.0007	0	0.0003	0.9989	0	0	0	0
0.0007	0	0.0003	0.9989	0	0	0	0
0.0007	0	0.0003	0.9989	0	0	0	0
0.0007	0	0.0003	0.9989	0	0	0	0
0.0007	0	0.0003	0.9989	0	0	0	0
0.0007	0	0.0003	0.9989	0	0	0	0
0.0007	0	0.0003	0.9989	0	0	0	0
0.0007	0	0.0003	0.9989	0	0	0	0
0.0007	0	0.0003	0.9989	0	0	0	0
0.0007	0	0.0003	0.9989	0	0	0	0
0.0007	0	0.0003	0.9989	0	0	0	0
0.0007	0	0.0003	0.9989	0	0	0	0
0.0007	0	0.0003	0.9989	0	0	0	0
0.0007	0	0.0003	0.9989	0	0	0	0
0.0007	0	0.0003	0.9989	0	0	0	0
0.0007	0	0.0003	0.9989	0	0	0	0
0.0007	0	0.0003	0.9989	0	0	0	0
0.0007	0	0.0003	0.9989	0	0	0	0
0.0007	0	0.0003	0.9989	0	0	0	0
0.0007	0	0.0003	0.9989	0	0	0	0
0.0007	0	0.0003	0.9989	0	0	0	0
0.0007	0	0.0003	0.9989	0	0	0	0
0.0007	0	0.0003	0.9989	0	0	0	0
0.0007	0	0.0003	0.9989	0	0	0	0
0.0007	0	0.0003	0.9989	0	0	0	0
0.0007	0	0.0003	0.9989	0	0	0	0
0.0007	0	0.0003	0.9989	0	0	0	0
0.0007	0	0.0003	0.9989	0	0	0	0
0.0007	0	0.0003	0.9989	0	0	0	0
0.0007	0	0.0003	0.9989	0	0	0	0
0.0007	0	0.0003	0.9989	0	0	0	0
0.0007	0	0.0003	0.9989	0	0	0	0
0.0007	0	0.0003	0.9989	0	0	0	0
0.0007	0	0.0003	0.9989	0	0	0	0
0.0007	0	0.0003	0.9989	0	0	0	0
0.0007	0	0.0003	0.9989	0	0	0	0
0.0007	0	0.0003	0.9989	0	0	0	0
0.0007	0	0.0003	0.9989	0	0	0	0
0.0007	0	0.0003	0.9989	0	0	0	0
0.0007	0	0.0003	0.9989	0	0	0	0
0.0007	0	0.0003	0.9989	0	0	0	0
0.0007	0	0.0003	0.9989	0	0	0	0
0.0007	0	0.0003	0.9989	0	0	0	0
0.0007	0	0.0003	0.9989	0	0	0	0
0.0007	0	0.0003	0.9989	0	0	0	0
0.0007	0	0.0003	0.9989	0	0	0	0
0.0007	0	0.0003	0.9989	0	0	0	0
0.0007	0	0.0003	0.9989	0	0	0	0
0.0007	0	0.0003	0.9989	0	0	0	0
0.0007	0	0.0003	0.9989	0	0	0	0
0.0007	0	0.0003	0.9989	0	0	0	0
0.0007	0	0.0003	0.9989	0	0	0	0
0.0007	0	0.0003	0.9989	0	0	0	0
0.0007	0	0.0003	0.9989	0	0	0	0
0.0007	0	0.0003	0.9989	0	0	0	0
0.0007	0	0.0003	0.9989	0	0	0	0
0.0007	0	0.0003	0.9989	0	0	0	0
0.0007	0	0.0003	0.9989	0	0	0	0
0.0007	0	0.0003	0.9989	0	0	0	0
0.0007	0	0.0003	0.9989	0	0	0	0
0.0007	0	0.0003	0.9989	0	0	0	0
0.0007	0	0.0003	0.9989	0	0	0	0
0.0007	0	0.0003	0.9989	0	0	0	0
0.0007	0	0.0003	0.9989	0	0	0	0
0.0007	0	0.0003	0.9989	0	0	0	0
0.0007	0	0.0003	0.9989	0	0	0	0
0.0007	0	0.0003	0.9989	0	0	0	0
0.0007	0	0.0003	0.9989	0	0	0	0
0.0007	0	0.0003	0.9989	0	0	0	0
0.0007	0	0.0003	0.9989	0	0	0	0
0.0007	0	0.0003	0.9989	0	0	0	0
0.0007	0	0.0003	0.9989	0	0	0	0
0.0007	0	0.0003	0.9989	0	0	0	0
0.0007	0	0.0003	0.9989	0	0	0	0
0.0007	0	0.0003	0.9989	0	0	0	0
0.0007	0	0.0003	0.9989	0	0	0	0
0.0007	0	0.0003	0.9989	0	0	0	0
0.0007	0	0.0003	0.9989	0	0	0	0
0.0007	0	0.0003	0.9989	0	0	0	0
0.0007	0	0.0003	0.9989	0	0	0	0
0.0007	0	0.0003	0.9989	0	0	0	0
0.0007	0	0.0003	0.9989	0	0	0	0
0.0007	0	0.0003	0.9989	0	0	0	0
0.0007	0	0.0003	0.9989	0	0	0	0
0.0007	0	0.0003	0.9989	0	0	0	0
0.0007	0	0.0003	0.9989	0	0	0	0
0.0007	0	0.0003	0.9989	0	0	0	0
0.0007	0	0.0003	0.9989	0	0	0	0
0.0007	0	0.0003	0.9989	0	0	0	0
0.0007	0	0.0003	0.9989	0	0	0	0
0.0007	0	0.0003	0.9989	0	0	0	0
0.0007	0	0.0003	0.9989	0	0	0	0
0.0007	0	0.0003	0.9989	0	0	0	0
0.0007	0	0.0003	0.9989	0	0	0	0
0.0007	0	0.0003	0.9989	0	0	0	0
0.0007	0	0.0003	0.9989	0	0	0	0
0.0007	0	0.0003	0.9989	0	0	0	0
0.0007	0	0.0003	0.9989	0	0	0	0
0.0007	0	0.0003	0.9989	0	0	0	0
0.0007	0	0.0003	0.9989	0	0	0	0
0.0007	0	0.0003	0.9989	0	0	0	0
0.0007	0	0.0003	0.9989	0	0	0	0
0.0007	0	0.0003	0.9989	0	0	0	0
0.0007	0	0.0003	0.9989	0	0	0	0
0.0007	0	0.0003	0.9989	0	0	0	0
0.0007	0	0.0003	0.9989	0	0	0	0
0.0007	0	0.0003	0.9989	0	0	0	0
0.0007	0	0.0003	0.9989	0	0	0	0
0.0007	0	0.0003	0.9989	0	0	0	0
0.0007	0	0.0003	0.9989	0	0	0	0
0.0007	0	0.0003	0.9989	0	0	0	0
0.0007	0	0.0003	0.9989	0	0	0	0
0.0007	0	0.0003	0.9989	0	0	0	0
0.0007	0	0.0003	0.9989	0	0	0	0
0.0007	0	0.0003	0.9989	0	0	0	0
0.0007	0	0.0003	0.9989	0	0	0	0
0.0007	0	0.0003	0.9989	0	0	0	0
0.0007	0	0.0003	0.9989	0	0	0	0
0.0007	0	0.0003	0.9989	0	0	0	0
0.0007	0	0.0003	0.9989	0	0	0	0
0.0007	0	0.0003	0.9989	0	0	0	0
0.0007	0	0.0003	0.9989	0	0	0	0
0.0007	0	0.0003	0.9989	0	0	0	0
0.0007	0	0.0003	0.9989	0	0	0	0
0.0007	0	0.0003	0.9989	0	0	0	0
0.0007	0	0.0003	0.9989	0	0	0	0
0.0007	0	0.0003	0.9989	0	0	0	0
0.0007	0	0.0003	0.9989	0	0	0	0
0.0007	0	0.0003	0.9989	0	0	0	0
0.0007	0	0.0003	0.9989	0	0	0	0
0.0007	0	0.0003	0.9989	0	0	0	0
0.0007	0	0.0003	0.9989	0	0	0	0
0.0007	0	0.0003	0.9989	0	0	0	0
0.0007	0	0.0003	0.9989	0	0	0	0
0.0007	0	0.0003	0.9989	0	0	0	0
0.0007	0	0.0003	0.9989	0	0	0	0
0.0007	0	0.0003	0.9989	0	0	0	0
0.0007	0	0.0003	0.9989	0	0	0	0
0.0007	0	0.0003	0.9989	0	0	0	0
0.0007	0	0.0003	0.9989	0	0	0	0
0.0007	0	0.0003	0.9989	0	0	0	0
0.0007	0	0.0003	0.9989	0	0	0	0
0.0007	0	0.0003	0.9989	0	0	0	0
0.0007	0	0.0003	0.9989	0	0	0	0
0.0007	0	0.0003	0.9989	0	0	0	0
0.0007	0	0.0003	0.9989	0	0	0	0
0.0007	0	0.0003	0.9989	0	0	0	0
0.0007	0	0.0003	0.9989	0	0	0	0
0.0007	0	0.0003	0.9989	0	0	0	0
0.0007	0	0.0003	0.9989	0	0	0	0
0.0007	0	0.0003	0.9989	0	0	0	0
0.0007	0	0.0003	0.9989	0	0	0	0
0.0007	0	0.0003	0.9989	0	0	0	0
0.0007	0	0.0003	0.9989	0	0	0	0
0.0007	0	0.0003	0.9989	0	0	0	0
0.0007	0	0.0003	0.9989	0	0	0	0
0.0007	0	0.0003	0.9989	0	0	0	0
0.0007	0	0.0003	0.9989	0	0	0	0
0.0007	0	0.0003	0.9989	0	0	0	0
0.0007	0	0.0003	0.9989	0	0	0	0
0.0007	0	0.0003	0.9989	0	0	0	0
0.0007	0	0.0003	0.9989	0	0	0	0
0.0007	0	0.0003	0.9989	0	0	0	0
0.0007	0	0.0003	0.9989	0	0	0	0
0.0007	0	0.0003	0.9989	0	0	0	0
0.0007	0	0.0003	0.9989	0	0	0	0
0.0007	0	0.0003	0.9989	0	0	0	0
0.0007	0	0.0003	0.9989	0	0	0	0
0.0007	0	0.0003	0.9989	0	0	0	0
0.0007	0	0.0003	0.9989	0	0	0	0
0.0007	0	0.0003	0.9989	0	0	0	0
0.0007	0	0.0003	0.9989	0	0	0	0
0.0007	0	0.0003	0.9989	0	0	0	0
0.0007	0	0.0003	0.9989	0	0	0	0
0.0007	0	0.0003	0.9989	0	0	0	0
0.0007	0	0.0003	0.9989	0	0	0	0
0.0007	0	0.0003	0.9989	0	0	0	0
0.0007	0	0.0003	0.9989	0	0	0	0
0.0007	0	0.0003	0.9989	0	0	0	0
0.0007	0	0.0003	0.9989	0	0	0	0
0.0007	0	0.0003	0.9989	0	0	0	0
0.0007	0	0.0003	0.9989	0	0	0	0
0.0007	0	0.0003	0.9989	0	0	0	0
0.0007	0	0.0003	0.9989	0	0	0	0
0.0007	0	0.0003	0.9989	0	0	0	0
0.0007	0	0.0003	0.9989	0	0	0	0
0.0007	0	0.0003	0.9989	0	0	0	0
0.0007	0	0.0003	0.9989	0	0	0	0
0.0007	0	0.0003	0.9989	0	0	0	0
0.0007	0	0.0003	0.9989	0	0	0	0
0.0007	0	0.0003	0.9989	0	0	0	0
0.0007	0	0.0003	0.9989	0	0	0	0
0.0007	0	0.0003	0.9989	0	0	0	0
0.0007	0	0.0003	0.9989	0	0	0	0
0.0007	0	0.0003	0.9989	0	0	0	0
0.0007	0	0.0003	0.9989	0	0	0	0
0.0007	0	0.0003	0.9989	0	0	0	0
0.0007	0	0.0003	0.9989	0	0	0	0
0.0007	0	0.0003	0.9989	0	0	0	0
0.0007	0	0.0003	0.9989	0	0	0	0
0.0007	0	0.0003	0.9989	0	0	0	0
0.0007	0	0.0003	0.9989	0	0	0	0
0.0007	0	0.0003	0.9989	0	0	0	0
0.0007	0	0.0003	0.9989	0	0	0	0
0.0007	0	0.0003	0.9989	0	0	0	0
0.0007	0	0.0003	0.9989	0	0	0	0
0.0007	0	0.0003	0.9989	0	0	0	0
0.0007	0	0.0003	0.9989	0	0	0	0
0.0007	0	0.0003	0.9989	0	0	0	0
0.0007	0	0.0003	0.9989	0	0	0	0
0.0007	0	0.0003	0.9989	0	0	0	0
0.0007	0	0.0003	0.9989	0	0	0	0
0.0007	0	0.0003	0.9989	0	0	0	0
0.0007	0	0.0003	0.9989	0	0	0	0
0.0007	0	0.0003	0.9989	0	0	0	0
0.0007	0	0.0003	0.9989	0	0	0	0
0.0007	0	0.0003	0.9989	0	0	0	0
0.0007	0	0.0003	0.9989	0	0	0	0
0.0007	0	0.0003	0.9989	0	0	0	0
0.0007	0	0.0003	0.9989	0	0	0	0
0.0007	0	0.0003	0.9989	0	0	0	0
0.0007	0	0.0003	0.9989	0	0	0	0
0.0007	0	0.0003	0.9989	0	0	0	0
0.0007	0	0.0003	0.9989	0	0	0	0
0.0007	0	0.0003	0.9989	0	0	0	0
0.0007	0	0.0003	0.9989	0	0	0	0
0.0007	0	0.0003	0.9989	0	0	0	0
0.0007	0	0.0003	0.9989	0	0	0	0
0.0007	0	0.0003	0.9989	0	0	0	0
0.0007	0	0.0003	0.9989	0	0	0	0
0.0007	0	0.0003	0.9989	0	0	0	0
0.0007	0	0.0003	0.9989	0	0	0	0
0.0007	0	0.0003	0.9989	0	0	0	0
0.0007	0	0.0003	0.9989	0	0	0	0
0.0007	0	0.0003	0.9989	0	0	0	0
0.0007	0	0.0003	0.9989	0	0	0	0
0.0007	0	0.0003	0.9989	0	0	0	0
0.0007	0	0.0003	0.9989	0	0	0	0
0.0007	0	0.0003	0.9989	0	0	0	0
0.0007	0	0.0003	0.9989	0	0	0	0
0.0007	0	0.0003	0.9989	0	0	0	0
0.0007	0	0.0003	0.9989	0	0	0	0
0.0007	0	0.0003	0.9989	0	0	0	0
0.0007	0	0.0003	0.9989	0	0	0	0
0.0007	0	0.0003	0.9989	0	0	0	0
0.0007	0	0.0003	0.9989	0	0	0	0
0.0007	0	0.0003	0.9989	0	0	0	0
0.0007	0	0.0003	0.9989	0	0	0	0
0.0007	0	0.0003	0.9989	0	0	0	0
0.0007	0	0.0003	0.9989	0	0	0	0
0.0007	0	0.0003	0.9989	0	0	0	0
0.0007	0	0.0003	0.9989	0	0	0	0
0.0007	0	0.0003	0.9989	0	0	0	0
0.0007	0	0.0003	0.9989	0	0	0	0
0.0007	0	0.0003	0.9989	0	0	0	0
0.0007	0	0.0003	0.9989	0	0	0	0
0.0007	0	0.0003	0.9989	0	0	0	0
0.0007	0	0.0003	0.9989	0	0	0	0
0.0007	0	0.0003	0.9989	0	0	0	0
0.0007	0	0.0003	0.9989	0	0	0	0
0.0007	0	0.0003	0.9989	0	0	0	0
0.0007	0	0.0003	0.9989	0	0	0	0
0.0007	0	0.0003	0.9989	0	0	0	0
0.0007	0	0.0003	0.9989	0	0	0	0
0.0007	0	0.0003	0.9989	0	0	0	0
0.0007	0	0.0003	0.9989	0	0	0	0
0.0007	0	0.0003	0.9989	0	0	0	0
0.0007	0	0.0003	0.9989	0	0	0	0
0.0007	0	0.0003	0.9989	0	0	0	0
0.0007	0	0.0003	0.9989	0	0	0	0
0.0007	0	0.0003	0.9989	0	0	0	0
0.0007	0	0.0003	0.9989	0	0	0	0
0.0007	0	0.0003	0.9989	0	0	0	0
0.0007	0	0.0003	0.9989	0	0	0	0
0.0007	0	0.0003	0.9989	0	0	0	0
0.0007	0	0.0003	0.9989	0	0	0	0
0.0007	0	0.0003	0.9989	0	0	0	0
0.0007	0	0.0003	0.9989	0	0	0	0
0.0007	0	0.0003	0.9989	0	0	0	0
0.0007	0	0.0003	0.9989	0	0	0	0
0.0007	0	0.0003	0.9989	0	0	0	0
0.0007	0	0.0003	0.9989	0	0	0	0
0.0007	0	0.0003	0.9989	0	0	0	0
0.0007	0	0.0003	0.9989	0	0	0	0
0.0007	0	0.0003	0.9989	0	0	0	0
0.0007	0	0.0003	0.9989	0	0	0	0
0.0007	0	0.0003	0.9989	0	0	0	0
0.0007	0	0.0003	0.9989	0	0	0	0
0.0007	0	0.0003	0.9989	0	0	0	0
0.0007	0	0.0003	0.9989	0	0	0	0
0.0007	0	0.0003	0.9989	0	0	0	0
0.0007	0	0.0003	0.9989	0	0	0	0
0.0007	0	0.0003	0.9989	0	0	0	0
0.0007	0	0.0003	0.9989	0	0	0	0
0.0007	0	0.0003	0.9989	0	0	0	0
0.0007	0	0.0003	0.9989	0	0	0	0
0.0007	0	0.0003	0.9989	0	0	0	0
0.0007	0	0.0003	0.9989	0	0	0	0
0.0007	0	0.0003	0.9989	0	0	0	0
0.0007	0	0.0003	0.9989	0	0	0	0
0.0007	0	0.0003	0.9989	0	0	0	0
0.0007	0	0.0003	0.9989	0	0	0	0
0.0007	0	0.0003	0.9989	0	0	0	0
0.0007	0	0.0003	0.9989	0	0	0	0
0.0007	0	0.0003	0.9989	0	0	0	0
0.0007	0	0.0003	0.9989	0	0	0	0
0.0007	0	0.0003	0.9989	0	0	0	0
0.0007	0	0.0003	0.9989	0	0	0	0
0.0007	0	0.0003	0.9989	0	0	0	0
0.0007	0	0.0003	0.9989	0	0	0	0
0.0007	0	0.0003	0.9989	0	0	0	0
0.0007	0	0.0003	0.9989	0	0	0	0
0.0007	0	0.0003	0.9989	0	0	0	0
0.0007	0	0.0003	0.9989	0	0	0	0
0.0007	0	0.0003	0.9989	0	0	0	0
0.0007	0	0.0003	0.9989	0	0	0	0
0.0007	0	0.0003	0.9989	0	0	0	0
0.0007	0	0.0003	0.9989	0	0	0	0
0.0007	0	0.0003	0.9989	0	0	0	0
0.0007	0	0.0003	0.9989	0	0	0	0
0.0007	0	0.0003	0.9989	0	0	0	0
0.0007	0	0.0003	0.9989	0	0	0	0
0.0007	0	0.0003	0.9989	0	0	0	0
0.0007	0	0.0003	0.9989	0	0	0	0
0.0007	0	0.0003	0.9989	0	0	0	0
0.0007	0	0.0003	0.9989	0	0	0	0
0.0007	0	0.0003	0.9989	0	0	0	0
0.0007	0	0.0003	0.9989	0	0	0	0
0.0007	0	0.0003	0.9989	0	0	0	0
0.0007	0	0.0003	0.9989	0	0	0	0
0.0007	0	0.0003	0.9989	0	0	0	0
0.0007	0	0.0003	0.9989	0	0	0	0
0.0007	0	0.0003	0.9989	0	0	0	0
0.0007	0	0.0003	0.9989	0	0	0	0
0.0007	0	0.0003	0.9989	0	0	0	0
0.0007	0	0.0003	0.9989	0	0	0	0
0.0007	0	0.0003	0.9989	0	0	0	0
0.0007	0	0.0003	0.9989	0	0	0	0
0.0007	0	0.0003	0.9989	0	0	0	0
0.0007	0	0.0003	0.9989	0	0	0	0
0.0007	0	0.0003	0.9989	0	0	0	0
0.0007	0	0.0003	0.9989	0	0	0	0
0.0007	0	0.0003	0.9989	0	0	0	0
0.0007	0	0.0003	0.9989	0	0	0	0
0.0007	0	0.0003	0.9989	0	0	0	0
0.0007	0	0.0003	0.9989	0	0	0	0
0.0007	0	0.0003	0.9989	0	0	0	0
0.0007	0	0.0003	0.9989	0	0	0	0
0.0007	0	0.0003	0.9989	0	0	0	0
0.0007	0	0.0003	0.9989	0	0	0	0
0.0007	0	0.0003	0.9989	0	0	0	0
0.0007	0	0.0003	0.9989	0	0	0	0
0.0007	0	0.0003	0.9989	0	0	0	0
0.0007	0	0.0003	0.9989	0	0	0	0
0.0007	0	0.0003	0.9989	0	0	0	0
0.0007	0	0.0003	0.9989	0	0	0	0
0.0007	0	0.0003	0.9989	0	0	0	0
0.0007	0	0.0003	0.9989	0	0	0	0
0.0007	0	0.0003	0.9989	0	0	0	0
0.0007	0	0.0003	0.9989	0	0	0	0
0.0007	0	0.0003	0.9989	0	0	0	0
0.0007	0	0.0003	0.9989	0	0	0	0
0.0007	0	0.0003	0.9989	0	0	0	0
0.0007	0	0.0003	0.9989	0	0	0	0
0.0007	0	0.0003	0.9989	0	0	0	0
0.0007	0	0.0003	0.9989	0	0	0	0
0.0007	0	0.0003	0.9989	0	0	0	0
0.0007	0	0.0003	0.9989	0	0	0	0
0.0007	0	0.0003	0.9989	0	0	0	0
0.0007	0	0.0003	0.9989	0	0	0	0
0.0007	0	0.0003	0.9989	0	0	0	0
0.0007	0	0.0003	0.9989	0	0	0	0
0.0007	0	0.0003	0.9989	0	0	0	0
0.0007	0	0.0003	0.9989	0	0	0	0
0.0007	0	0.0003	0.9989	0	0	0	0
0.0007	0	0.0003	0.9989	0	0	0	0
0.0007	0	0.0003	0.9989	0	0	0	0
0.0007	0	0.0003	0.9989	0	0	0	0
0.0007	0	0.0003	0.9989	0	0	0	0
0.0007	0	0.0003	0.9989	0	0	0	0
0.0007	0	0.0003	0.9989	0	0	0	0
0.0007	0	0.0003	0.9989	0	0	0	0
0.0007	0	0.0003	0.9989	0	0	0	0
0.0007	0	0.0003	0.9989	0	0	0	0
0.0007	0	0.0003	0.9989	0	0	0	0
0.0007	0	0.0003	0.9989	0	0	0	0
0.0007	0	0.0003	0.9989	0	0	0	0
0.0007	0	0.0003	0.9989	0	0	0	0
0.0007	0	0.0003	0.9989	0	0	0	0
0.0007	0	0.0003	0.9989	0	0	0	0
0.0007	0	0.0003	0.9989	0	0	0	0
0.0007	0	0.0003	0.9989	0	0	0	0
0.0007	0	0.0003	0.9989	0	0	0	0
0.0007	0	0.0003	0.9989	0	0	0	0
0.0007	0	0.0003	0.9989	0	0	0	0
0.0007	0	0.0003	0.9989	0	0	0	0
0.0007	0	0.0003	0.9989	0	0	0	0
0.0007	0	0.0003	0.9989	0	0	0	0
0.0007	0	0.0003	0.9989	0	0	0	0
0.0007	0	0.0003	0.9989	0	0	0	0
0.0007	0	0.0003	0.9989	0	0	0	0
0.0007	0	0.0003	0.9989	0	0	0	0
0.0007	0	0.0003	0.9989	0	0	0	0
0.0007	0	0.0003	0.9989	0	0	0	0
0.0007	0	0.0003	0.9989	0	0	0	0
0.0007	0	0.0003	0.9989	0	0	0	0
0.0007	0	0.0003	0.9989	0	0	0	0
0.0007	0	0.0003	0.9989	0	0	0	0
0.0007	0	0.0003	0.9989	0	0	0	0
0.0007	0	0.0003	0.9989	0	0	0	0
0.0007	0	0.0003	0.9989	0	0	0	0
0.0007	0	0.0003	0.9989	0	0	0	0
0.0007	0	0.0003	0.9989	0	0	0	0
0.0007	0	0.0003	0.9989	0	0	0	0
0.0007	0	0.0003	0.9989	0	0	0	0
0.0007	0	0.0003	0.9989	0	0	0	0
0.0007	0	0.0003	0.9989	0	0	0	0
0.0007	0	0.0003	0.9989	0	0	0	0
0.0007	0	0.0003	0.9989	0	0	0	0
0.0007	0	0.0003	0.9989	0	0	0	0
0.0007	0	0.0003	0.9989	0	0	0	0
0.0007	0	0.0003	0.9989	0	0	0	0
0.0007	0	0.0003	0.9989	0	0	0	0
0.0007	0	0.0003	0.9989	0	0	0	0
0.0007	0	0.0003	0.9989	0	0	0	0
0.0007	0	0.0004	0.9989	0	0	0	0
0.0007	0	0.0004	0.9989	0	0	0	0
0.0007	0	0.0004	0.9989	0	0	0	0
0.0007	0	0.0004	0.9989	0	0	0	0
0.0007	0	0.0004	0.9988	0	0	0	0
0.0007	0	0.0004	0.9988	0	0	0	0
0.0007	0	0.0004	0.9988	0	0	0	0
0.0007	0	0.0004	0.9988	0	0	0	0
0.0007	0	0.0004	0.9988	0	0	0	0
0.0007	0.0001	0.0004	0.9988	0	0	0	0
0.0007	0.0001	0.0004	0.9988	0	0	0	0
0.0007	0.0001	0.0005	0.9988	0	0	0	0
0.0007	0.0001	0.0005	0.9987	0	0	0	0
0.0007	0.0001	0.0005	0.9987	0	0	0	0
0.0007	0.0001	0.0005	0.9987	0	0	0	0
0.0007	0.0001	0.0005	0.9987	0	0	0	0
0.0007	0.0001	0.0006	0.9987	0	0	0	0
0.0007	0.0001	0.0006	0.9986	0	0	0	0
0.0007	0.0001	0.0006	0.9986	0	0	0	0
0.0007	0.0001	0.0006	0.9986	0	0	0	0
0.0007	0.0001	0.0007	0.9985	0	0	0	0
0.0007	0.0001	0.0007	0.9985	0	0	0	0
0.0007	0.0001	0.0008	0.9984	0	0	0	0
0.0007	0.0001	0.0008	0.9984	0	0	0	0
0.0007	0.0001	0.0009	0.9983	0	0	0	0
0.0007	0.0001	0.0009	0.9982	0	0	0	0
0.0007	0.0001	0.001	0.9981	0	0	0	0
0.0008	0.0002	0.0011	0.998	0	0	0	0
0.0009	0.0003	0.0011	0.9977	0	0	0	0
0.0016	0.0005	0.0012	0.9967	0	0	0	0
0.0078	0.0009	0.0012	0.9901	0	0	0	0
0.0629	0.0014	0.0007	0.935	0	0	0	0
0.0078	0.0009	0.0012	0.9901	0	0	0	0
0.0016	0.0005	0.0012	0.9967	0	0	0	0
0.0009	0.0003	0.0012	0.9977	0	0	0	0
0.0008	0.0002	0.0011	0.9979	0	0	0	0
0.0008	0.0001	0.001	0.9981	0	0	0	0
0.0007	0.0001	0.001	0.9982	0	0	0	0
0.0007	0.0001	0.0009	0.9983	0	0	0	0
0.0007	0.0001	0.0008	0.9983	0	0	0	0
0.0007	0.0001	0.0008	0.9984	0	0	0	0
0.0007	0.0001	0.0007	0.9985	0	0	0	0
0.0007	0.0001	0.0007	0.9985	0	0	0	0
0.0007	0.0001	0.0007	0.9985	0	0	0	0
0.0007	0.0001	0.0006	0.9986	0	0	0	0
0.0007	0.0001	0.0006	0.9986	0	0	0	0
0.0007	0.0001	0.0006	0.9986	0	0	0	0
0.0007	0.0001	0.0005	0.9987	0	0	0	0
0.0007	0.0001	0.0005	0.9987	0	0	0	0
0.0007	0.0001	0.0005	0.9987	0	0	0	0
0.0007	0.0001	0.0005	0.9987	0	0	0	0
0.0007	0.0001	0.0005	0.9988	0	0	0	0
0.0007	0	0.0004	0.9988	0	0	0	0
0.0007	0	0.0004	0.9988	0	0	0	0
0.0007	0	0.0004	0.9988	0	0	0	0
0.0007	0	0.0004	0.9988	0	0	0	0
0.0007	0	0.0004	0.9988	0	0	0	0
0.0007	0	0.0004	0.9988	0	0	0	0
0.0007	0	0.0004	0.9988	0	0	0	0
0.0007	0	0.0004	0.9988	0	0	0	0
0.0007	0	0.0004	0.9989	0	0	0	0
0.0007	0	0.0004	0.9989	0	0	0	0
0.0007	0	0.0004	0.9989	0	0	0	0
0.0007	0	0.0003	0.9989	0	0	0	0
0.0007	0	0.0003	0.9989	0	0	0	0
0.0007	0	0.0003	0.9989	0	0	0	0
0.0007	0	0.0003	0.9989	0	0	0	0
0.0007	0	0.0003	0.9989	0	0	0	0
0.0007	0	0.0003	0.9989	0	0	0	0
0.0007	0	0.0003	0.9989	0	0	0	0
0.0007	0	0.0003	0.9989	0	0	0	0
0.0007	0	0.0003	0.9989	0	0	0	0
0.0007	0	0.0003	0.9989	0	0	0	0
0.0007	0	0.0003	0.9989	0	0	0	0
0.0007	0	0.0003	0.9989	0	0	0	0
0.0007	0	0.0003	0.9989	0	0	0	0
0.0007	0	0.0003	0.9989	0	0	0	0
0.0007	0	0.0003	0.9989	0	0	0	0
0.0007	0	0.0003	0.9989	0	0	0	0
0.0007	0	0.0003	0.9989	0	0	0	0
0.0007	0	0.0003	0.9989	0	0	0	0
0.0007	0	0.0003	0.9989	0	0	0	0
0.0007	0	0.0003	0.9989	0	0	0	0
0.0007	0	0.0003	0.9989	0	0	0	0
0.0007	0	0.0003	0.9989	0	0	0	0
0.0007	0	0.0003	0.9989	0	0	0	0
0.0007	0	0.0003	0.9989	0	0	0	0
0.0007	0	0.0003	0.9989	0	0	0	0
0.0007	0	0.0003	0.9989	0	0	0	0
0.0007	0	0.0003	0.9989	0	0	0	0
0.0007	0	0.0003	0.9989	0	0	0	0
0.0007	0	0.0003	0.9989	0	0	0	0
0.0007	0	0.0003	0.9989	0	0	0	0
0.0007	0	0.0003	0.9989	0	0	0	0
0.0007	0	0.0003	0.9989	0	0	0	0
0.0007	0	0.0003	0.9989	0	0	0	0
0.0007	0	0.0003	0.9989	0	0	0	0
0.0007	0	0.0003	0.9989	0	0	0	0
0.0007	0	0.0003	0.9989	0	0	0	0
0.0007	0	0.0003	0.9989	0	0	0	0
0.0007	0	0.0003	0.9989	0	0	0	0
0.0007	0	0.0003	0.9989	0	0	0	0
0.0007	0	0.0003	0.9989	0	0	0	0
0.0007	0	0.0003	0.9989	0	0	0	0
0.0007	0	0.0003	0.9989	0	0	0	0
0.0007	0	0.0003	0.9989	0	0	0	0
0.0007	0	0.0003	0.9989	0	0	0	0
0.0007	0	0.0003	0.9989	0	0	0	0
0.0007	0	0.0003	0.9989	0	0	0	0
0.0007	0	0.0003	0.9989	0	0	0	0
0.0007	0	0.0003	0.9989	0	0	0	0
0.0007	0	0.0003	0.9989	0	0	0	0
0.0007	0	0.0003	0.9989	0	0	0	0
0.0007	0	0.0003	0.9989	0	0	0	0
0.0007	0	0.0003	0.9989	0	0	0	0
0.0007	0	0.0003	0.9989	0	0	0	0
0.0007	0	0.0003	0.9989	0	0	0	0
0.0007	0	0.0003	0.9989	0	0	0	0
0.0007	0	0.0003	0.9989	0	0	0	0
0.0007	0	0.0003	0.9989	0	0	0	0
0.0007	0	0.0003	0.9989	0	0	0	0
0.0007	0	0.0003	0.9989	0	0	0	0
0.0007	0	0.0003	0.9989	0	0	0	0
0.0007	0	0.0003	0.9989	0	0	0	0
0.0007	0	0.0003	0.9989	0	0	0	0
0.0007	0	0.0003	0.9989	0	0	0	0
0.0007	0	0.0003	0.9989	0	0	0	0
0.0007	0	0.0003	0.9989	0	0	0	0
0.0007	0	0.0003	0.9989	0	0	0	0
0.0007	0	0.0003	0.9989	0	0	0	0
0.0007	0	0.0003	0.9989	0	0	0	0
0.0007	0	0.0003	0.9989	0	0	0	0
0.0007	0	0.0003	0.9989	0	0	0	0
0.0007	0	0.0003	0.9989	0	0	0	0
0.0007	0	0.0003	0.9989	0	0	0	0
0.0007	0	0.0003	0.9989	0	0	0	0
0.0007	0	0.0003	0.9989	0	0	0	0
0.0007	0	0.0003	0.9989	0	0	0	0
0.0007	0	0.0003	0.9989	0	0	0	0
0.0007	0	0.0003	0.9989	0	0	0	0
0.0007	0	0.0003	0.9989	0	0	0	0
0.0007	0	0.0003	0.9989	0	0	0	0
0.0007	0	0.0003	0.9989	0	0	0	0
0.0007	0	0.0003	0.9989	0	0	0	0
0.0007	0	0.0003	0.9989	0	0	0	0
0.0007	0	0.0003	0.9989	0	0	0	0
0.0007	0	0.0003	0.9989	0	0	0	0
0.0007	0	0.0003	0.9989	0	0	0	0
0.0007	0	0.0003	0.9989	0	0	0	0
0.0007	0	0.0003	0.9989	0	0	0	0
0.0007	0	0.0003	0.9989	0	0	0	0
0.0007	0	0.0003	0.9989	0	0	0	0
0.0007	0	0.0003	0.9989	0	0	0	0
0.0007	0	0.0003	0.9989	0	0	0	0
0.0007	0	0.0003	0.9989	0	0	0	0
0.0007	0	0.0003	0.9989	0	0	0	0
0.0007	0	0.0003	0.9989	0	0	0	0
0.0007	0	0.0003	0.9989	0	0	0	0
0.0007	0	0.0003	0.9989	0	0	0	0
0.0007	0	0.0003	0.9989	0	0	0	0
0.0007	0	0.0003	0.9989	0	0	0	0
0.0007	0	0.0003	0.9989	0	0	0	0
0.0007	0	0.0003	0.9989	0	0	0	0
0.0007	0	0.0003	0.9989	0	0	0	0
0.0007	0	0.0003	0.9989	0	0	0	0
0.0007	0	0.0003	0.9989	0	0	0	0
0.0007	0	0.0003	0.9989	0	0	0	0
0.0007	0	0.0003	0.9989	0	0	0	0
0.0007	0	0.0003	0.9989	0	0	0	0
0.0007	0	0.0003	0.9989	0	0	0	0
0.0007	0	0.0003	0.9989	0	0	0	0
0.0007	0	0.0003	0.9989	0	0	0	0
0.0007	0	0.0003	0.9989	0	0	0	0
0.0007	0	0.0003	0.9989	0	0	0	0
0.0007	0	0.0003	0.9989	0	0	0	0
0.0007	0	0.0003	0.9989	0	0	0	0
0.0007	0	0.0003	0.9989	0	0	0	0
0.0007	0	0.0003	0.9989	0	0	0	0
0.0007	0	0.0003	0.9989	0	0	0	0
0.0007	0	0.0003	0.9989	0	0	0	0
0.0007	0	0.0003	0.9989	0	0	0	0
0.0007	0	0.0003	0.9989	0	0	0	0
0.0007	0	0.0003	0.9989	0	0	0	0
0.0007	0	0.0003	0.9989	0	0	0	0
0.0007	0	0.0003	0.9989	0	0	0	0
0.0007	0	0.0003	0.9989	0	0	0	0
0.0007	0	0.0003	0.9989	0	0	0	0
0.0007	0	0.0003	0.9989	0	0	0	0
0.0007	0	0.0003	0.9989	0	0	0	0
0.0007	0	0.0003	0.9989	0	0	0	0
0.0007	0	0.0003	0.9989	0	0	0	0
0.0007	0	0.0003	0.9989	0	0	0	0
0.0007	0	0.0003	0.9989	0	0	0	0
0.0007	0	0.0003	0.9989	0	0	0	0
0.0007	0	0.0003	0.9989	0	0	0	0
0.0007	0	0.0003	0.9989	0	0	0	0
0.0007	0	0.0003	0.9989	0	0	0	0
0.0007	0	0.0003	0.9989	0	0	0	0
0.0007	0	0.0003	0.9989	0	0	0	0
0.0007	0	0.0003	0.9989	0	0	0	0
0.0007	0	0.0003	0.9989	0	0	0	0
0.0007	0	0.0003	0.9989	0	0	0	0
0.0007	0	0.0003	0.9989	0	0	0	0
0.0007	0	0.0003	0.9989	0	0	0	0
0.0007	0	0.0003	0.9989	0	0	0	0
0.0007	0	0.0003	0.9989	0	0	0	0
0.0007	0	0.0003	0.9989	0	0	0	0
0.0007	0	0.0003	0.9989	0	0	0	0
0.0007	0	0.0003	0.9989	0	0	0	0
0.0007	0	0.0003	0.9989	0	0	0	0
0.0007	0	0.0003	0.9989	0	0	0	0
0.0007	0	0.0003	0.9989	0	0	0	0
0.0007	0	0.0003	0.9989	0	0	0	0
0.0007	0	0.0003	0.9989	0	0	0	0
0.0007	0	0.0003	0.9989	0	0	0	0
0.0007	0	0.0003	0.9989	0	0	0	0
0.0007	0	0.0003	0.9989	0	0	0	0
0.0007	0	0.0003	0.9989	0	0	0	0
0.0007	0	0.0003	0.9989	0	0	0	0
0.0007	0	0.0003	0.9989	0	0	0	0
0.0007	0	0.0003	0.9989	0	0	0	0
0.0007	0	0.0003	0.9989	0	0	0	0
0.0007	0	0.0003	0.9989	0	0	0	0
0.0007	0	0.0003	0.9989	0	0	0	0
0.0007	0	0.0003	0.9989	0	0	0	0
0.0007	0	0.0003	0.9989	0	0	0	0
0.0007	0	0.0003	0.9989	0	0	0	0
0.0007	0	0.0003	0.9989	0	0	0	0
0.0007	0	0.0003	0.9989	0	0	0	0
0.0007	0	0.0003	0.9989	0	0	0	0
0.0007	0	0.0003	0.9989	0	0	0	0
0.0007	0	0.0003	0.9989	0	0	0	0
0.0007	0	0.0003	0.9989	0	0	0	0
0.0007	0	0.0003	0.9989	0	0	0	0
0.0007	0	0.0003	0.9989	0	0	0	0
0.0007	0	0.0003	0.9989	0	0	0	0
0.0007	0	0.0003	0.9989	0	0	0	0
0.0007	0	0.0003	0.9989	0	0	0	0
0.0007	0	0.0003	0.9989	0	0	0	0
0.0007	0	0.0003	0.9989	0	0	0	0
0.0007	0	0.0003	0.9989	0	0	0	0
0.0007	0	0.0003	0.9989	0	0	0	0
0.0007	0	0.0003	0.9989	0	0	0	0
0.0007	0	0.0003	0.9989	0	0	0	0
0.0007	0	0.0003	0.9989	0	0	0	0
0.0007	0	0.0003	0.9989	0	0	0	0
0.0007	0	0.0003	0.9989	0	0	0	0
0.0007	0	0.0003	0.9989	0	0	0	0
0.0007	0	0.0003	0.9989	0	0	0	0
0.0007	0	0.0003	0.9989	0	0	0	0
0.0007	0	0.0003	0.9989	0	0	0	0
0.0007	0	0.0003	0.9989	0	0	0	0
0.0007	0	0.0003	0.9989	0	0	0	0
0.0007	0	0.0003	0.9989	0	0	0	0
0.0007	0	0.0003	0.9989	0	0	0	0
0.0007	0	0.0003	0.9989	0	0	0	0
0.0007	0	0.0003	0.9989	0	0	0	0
0.0007	0	0.0003	0.9989	0	0	0	0
0.0007	0	0.0003	0.9989	0	0	0	0
0.0007	0	0.0003	0.9989	0	0	0	0
0.0007	0	0.0003	0.9989	0	0	0	0
0.0007	0	0.0003	0.9989	0	0	0	0
0.0007	0	0.0003	0.9989	0	0	0	0
0.0007	0	0.0003	0.9989	0	0	0	0
0.0007	0	0.0003	0.9989	0	0	0	0
0.0007	0	0.0003	0.9989	0	0	0	0
0.0007	0	0.0003	0.9989	0	0	0	0
0.0007	0	0.0003	0.9989	0	0	0	0
0.0007	0	0.0003	0.9989	0	0	0	0
0.0007	0	0.0003	0.9989	0	0	0	0
0.0007	0	0.0003	0.9989	0	0	0	0
0.0007	0	0.0003	0.9989	0	0	0	0
0.0007	0	0.0003	0.9989	0	0	0	0
0.0007	0	0.0003	0.9989	0	0	0	0
0.0007	0	0.0003	0.9989	0	0	0	0
0.0007	0	0.0003	0.9989	0	0	0	0
0.0007	0	0.0003	0.9989	0	0	0	0
0.0007	0	0.0003	0.9989	0	0	0	0
0.0007	0	0.0003	0.9989	0	0	0	0
0.0007	0	0.0003	0.9989	0	0	0	0
0.0007	0	0.0003	0.9989	0	0	0	0
0.0007	0	0.0003	0.9989	0	0	0	0
0.0007	0	0.0003	0.9989	0	0	0	0
0.0007	0	0.0003	0.9989	0	0	0	0
0.0007	0	0.0003	0.9989	0	0	0	0
0.0007	0	0.0003	0.9989	0	0	0	0
0.0007	0	0.0003	0.9989	0	0	0	0
0.0007	0	0.0003	0.9989	0	0	0	0
0.0007	0	0.0003	0.9989	0	0	0	0
0.0007	0	0.0003	0.9989	0	0	0	0
0.0007	0	0.0003	0.9989	0	0	0	0
0.0007	0	0.0003	0.9989	0	0	0	0
0.0007	0	0.0003	0.9989	0	0	0	0
0.0007	0	0.0003	0.9989	0	0	0	0
0.0007	0	0.0003	0.9989	0	0	0	0
0.0007	0	0.0003	0.9989	0	0	0	0
0.0007	0	0.0003	0.9989	0	0	0	0
0.0007	0	0.0003	0.9989	0	0	0	0
0.0007	0	0.0003	0.9989	0	0	0	0
0.0007	0	0.0003	0.9989	0	0	0	0
0.0007	0	0.0003	0.9989	0	0	0	0
0.0007	0	0.0003	0.9989	0	0	0	0
0.0007	0	0.0003	0.9989	0	0	0	0
0.0007	0	0.0003	0.9989	0	0	0	0
0.0007	0	0.0003	0.9989	0	0	0	0
0.0007	0	0.0003	0.9989	0	0	0	0
0.0007	0	0.0003	0.9989	0	0	0	0
0.0007	0	0.0003	0.9989	0	0	0	0
0.0007	0	0.0003	0.9989	0	0	0	0
0.0007	0	0.0003	0.9989	0	0	0	0
0.0007	0	0.0003	0.9989	0	0	0	0
0.0007	0	0.0003	0.9989	0	0	0	0
0.0007	0	0.0003	0.9989	0	0	0	0
0.0007	0	0.0003	0.9989	0	0	0	0
0.0007	0	0.0003	0.9989	0	0	0	0
0.0007	0	0.0003	0.9989	0	0	0	0
0.0007	0	0.0003	0.9989	0	0	0	0
0.0007	0	0.0003	0.9989	0	0	0	0
0.0007	0	0.0003	0.9989	0	0	0	0
0.0007	0	0.0003	0.9989	0	0	0	0
0.0007	0	0.0003	0.9989	0	0	0	0
0.0007	0	0.0003	0.9989	0	0	0	0
0.0007	0	0.0003	0.9989	0	0	0	0
0.0007	0	0.0003	0.9989	0	0	0	0
0.0007	0	0.0003	0.9989	0	0	0	0
0.0007	0	0.0003	0.9989	0	0	0	0
0.0007	0	0.0003	0.9989	0	0	0	0
0.0007	0	0.0003	0.9989	0	0	0	0
0.0007	0	0.0003	0.9989	0	0	0	0
0.0007	0	0.0003	0.9989	0	0	0	0
0.0007	0	0.0003	0.9989	0	0	0	0
0.0007	0	0.0003	0.9989	0	0	0	0
0.0007	0	0.0003	0.9989	0	0	0	0
0.0007	0	0.0003	0.9989	0	0	0	0
0.0007	0	0.0003	0.9989	0	0	0	0
0.0007	0	0.0003	0.9989	0	0	0	0
0.0007	0	0.0003	0.9989	0	0	0	0
0.0007	0	0.0003	0.9989	0	0	0	0
0.0007	0	0.0003	0.9989	0	0	0	0
0.0007	0	0.0003	0.9989	0	0	0	0
0.0007	0	0.0003	0.9989	0	0	0	0
0.0007	0	0.0003	0.9989	0	0	0	0
0.0007	0	0.0003	0.9989	0	0	0	0
0.0007	0	0.0003	0.9989	0	0	0	0
0.0007	0	0.0003	0.9989	0	0	0	0
0.0007	0	0.0003	0.9989	0	0	0	0
0.0007	0	0.0003	0.9989	0	0	0	0
0.0007	0	0.0003	0.9989	0	0	0	0
0.0007	0	0.0003	0.9989	0	0	0	0
0.0007	0	0.0003	0.9989	0	0	0	0
0.0007	0	0.0003	0.9989	0	0	0	0
0.0007	0	0.0003	0.9989	0	0	0	0
0.0007	0	0.0003	0.9989	0	0	0	0
0.0007	0	0.0003	0.9989	0	0	0	0
0.0007	0	0.0003	0.9989	0	0	0	0
0.0007	0	0.0003	0.9989	0	0	0	0
0.0007	0	0.0003	0.9989	0	0	0	0
0.0007	0	0.0003	0.9989	0	0	0	0
0.0007	0	0.0003	0.9989	0	0	0	0
0.0007	0	0.0003	0.9989	0	0	0	0
0.0007	0	0.0003	0.9989	0	0	0	0
0.0007	0	0.0003	0.9989	0	0	0	0
0.0007	0	0.0003	0.9989	0	0	0	0
0.0007	0	0.0003	0.9989	0	0	0	0
0.0007	0	0.0003	0.9989	0	0	0	0
0.0007	0	0.0003	0.9989	0	0	0	0
0.0007	0	0.0003	0.9989	0	0	0	0
0.0007	0	0.0003	0.9989	0	0	0	0
0.0007	0	0.0003	0.9989	0	0	0	0
0.0007	0	0.0003	0.9989	0	0	0	0
0.0007	0	0.0003	0.9989	0	0	0	0
0.0007	0	0.0003	0.9989	0	0	0	0
0.0007	0	0.0003	0.9989	0	0	0	0
0.0007	0	0.0003	0.9989	0	0	0	0
0.0007	0	0.0003	0.9989	0	0	0	0
0.0007	0	0.0003	0.9989	0	0	0	0
0.0007	0	0.0003	0.9989	0	0	0	0
0.0007	0	0.0003	0.9989	0	0	0	0
0.0007	0	0.0003	0.9989	0	0	0	0
0.0007	0	0.0003	0.9989	0	0	0	0
0.0007	0	0.0003	0.9989	0	0	0	0
0.0007	0	0.0003	0.9989	0	0	0	0
0.0007	0	0.0003	0.9989	0	0	0	0
0.0007	0	0.0003	0.9989	0	0	0	0
0.0007	0	0.0003	0.9989	0	0	0	0
0.0007	0	0.0003	0.9989	0	0	0	0
0.0007	0	0.0003	0.9989	0	0	0	0
0.0007	0	0.0003	0.9989	0	0	0	0
0.0007	0	0.0003	0.9989	0	0	0	0
0.0007	0	0.0003	0.9989	0	0	0	0
0.0007	0	0.0003	0.9989	0	0	0	0
0.0007	0	0.0003	0.9989	0	0	0	0
0.0007	0	0.0003	0.9989	0	0	0	0
0.0007	0	0.0003	0.9989	0	0	0	0
0.0007	0	0.0003	0.9989	0	0	0	0
0.0007	0	0.0003	0.9989	0	0	0	0
0.0007	0	0.0003	0.9989	0	0	0	0
0.0007	0	0.0003	0.9989	0	0	0	0
0.0007	0	0.0003	0.9989	0	0	0	0
0.0007	0	0.0003	0.9989	0	0	0	0
0.0007	0	0.0003	0.9989	0	0	0	0
0.0007	0	0.0003	0.9989	0	0	0	0
0.0007	0	0.0003	0.9989	0	0	0	0
0.0007	0	0.0003	0.9989	0	0	0	0
0.0007	0	0.0003	0.9989	0	0	0	0
0.0007	0	0.0003	0.9989	0	0	0	0
0.0007	0	0.0003	0.9989	0	0	0	0
0.0007	0	0.0003	0.9989	0	0	0	0
0.0007	0	0.0003	0.9989	0	0	0	0
0.0007	0	0.0003	0.9989	0	0	0	0
0.0007	0	0.0003	0.9989	0	0	0	0
0.0007	0	0.0003	0.9989	0	0	0	0
0.0007	0	0.0003	0.9989	0	0	0	0
0.0007	0	0.0003	0.9989	0	0	0	0
0.0007	0	0.0003	0.9989	0	0	0	0
0.0007	0	0.0003	0.9989	0	0	0	0
0.0007	0	0.0003	0.9989	0	0	0	0
0.0007	0	0.0003	0.9989	0	0	0	0
0.0007	0	0.0003	0.9989	0	0	0	0
0.0007	0	0.0003	0.9989	0	0	0	0
0.0007	0	0.0003	0.9989	0	0	0	0
0.0007	0	0.0003	0.9989	0	0	0	0
0.0007	0	0.0003	0.9989	0	0	0	0
0.0007	0	0.0003	0.9989	0	0	0	0
0.0007	0	0.0003	0.9989	0	0	0	0
0.0007	0	0.0003	0.9989	0	0	0	0
0.0007	0	0.0003	0.9989	0	0	0	0
0.0007	0	0.0003	0.9989	0	0	0	0
0.0007	0	0.0003	0.9989	0	0	0	0
0.0007	0	0.0003	0.9989	0	0	0	0
0.0007	0	0.0003	0.9989	0	0	0	0
0.0007	0	0.0003	0.9989	0	0	0	0
0.0007	0	0.0003	0.9989	0	0	0	0
0.0007	0	0.0003	0.9989	0	0	0	0
0.0007	0	0.0003	0.9989	0	0	0	0
0.0007	0	0.0003	0.9989	0	0	0	0
0.0007	0	0.0004	0.9989	0	0	0	0
0.0007	0	0.0004	0.9989	0	0	0	0
0.0007	0	0.0004	0.9989	0	0	0	0
0.0007	0	0.0004	0.9989	0	0	0	0
0.0007	0	0.0004	0.9988	0	0	0	0
0.0007	0	0.0004	0.9988	0	0	0	0
0.0007	0	0.0004	0.9988	0	0	0	0
0.0007	0	0.0004	0.9988	0	0	0	0
0.0007	0	0.0004	0.9988	0	0	0	0
0.0007	0.0001	0.0004	0.9988	0	0	0	0
0.0007	0.0001	0.0004	0.9988	0	0	0	0
0.0007	0.0001	0.0005	0.9988	0	0	0	0
0.0007	0.0001	0.0005	0.9987	0	0	0	0
0.0007	0.0001	0.0005	0.9987	0	0	0	0
0.0007	0.0001	0.0005	0.9987	0	0	0	0
0.0007	0.0001	0.0005	0.9987	0	0	0	0
0.0007	0.0001	0.0006	0.9987	0	0	0	0
0.0007	0.0001	0.0006	0.9986	0	0	0	0
0.0007	0.0001	0.0006	0.9986	0	0	0	0
0.0007	0.0001	0.0006	0.9986	0	0	0	0
0.0007	0.0001	0.0007	0.9985	0	0	0	0
0.0007	0.0001	0.0007	0.9985	0	0	0	0
0.0007	0.0001	0.0008	0.9984	0	0	0	0
0.0007	0.0001	0.0008	0.9984	0	0	0	0
0.0007	0.0001	0.0009	0.9983	0	0	0	0
0.0007	0.0001	0.0009	0.9983	0	0	0	0
0.0007	0.0001	0.001	0.9982	0	0	0	0
0.0007	0.0001	0.0011	0.9981	0	0	0	0
0.0007	0.0001	0.0012	0.998	0	0	0	0
0.0007	0.0001	0.0013	0.9979	0	0	0	0
0.0008	0.0001	0.0014	0.9978	0	0	0	0
0.0008	0.0001	0.0015	0.9977	0	0	0	0
0.0008	0.0001	0.0016	0.9976	0	0	0	0
0.0008	0.0001	0.0017	0.9974	0	0	0	0
0.0008	0.0001	0.0019	0.9973	0	0	0	0
0.0008	0.0001	0.002	0.9971	0	0	0	0
0.0008	0.0001	0.0022	0.9969	0	0	0	0
0.0008	0.0001	0.0024	0.9967	0	0	0	0
0.0008	0.0001	0.0027	0.9964	0	0	0	0
0.0008	0.0001	0.0029	0.9962	0	0	0	0
0.0008	0.0001	0.0032	0.9959	0	0	0	0
0.0008	0.0001	0.0035	0.9955	0	0	0	0
0.0008	0.0001	0.0039	0.9952	0	0	0	0
0.0008	0.0001	0.0042	0.9948	0	0	0	0
0.0008	0.0002	0.0047	0.9943	0	0	0	0
0.0009	0.0002	0.0051	0.9938	0	0	0	0
0.0009	0.0002	0.0056	0.9932	0	0	0	0
0.0009	0.0003	0.0062	0.9925	0	0	0	0
0.0009	0.0005	0.0068	0.9917	0	0	0	0
0.001	0.0008	0.0075	0.9907	0	0.0001	0	0
0.001	0.0013	0.0082	0.9894	0	0.0001	0	0
0.0013	0.0023	0.0089	0.9874	0	0.0001	0	0
0.0027	0.0041	0.0097	0.9833	0	0.0001	0	0
0.0138	0.0077	0.0102	0.968	0	0.0002	0	0
0.1113	0.014	0.0097	0.8648	0	0.0003	0	0
0.9774	0.0215	0.0009	0	0.0001	0.0001	0	0
0.1117	0.016	0.0657	0.8062	0.0001	0.0003	0	0
0.0139	0.0094	0.0759	0.9004	0	0.0004	0	0
0.0026	0.0054	0.0784	0.9132	0	0.0003	0	0
0.0012	0.0032	0.0792	0.916	0	0.0003	0	0
0.001	0.002	0.0795	0.9172	0	0.0003	0	0
0.001	0.0013	0.0795	0.9178	0	0.0003	0	0
0.0009	0.001	0.0795	0.9183	0	0.0003	0	0
0.0009	0.0008	0.0794	0.9185	0	0.0003	0	0
0.0009	0.0008	0.0793	0.9186	0	0.0003	0	0
0.0009	0.001	0.0792	0.9185	0	0.0003	0	0
0.001	0.0013	0.0791	0.9182	0	0.0003	0	0
0.0013	0.0019	0.0789	0.9175	0	0.0003	0	0
