MV411	chrUn_KI270757v1
E1	E2	E3	E4	E5	E6	E7	E8
0.0154	0	0	0.9846	0.0001	0	0	0
0.0024	0.0001	0.0002	0.9974	0	0	0	0
0.0009	0.0001	0.0002	0.9989	0	0	0	0
0.0007	0.0001	0.0002	0.999	0	0	0	0
0.0007	0	0.0002	0.999	0	0	0	0
0.0007	0	0.0002	0.999	0	0	0	0
0.0007	0	0.0002	0.999	0	0	0	0
0.0007	0	0.0002	0.999	0	0	0	0
0.0007	0	0.0002	0.999	0	0	0	0
0.0007	0	0.0002	0.999	0	0	0	0
0.0007	0	0.0002	0.999	0	0	0	0
0.0007	0	0.0003	0.999	0	0	0	0
0.0007	0	0.0003	0.999	0	0	0	0
0.0007	0	0.0003	0.999	0	0	0	0
0.0007	0	0.0003	0.999	0	0	0	0
0.0007	0	0.0003	0.999	0	0	0	0
0.0007	0	0.0003	0.999	0	0	0	0
0.0007	0	0.0003	0.999	0	0	0	0
0.0007	0	0.0003	0.9989	0	0	0	0
0.0007	0	0.0003	0.9989	0	0	0	0
0.0007	0	0.0003	0.9989	0	0	0	0
0.0007	0	0.0003	0.9989	0	0	0	0
0.0007	0	0.0003	0.9989	0	0	0	0
0.0007	0	0.0003	0.9989	0	0	0	0
0.0007	0	0.0003	0.9989	0	0	0	0
0.0007	0	0.0003	0.9989	0	0	0	0
0.0007	0	0.0003	0.9989	0	0	0	0
0.0007	0	0.0003	0.9989	0	0	0	0
0.0007	0	0.0003	0.9989	0	0	0	0
0.0007	0	0.0003	0.9989	0	0	0	0
0.0007	0	0.0003	0.9989	0	0	0	0
0.0007	0	0.0003	0.9989	0	0	0	0
0.0007	0	0.0003	0.9989	0	0	0	0
0.0007	0	0.0003	0.9989	0	0	0	0
0.0007	0	0.0003	0.9989	0	0	0	0
0.0007	0	0.0003	0.9989	0	0	0	0
0.0007	0	0.0003	0.9989	0	0	0	0
0.0007	0	0.0003	0.9989	0	0	0	0
0.0007	0	0.0003	0.9989	0	0	0	0
0.0007	0	0.0003	0.9989	0	0	0	0
0.0007	0	0.0003	0.9989	0	0	0	0
0.0007	0	0.0003	0.9989	0	0	0	0
0.0007	0	0.0003	0.9989	0	0	0	0
0.0007	0	0.0003	0.9989	0	0	0	0
0.0007	0	0.0003	0.9989	0	0	0	0
0.0007	0	0.0003	0.9989	0	0	0	0
0.0007	0	0.0003	0.9989	0	0	0	0
0.0007	0	0.0003	0.9989	0	0	0	0
0.0007	0	0.0003	0.9989	0	0	0	0
0.0007	0	0.0003	0.9989	0	0	0	0
0.0007	0	0.0003	0.9989	0	0	0	0
0.0007	0	0.0003	0.9989	0	0	0	0
0.0007	0	0.0003	0.9989	0	0	0	0
0.0007	0	0.0003	0.9989	0	0	0	0
0.0007	0	0.0003	0.9989	0	0	0	0
0.0007	0	0.0003	0.9989	0	0	0	0
0.0007	0	0.0003	0.9989	0	0	0	0
0.0007	0	0.0003	0.9989	0	0	0	0
0.0007	0	0.0003	0.9989	0	0	0	0
0.0007	0	0.0003	0.9989	0	0	0	0
0.0007	0	0.0003	0.9989	0	0	0	0
0.0007	0	0.0003	0.9989	0	0	0	0
0.0007	0	0.0003	0.9989	0	0	0	0
0.0007	0	0.0003	0.9989	0	0	0	0
0.0007	0	0.0003	0.9989	0	0	0	0
0.0007	0	0.0003	0.9989	0	0	0	0
0.0007	0	0.0003	0.9989	0	0	0	0
0.0007	0	0.0003	0.9989	0	0	0	0
0.0007	0	0.0003	0.9989	0	0	0	0
0.0007	0	0.0003	0.9989	0	0	0	0
0.0007	0	0.0003	0.9989	0	0	0	0
0.0007	0	0.0003	0.9989	0	0	0	0
0.0007	0	0.0003	0.9989	0	0	0	0
0.0007	0	0.0003	0.9989	0	0	0	0
0.0007	0	0.0003	0.9989	0	0	0	0
0.0007	0	0.0003	0.9989	0	0	0	0
0.0007	0	0.0003	0.9989	0	0	0	0
0.0007	0	0.0003	0.9989	0	0	0	0
0.0007	0	0.0003	0.9989	0	0	0	0
0.0007	0	0.0003	0.9989	0	0	0	0
0.0007	0	0.0003	0.9989	0	0	0	0
0.0007	0	0.0003	0.9989	0	0	0	0
0.0007	0	0.0003	0.9989	0	0	0	0
0.0007	0	0.0003	0.9989	0	0	0	0
0.0007	0	0.0003	0.9989	0	0	0	0
0.0007	0	0.0003	0.9989	0	0	0	0
0.0007	0	0.0003	0.9989	0	0	0	0
0.0007	0	0.0003	0.9989	0	0	0	0
0.0007	0	0.0003	0.9989	0	0	0	0
0.0007	0	0.0003	0.9989	0	0	0	0
0.0007	0	0.0003	0.9989	0	0	0	0
0.0007	0	0.0003	0.9989	0	0	0	0
0.0007	0	0.0003	0.9989	0	0	0	0
0.0007	0	0.0003	0.9989	0	0	0	0
0.0007	0	0.0003	0.9989	0	0	0	0
0.0007	0	0.0003	0.9989	0	0	0	0
0.0007	0	0.0003	0.9989	0	0	0	0
0.0007	0	0.0003	0.9989	0	0	0	0
0.0007	0	0.0003	0.9989	0	0	0	0
0.0007	0	0.0003	0.9989	0	0	0	0
0.0007	0	0.0003	0.9989	0	0	0	0
0.0007	0	0.0003	0.9989	0	0	0	0
0.0007	0	0.0003	0.9989	0	0	0	0
0.0007	0	0.0003	0.9989	0	0	0	0
0.0007	0	0.0003	0.9989	0	0	0	0
0.0007	0	0.0003	0.9989	0	0	0	0
0.0007	0	0.0003	0.9989	0	0	0	0
0.0007	0	0.0003	0.9989	0	0	0	0
0.0007	0	0.0003	0.9989	0	0	0	0
0.0007	0	0.0003	0.9989	0	0	0	0
0.0007	0	0.0003	0.9989	0	0	0	0
0.0007	0	0.0003	0.9989	0	0	0	0
0.0007	0	0.0003	0.9989	0	0	0	0
0.0007	0	0.0003	0.9989	0	0	0	0
0.0007	0	0.0003	0.9989	0	0	0	0
0.0007	0	0.0003	0.9989	0	0	0	0
0.0007	0	0.0003	0.9989	0	0	0	0
0.0007	0	0.0003	0.9989	0	0	0	0
0.0007	0	0.0003	0.9989	0	0	0	0
0.0007	0	0.0003	0.9989	0	0	0	0
0.0007	0	0.0003	0.9989	0	0	0	0
0.0007	0	0.0003	0.9989	0	0	0	0
0.0007	0	0.0003	0.9989	0	0	0	0
0.0007	0	0.0003	0.9989	0	0	0	0
0.0007	0	0.0003	0.9989	0	0	0	0
0.0007	0	0.0003	0.9989	0	0	0	0
0.0007	0	0.0003	0.9989	0	0	0	0
0.0007	0	0.0003	0.9989	0	0	0	0
0.0007	0	0.0003	0.9989	0	0	0	0
0.0007	0	0.0003	0.9989	0	0	0	0
0.0007	0	0.0003	0.9989	0	0	0	0
0.0007	0	0.0003	0.9989	0	0	0	0
0.0007	0	0.0003	0.9989	0	0	0	0
0.0007	0	0.0003	0.9989	0	0	0	0
0.0007	0	0.0003	0.9989	0	0	0	0
0.0007	0	0.0003	0.9989	0	0	0	0
0.0007	0	0.0003	0.9989	0	0	0	0
0.0007	0	0.0003	0.9989	0	0	0	0
0.0007	0	0.0003	0.9989	0	0	0	0
0.0007	0	0.0003	0.9989	0	0	0	0
0.0007	0	0.0003	0.9989	0	0	0	0
0.0007	0	0.0003	0.9989	0	0	0	0
0.0007	0	0.0003	0.9989	0	0	0	0
0.0007	0	0.0003	0.9989	0	0	0	0
0.0007	0	0.0003	0.9989	0	0	0	0
0.0007	0	0.0003	0.9989	0	0	0	0
0.0007	0	0.0003	0.9989	0	0	0	0
0.0007	0	0.0003	0.9989	0	0	0	0
0.0007	0	0.0003	0.9989	0	0	0	0
0.0007	0	0.0003	0.9989	0	0	0	0
0.0007	0	0.0003	0.9989	0	0	0	0
0.0007	0	0.0003	0.9989	0	0	0	0
0.0007	0	0.0003	0.9989	0	0	0	0
0.0007	0	0.0003	0.9989	0	0	0	0
0.0007	0	0.0003	0.9989	0	0	0	0
0.0007	0	0.0003	0.9989	0	0	0	0
0.0007	0	0.0003	0.9989	0	0	0	0
0.0007	0	0.0003	0.9989	0	0	0	0
0.0007	0	0.0003	0.9989	0	0	0	0
0.0007	0	0.0003	0.9989	0	0	0	0
0.0007	0	0.0003	0.9989	0	0	0	0
0.0007	0	0.0003	0.9989	0	0	0	0
0.0007	0	0.0003	0.9989	0	0	0	0
0.0007	0	0.0003	0.9989	0	0	0	0
0.0007	0	0.0003	0.9989	0	0	0	0
0.0007	0	0.0003	0.9989	0	0	0	0
0.0007	0	0.0003	0.9989	0	0	0	0
0.0007	0	0.0003	0.9989	0	0	0	0
0.0007	0	0.0003	0.9989	0	0	0	0
0.0007	0	0.0003	0.9989	0	0	0	0
0.0007	0	0.0003	0.9989	0	0	0	0
0.0007	0	0.0003	0.9989	0	0	0	0
0.0007	0	0.0003	0.9989	0	0	0	0
0.0007	0	0.0003	0.9989	0	0	0	0
0.0007	0	0.0003	0.9989	0	0	0	0
0.0007	0	0.0003	0.9989	0	0	0	0
0.0007	0	0.0003	0.9989	0	0	0	0
0.0007	0	0.0003	0.9989	0	0	0	0
0.0007	0	0.0003	0.9989	0	0	0	0
0.0007	0	0.0003	0.9989	0	0	0	0
0.0007	0	0.0003	0.9989	0	0	0	0
0.0007	0	0.0003	0.9989	0	0	0	0
0.0007	0	0.0003	0.9989	0	0	0	0
0.0007	0	0.0003	0.9989	0	0	0	0
0.0007	0	0.0003	0.9989	0	0	0	0
0.0007	0	0.0003	0.9989	0	0	0	0
0.0007	0	0.0003	0.9989	0	0	0	0
0.0007	0	0.0003	0.9989	0	0	0	0
0.0007	0	0.0003	0.9989	0	0	0	0
0.0007	0	0.0003	0.9989	0	0	0	0
0.0007	0	0.0003	0.9989	0	0	0	0
0.0007	0	0.0003	0.9989	0	0	0	0
0.0007	0	0.0003	0.9989	0	0	0	0
0.0007	0	0.0003	0.9989	0	0	0	0
0.0007	0	0.0003	0.9989	0	0	0	0
0.0007	0	0.0003	0.9989	0	0	0	0
0.0007	0	0.0003	0.9989	0	0	0	0
0.0007	0	0.0003	0.9989	0	0	0	0
0.0007	0	0.0003	0.9989	0	0	0	0
0.0007	0	0.0003	0.9989	0	0	0	0
0.0007	0	0.0003	0.9989	0	0	0	0
0.0007	0	0.0003	0.9989	0	0	0	0
0.0007	0	0.0003	0.9989	0	0	0	0
0.0007	0	0.0003	0.9989	0	0	0	0
0.0007	0	0.0003	0.9989	0	0	0	0
0.0007	0	0.0003	0.9989	0	0	0	0
0.0007	0	0.0003	0.9989	0	0	0	0
0.0007	0	0.0003	0.9989	0	0	0	0
0.0007	0	0.0003	0.9989	0	0	0	0
0.0007	0	0.0003	0.9989	0	0	0	0
0.0007	0	0.0003	0.9989	0	0	0	0
0.0007	0	0.0003	0.9989	0	0	0	0
0.0007	0	0.0003	0.9989	0	0	0	0
0.0007	0	0.0003	0.9989	0	0	0	0
0.0007	0	0.0003	0.9989	0	0	0	0
0.0007	0	0.0003	0.9989	0	0	0	0
0.0007	0	0.0003	0.9989	0	0	0	0
0.0007	0	0.0003	0.9989	0	0	0	0
0.0007	0	0.0003	0.9989	0	0	0	0
0.0007	0	0.0003	0.9989	0	0	0	0
0.0007	0	0.0003	0.9989	0	0	0	0
0.0007	0	0.0003	0.9989	0	0	0	0
0.0007	0	0.0003	0.9989	0	0	0	0
0.0007	0	0.0003	0.9989	0	0	0	0
0.0007	0	0.0003	0.9989	0	0	0	0
0.0007	0	0.0003	0.9989	0	0	0	0
0.0007	0	0.0003	0.9989	0	0	0	0
0.0007	0	0.0004	0.9989	0	0	0	0
0.0007	0	0.0004	0.9989	0	0	0	0
0.0007	0	0.0004	0.9989	0	0	0	0
0.0007	0	0.0004	0.9989	0	0	0	0
0.0007	0	0.0004	0.9988	0	0	0	0
0.0007	0	0.0004	0.9988	0	0	0	0
0.0007	0	0.0004	0.9988	0	0	0	0
0.0007	0	0.0004	0.9988	0	0	0	0
0.0007	0	0.0004	0.9988	0	0	0	0
0.0007	0.0001	0.0004	0.9988	0	0	0	0
0.0007	0.0001	0.0004	0.9988	0	0	0	0
0.0007	0.0001	0.0005	0.9988	0	0	0	0
0.0007	0.0001	0.0005	0.9987	0	0	0	0
0.0007	0.0001	0.0005	0.9987	0	0	0	0
0.0007	0.0001	0.0005	0.9987	0	0	0	0
0.0007	0.0001	0.0005	0.9987	0	0	0	0
0.0007	0.0001	0.0006	0.9987	0	0	0	0
0.0007	0.0001	0.0006	0.9986	0	0	0	0
0.0007	0.0001	0.0006	0.9986	0	0	0	0
0.0007	0.0001	0.0007	0.9986	0	0	0	0
0.0007	0.0001	0.0007	0.9985	0	0	0	0
0.0007	0.0001	0.0007	0.9985	0	0	0	0
0.0007	0.0001	0.0008	0.9984	0	0	0	0
0.0007	0.0001	0.0008	0.9984	0	0	0	0
0.0007	0.0001	0.0009	0.9983	0	0	0	0
0.0007	0.0001	0.0009	0.9982	0	0	0	0
0.0007	0.0001	0.001	0.9981	0	0	0	0
0.0008	0.0002	0.0011	0.998	0	0	0	0
0.0009	0.0003	0.0011	0.9977	0	0	0	0
0.0016	0.0005	0.0012	0.9967	0	0	0	0
0.0078	0.0009	0.0012	0.9901	0	0	0	0
0.0629	0.0014	0.0007	0.935	0	0	0	0
0.0078	0.0009	0.0013	0.99	0	0	0	0
0.0016	0.0005	0.0013	0.9966	0	0	0	0
0.0009	0.0003	0.0012	0.9976	0	0	0	0
0.0008	0.0002	0.0012	0.9979	0	0	0	0
0.0008	0.0001	0.0011	0.998	0	0	0	0
0.0007	0.0001	0.001	0.9981	0	0	0	0
0.0007	0.0001	0.001	0.9982	0	0	0	0
0.0007	0.0001	0.0009	0.9983	0	0	0	0
0.0007	0.0001	0.0009	0.9983	0	0	0	0
0.0007	0.0001	0.0008	0.9984	0	0	0	0
0.0007	0.0001	0.0008	0.9984	0	0	0	0
0.0007	0.0001	0.0007	0.9985	0	0	0	0
0.0007	0.0001	0.0007	0.9985	0	0	0	0
0.0007	0.0001	0.0007	0.9985	0	0	0	0
0.0007	0.0001	0.0007	0.9986	0	0	0	0
0.0007	0.0001	0.0006	0.9986	0	0	0	0
0.0007	0.0001	0.0006	0.9986	0	0	0	0
0.0007	0.0001	0.0006	0.9986	0	0	0	0
0.0007	0.0001	0.0006	0.9986	0	0	0	0
0.0007	0.0001	0.0006	0.9986	0	0	0	0
0.0007	0.0001	0.0006	0.9986	0	0	0	0
0.0007	0.0001	0.0006	0.9986	0	0	0	0
0.0007	0.0001	0.0006	0.9986	0	0	0	0
0.0007	0.0001	0.0006	0.9986	0	0	0	0
0.0007	0.0001	0.0006	0.9986	0	0	0	0
0.0007	0.0001	0.0006	0.9986	0	0	0	0
0.0007	0.0001	0.0006	0.9986	0	0	0	0
0.0007	0.0001	0.0006	0.9986	0	0	0	0
0.0007	0.0001	0.0006	0.9986	0	0	0	0
0.0007	0.0001	0.0006	0.9986	0	0	0	0
0.0007	0.0001	0.0006	0.9986	0	0	0	0
0.0007	0.0001	0.0007	0.9985	0	0	0	0
0.0007	0.0001	0.0007	0.9985	0	0	0	0
0.0007	0.0001	0.0007	0.9985	0	0	0	0
0.0007	0.0001	0.0007	0.9985	0	0	0	0
0.0007	0.0001	0.0008	0.9984	0	0	0	0
0.0007	0.0001	0.0008	0.9984	0	0	0	0
0.0007	0.0001	0.0009	0.9983	0	0	0	0
0.0007	0.0001	0.0009	0.9983	0	0	0	0
0.0007	0.0001	0.001	0.9982	0	0	0	0
0.0007	0.0001	0.001	0.9981	0	0	0	0
0.0007	0.0001	0.0011	0.9981	0	0	0	0
0.0007	0.0001	0.0012	0.998	0	0	0	0
0.0008	0.0001	0.0013	0.9979	0	0	0	0
0.0008	0.0001	0.0014	0.9977	0	0	0	0
0.0008	0.0002	0.0015	0.9975	0	0	0	0
0.0009	0.0003	0.0016	0.9972	0	0	0	0
0.0016	0.0006	0.0017	0.9961	0	0	0	0
0.0078	0.001	0.0017	0.9894	0	0	0	0
0.0634	0.0015	0.0012	0.9339	0	0	0	0
0.0078	0.001	0.0023	0.9888	0	0	0	0
0.0016	0.0006	0.0024	0.9954	0	0	0	0
0.0009	0.0003	0.0024	0.9964	0	0	0	0
0.0008	0.0002	0.0024	0.9966	0	0	0	0
0.0008	0.0001	0.0024	0.9967	0	0	0	0
0.0008	0.0001	0.0024	0.9968	0	0	0	0
0.0008	0.0001	0.0023	0.9968	0	0	0	0
0.0008	0.0001	0.0023	0.9968	0	0	0	0
0.0008	0.0001	0.0023	0.9968	0	0	0	0
0.0008	0.0001	0.0024	0.9968	0	0	0	0
0.0008	0.0001	0.0024	0.9968	0	0	0	0
0.0008	0.0001	0.0024	0.9967	0	0	0	0
0.0008	0.0001	0.0025	0.9967	0	0	0	0
0.0008	0.0001	0.0025	0.9966	0	0	0	0
0.0008	0.0001	0.0026	0.9965	0	0	0	0
0.0008	0.0001	0.0027	0.9964	0	0	0	0
0.0008	0.0001	0.0028	0.9963	0	0	0	0
0.0008	0.0002	0.0029	0.9962	0	0	0	0
0.0008	0.0002	0.003	0.9959	0	0	0	0
0.0009	0.0004	0.0031	0.9956	0	0	0	0
0.0016	0.0007	0.0033	0.9944	0	0	0	0
0.008	0.0012	0.0033	0.9876	0	0	0	0
0.0642	0.0018	0.0026	0.9314	0	0	0	0
0.008	0.0012	0.0044	0.9865	0	0	0	0
0.0016	0.0007	0.0047	0.993	0	0	0	0
0.0009	0.0004	0.0047	0.994	0	0	0	0
0.0008	0.0003	0.0047	0.9942	0	0	0	0
0.0008	0.0002	0.0048	0.9943	0	0	0	0
0.0008	0.0001	0.0048	0.9943	0	0	0	0
0.0008	0.0001	0.0048	0.9943	0	0	0	0
0.0008	0.0001	0.0049	0.9942	0	0	0	0
0.0008	0.0001	0.0049	0.9942	0	0	0	0
0.0008	0.0001	0.005	0.9941	0	0	0	0
0.0008	0.0001	0.0051	0.994	0	0	0	0
0.0008	0.0001	0.0053	0.9938	0	0	0	0
0.0008	0.0001	0.0054	0.9937	0	0	0	0
0.0008	0.0001	0.0056	0.9935	0	0	0	0
0.0008	0.0001	0.0058	0.9933	0	0	0	0
0.0008	0.0001	0.006	0.993	0	0	0	0
0.0008	0.0001	0.0063	0.9927	0	0	0	0
0.0008	0.0001	0.0066	0.9924	0	0	0	0
0.0008	0.0002	0.0069	0.992	0	0	0	0
0.0008	0.0002	0.0073	0.9916	0	0	0	0
0.0009	0.0003	0.0077	0.9911	0	0	0	0
0.0009	0.0004	0.0082	0.9905	0	0	0	0
0.0009	0.0005	0.0087	0.9898	0	0.0001	0	0
0.0013	0.0009	0.0092	0.9885	0	0.0001	0	0
