#mp702-MV411_DMSO-H3K27ac-r1 Enhancers
#Created from /home/jeremie/data/MV411_H3K27ac/mp702-MV411_DMSO-H3K27ac-r1_12KB_STITCHED_TSS_DISTAL_ENHANCER_REGION_MAP.txt
#Ranked by mp702.MV411_DMSO.H3K27ac.r1.mLb.clN.sorted.bam
#Using cutoff of 9753.6233 for Super-Enhancers
#Created on Jun 01 2020 
REGION_ID	CHROM	START	STOP	NUM_LOCI	CONSTITUENT_SIZE	mp702.MV411_DMSO.H3K27ac.r1.mLb.clN.sorted.bam	INPUT_R1.mLb.clN.sorted.bam	enhancerRank	isSuper
19_MV411_DMSO_8h_2_702_R1_peak_40088_lociStitched	chr6	7106244	7206126	19	73275	129507.0012	10987.02	1	1
20_MV411_DMSO_8h_2_702_R1_peak_37905_lociStitched	chr5	50628178	50727664	20	57953	115622.6292	7859.394	2	1
21_MV411_DMSO_8h_2_702_R1_peak_34657_lociStitched	chr3	152241938	152333138	21	74449	114592.8	7961.76	3	1
12_MV411_DMSO_8h_2_702_R1_peak_32699_lociStitched	chr3	18381045	18449713	12	49056	103702.4136	6557.794	4	1
36_MV411_DMSO_8h_2_702_R1_peak_10103_lociStitched	chr12	11704236	11863765	36	102204	107267.2996	17436.5197	5	1
25_MV411_DMSO_8h_2_702_R1_peak_37371_lociStitched	chr5	354332	448941	25	68713	98308.2119	11362.5409	6	1
25_MV411_DMSO_8h_2_702_R1_peak_27317_lociStitched	chr2	159546998	159642359	25	62622	92414.3451	7905.4269	7	1
MV411_DMSO_8h_2_702_R1_peak_27179	chr2	144500162	144525449	1	25288	82056.315	2728.4673	8	1
MV411_DMSO_8h_2_702_R1_peak_23195	chr19	13832971	13851838	1	18868	82354.455	3554.5428	9	1
10_MV411_DMSO_8h_2_702_R1_peak_9141_lociStitched	chr11	94525882	94585426	10	50824	82129.0392	5894.856	10	1
14_MV411_DMSO_8h_2_702_R1_peak_15488_lociStitched	chr15	50051024	50117460	14	50506	81842.5084	6444.292	11	1
28_MV411_DMSO_8h_2_702_R1_peak_4850_lociStitched	chr1	235818803	235972909	28	54602	90290.7054	15826.6862	12	1
12_MV411_DMSO_8h_2_702_R1_peak_27188_lociStitched	chr2	144642890	144717205	12	58416	77978.7295	7320.0275	13	1
13_MV411_DMSO_8h_2_702_R1_peak_5894_lociStitched	chr10	69038201	69106986	13	50624	73324.81	7325.6025	14	1
12_MV411_DMSO_8h_2_702_R1_peak_43577_lociStitched	chr7	38222778	38283450	12	43822	68820.2496	5126.784	15	1
10_MV411_DMSO_8h_2_702_R1_peak_2198_lociStitched	chr1	92456513	92516371	10	33562	69171.9048	5662.5668	16	1
26_MV411_DMSO_8h_2_702_R1_peak_22402_lociStitched	chr18	77052452	77134701	26	46419	74427.1201	11021.366	17	1
9_MV411_DMSO_8h_2_702_R1_peak_30704_lociStitched	chr21	34864148	34911910	9	34311	67291.8818	5120.0864	18	1
26_MV411_DMSO_8h_2_702_R1_peak_12601_lociStitched	chr13	28020314	28108258	26	33787	84514.184	22839.0568	19	1
12_MV411_DMSO_8h_2_702_R1_peak_14281_lociStitched	chr14	75254972	75303626	12	34788	65609.919	5400.594	20	1
25_MV411_DMSO_8h_2_702_R1_peak_28403_lociStitched	chr2	231596043	231718248	25	35280	72614.211	13112.5965	21	1
29_MV411_DMSO_8h_2_702_R1_peak_2152_lociStitched	chr1	89621159	89739897	29	65169	70744.1004	11303.8576	22	1
2_MV411_DMSO_8h_2_702_R1_peak_39342_lociStitched	chr5	150755738	150791490	2	34671	62683.9816	3396.44	23	1
11_MV411_DMSO_8h_2_702_R1_peak_35461_lociStitched	chr3	196609567	196652428	11	33151	61882.7118	4431.8274	24	1
11_MV411_DMSO_8h_2_702_R1_peak_47416_lociStitched	chr8	129474263	129557608	11	39965	69976.462	12685.109	25	1
23_MV411_DMSO_8h_2_702_R1_peak_25522_lociStitched	chr2	43127733	43245713	23	43576	69903.15	13567.7	26	1
24_MV411_DMSO_8h_2_702_R1_peak_12630_lociStitched	chr13	28122027	28220454	24	22257	81320.3874	25148.0985	27	1
3_MV411_DMSO_8h_2_702_R1_peak_15055_lociStitched	chr15	28712668	28742629	3	29176	56212.8282	1117.5453	28	1
18_MV411_DMSO_8h_2_702_R1_peak_33691_lociStitched	chr3	71511121	71585436	18	36619	60863.985	7126.8085	29	1
21_MV411_DMSO_8h_2_702_R1_peak_15623_lociStitched	chr15	55218015	55290962	21	49307	60093.7386	7199.8689	30	1
11_MV411_DMSO_8h_2_702_R1_peak_5566_lociStitched	chr10	43394163	43456492	11	31484	57610.6947	6214.2013	31	1
6_MV411_DMSO_8h_2_702_R1_peak_22588_lociStitched	chr19	2057447	2096711	6	22125	57745.5648	6443.2224	32	1
15_MV411_DMSO_8h_2_702_R1_peak_4785_lociStitched	chr1	234915715	234988068	15	41886	59394.5777	8993.4779	33	1
MV411_DMSO_8h_2_702_R1_peak_25990	chr2	66433026	66453967	1	20942	52256.1714	2039.6534	34	1
13_MV411_DMSO_8h_2_702_R1_peak_47645_lociStitched	chr8	141086098	141150333	13	37397	61068.2145	11041.9965	35	1
2_MV411_DMSO_8h_2_702_R1_peak_23156_lociStitched	chr19	12777266	12794497	2	15910	51544.8134	3001.6402	36	1
1_MV411_DMSO_8h_2_702_R1_peak_23865_lociStitched	chr19	39397247	39413954	1	16708	51444.1944	3122.5383	37	1
3_MV411_DMSO_8h_2_702_R1_peak_4743_lociStitched	chr1	234598453	234624673	3	18000	50913.996	2902.554	38	1
31_MV411_DMSO_8h_2_702_R1_peak_35291_lociStitched	chr3	190503055	190632200	31	50983	60401.1165	12539.9795	39	1
7_MV411_DMSO_8h_2_702_R1_peak_3211_lociStitched	chr1	156483159	156528848	7	26865	52117.4423	4934.412	40	1
4_MV411_DMSO_8h_2_702_R1_peak_10156_lociStitched	chr12	12704246	12735445	4	18924	50455.0228	3550.4462	41	1
33_MV411_DMSO_8h_2_702_R1_peak_21088_lociStitched	chr17	75292342	75429631	33	52008	60709.1958	14099.5803	42	1
10_MV411_DMSO_8h_2_702_R1_peak_12644_lociStitched	chr13	28235087	28281854	10	30656	57341.0187	11397.1179	43	1
MV411_DMSO_8h_2_702_R1_peak_42868	chr6	169700105	169729310	1	29206	48416.049	2499.948	44	1
27_MV411_DMSO_8h_2_702_R1_peak_31623_lociStitched	chr22	36328966	36474143	27	51749	61976.0613	16288.8594	45	1
12_MV411_DMSO_8h_2_702_R1_peak_23689_lociStitched	chr19	33248210	33304210	12	31318	55944	10752	46	1
11_MV411_DMSO_8h_2_702_R1_peak_33274_lociStitched	chr3	49331203	49388468	11	28858	50857.0465	5703.594	47	1
MV411_DMSO_8h_2_702_R1_peak_20568	chr17	58327112	58345904	1	18793	47261.88	2247.5232	48	1
8_MV411_DMSO_8h_2_702_R1_peak_37886_lociStitched	chr5	50408090	50450228	8	24070	47316.7602	3055.005	49	1
7_MV411_DMSO_8h_2_702_R1_peak_20004_lociStitched	chr17	40316830	40359241	7	29744	48764.1678	5263.2051	50	1
9_MV411_DMSO_8h_2_702_R1_peak_23227_lociStitched	chr19	14352110	14389056	9	24281	49086.4556	5693.3786	51	1
13_MV411_DMSO_8h_2_702_R1_peak_30112_lociStitched	chr20	53578399	53655026	13	31611	50106.3953	6996.0451	52	1
3_MV411_DMSO_8h_2_702_R1_peak_48479_lociStitched	chr9	78000638	78035441	3	30418	43830.8982	1468.6866	53	1
13_MV411_DMSO_8h_2_702_R1_peak_33351_lociStitched	chr3	50572429	50632786	13	32120	49510.8471	7381.6611	54	1
10_MV411_DMSO_8h_2_702_R1_peak_42169_lociStitched	chr6	135167453	135213655	10	29356	46807.2462	4744.9454	55	1
9_MV411_DMSO_8h_2_702_R1_peak_4996_lociStitched	chr1	246063015	246117215	9	40702	46958.88	5089.38	56	1
MV411_DMSO_8h_2_702_R1_peak_7022	chr10	123132534	123152229	1	19696	43937.5755	2223.5655	57	1
4_MV411_DMSO_8h_2_702_R1_peak_24567_lociStitched	chr19	54362312	54391080	4	23195	45657.6928	3987.2448	58	1
9_MV411_DMSO_8h_2_702_R1_peak_27815_lociStitched	chr2	199426156	199464570	9	27215	44398.9012	3491.8326	59	1
11_MV411_DMSO_8h_2_702_R1_peak_8056_lociStitched	chr11	47358115	47405784	11	25789	46224.6293	5548.6716	60	1
2_MV411_DMSO_8h_2_702_R1_peak_43589_lociStitched	chr7	38299519	38319762	2	19700	42957.6703	2329.9693	61	1
6_MV411_DMSO_8h_2_702_R1_peak_35175_lociStitched	chr3	185788943	185827345	6	21594	43739.878	3613.6282	62	1
10_MV411_DMSO_8h_2_702_R1_peak_8498_lociStitched	chr11	65470531	65508599	10	24922	44307.3452	4290.2636	63	1
MV411_DMSO_8h_2_702_R1_peak_22490	chr19	819948	830687	1	10740	41565.2995	1730.0529	64	1
18_MV411_DMSO_8h_2_702_R1_peak_37247_lociStitched	chr4	180050266	180102163	18	40552	43432.5993	3902.6544	65	1
3_MV411_DMSO_8h_2_702_R1_peak_22572_lociStitched	chr19	1852746	1876864	3	16767	43540.2254	4237.5326	66	1
14_MV411_DMSO_8h_2_702_R1_peak_1492_lociStitched	chr1	43830054	43881195	14	30285	44196.0522	5574.369	67	1
24_MV411_DMSO_8h_2_702_R1_peak_8970_lociStitched	chr11	78284397	78361692	24	40401	45712.263	7288.9185	68	1
6_MV411_DMSO_8h_2_702_R1_peak_36558_lociStitched	chr4	95516312	95554306	6	33694	41200.6936	2830.553	69	1
12_MV411_DMSO_8h_2_702_R1_peak_50281_lociStitched	chrX	30561357	30629008	12	35915	40881.4993	2787.2212	70	1
9_MV411_DMSO_8h_2_702_R1_peak_45988_lociStitched	chr8	37864161	37916028	9	28134	46638.8064	8666.9757	71	1
9_MV411_DMSO_8h_2_702_R1_peak_49648_lociStitched	chr9	131227447	131278965	9	27715	42966.012	5156.9518	72	1
13_MV411_DMSO_8h_2_702_R1_peak_36917_lociStitched	chr4	139163536	139235183	13	26362	44471.2929	6806.465	73	1
1_MV411_DMSO_8h_2_702_R1_peak_38879_lociStitched	chr5	135026661	135042121	1	15461	39345.7	1702.146	74	1
15_MV411_DMSO_8h_2_702_R1_peak_17696_lociStitched	chr16	30450539	30492560	15	33823	42184.8819	4807.2024	75	1
24_MV411_DMSO_8h_2_702_R1_peak_45817_lociStitched	chr8	27318095	27409661	24	37703	51826.356	14806.2222	76	1
2_MV411_DMSO_8h_2_702_R1_peak_32101_lociStitched	chr22	46057216	46081667	2	23331	39471.2493	2562.4648	77	1
23_MV411_DMSO_8h_2_702_R1_peak_32348_lociStitched	chr3	5122177	5205501	23	31214	45036.622	8240.7436	78	1
8_MV411_DMSO_8h_2_702_R1_peak_44299_lociStitched	chr7	92799056	92840614	8	29585	40834.8908	4039.4376	79	1
18_MV411_DMSO_8h_2_702_R1_peak_48125_lociStitched	chr9	27563787	27656954	18	34166	45670.4634	9195.5829	80	1
6_MV411_DMSO_8h_2_702_R1_peak_24235_lociStitched	chr19	47079765	47114391	6	19166	41928.6234	5602.4868	81	1
17_MV411_DMSO_8h_2_702_R1_peak_15884_lociStitched	chr15	65774068	65841862	17	28564	42716.9994	6548.9004	82	1
10_MV411_DMSO_8h_2_702_R1_peak_23186_lociStitched	chr19	13138758	13182466	10	15379	42536.6256	6599.908	83	1
5_MV411_DMSO_8h_2_702_R1_peak_3188_lociStitched	chr1	156089604	156130775	5	24869	40722.2361	5026.9791	84	1
1_MV411_DMSO_8h_2_702_R1_peak_32215_lociStitched	chr22	50528647	50545104	1	16458	37186.2372	1606.2032	85	1
7_MV411_DMSO_8h_2_702_R1_peak_8211_lociStitched	chr11	60165827	60205118	7	20527	38269.434	3771.936	86	1
3_MV411_DMSO_8h_2_702_R1_peak_21378_lociStitched	chr17	81393194	81405655	3	11860	35597.3387	1277.2525	87	1
7_MV411_DMSO_8h_2_702_R1_peak_50603_lociStitched	chrX	65985768	66022600	7	34458	35738.0896	1970.512	88	1
13_MV411_DMSO_8h_2_702_R1_peak_12791_lociStitched	chr13	32075052	32135125	13	18941	45763.6114	12044.6365	89	1
14_MV411_DMSO_8h_2_702_R1_peak_24074_lociStitched	chr19	43724990	43785435	14	25527	44717.211	11103.7465	90	1
16_MV411_DMSO_8h_2_702_R1_peak_12734_lociStitched	chr13	30673532	30752684	16	26658	51899.9664	18442.416	91	1
6_MV411_DMSO_8h_2_702_R1_peak_8493_lociStitched	chr11	65403016	65455257	6	18097	38799.3907	5950.2499	92	1
13_MV411_DMSO_8h_2_702_R1_peak_22696_lociStitched	chr19	4050245	4116426	13	25200	43891.2392	11330.1872	93	1
5_MV411_DMSO_8h_2_702_R1_peak_8597_lociStitched	chr11	67262876	67290997	5	22593	35992.0679	3495.4403	94	1
22_MV411_DMSO_8h_2_702_R1_peak_25381_lociStitched	chr2	38591477	38668537	22	34374	40379.44	8129.83	95	1
8_MV411_DMSO_8h_2_702_R1_peak_5822_lociStitched	chr10	63454394	63499485	8	22112	36429.0189	4310.6996	96	1
13_MV411_DMSO_8h_2_702_R1_peak_4728_lociStitched	chr1	234473116	234534793	13	29842	38875.0131	6901.6563	97	1
3_MV411_DMSO_8h_2_702_R1_peak_34650_lociStitched	chr3	152191961	152222523	3	15211	34730.6568	2790.3106	98	1
3_MV411_DMSO_8h_2_702_R1_peak_50886_lociStitched	chrX	120238940	120265015	3	25532	32640.685	1152.515	99	1
4_MV411_DMSO_8h_2_702_R1_peak_21372_lociStitched	chr17	81324074	81346851	4	14281	34126.7791	2945.0661	100	1
MV411_DMSO_8h_2_702_R1_peak_23309	chr19	16135428	16151592	1	16165	33689.0088	2523.2004	101	1
7_MV411_DMSO_8h_2_702_R1_peak_45788_lociStitched	chr8	26588454	26614597	7	20447	34778.0329	3984.1932	102	1
18_MV411_DMSO_8h_2_702_R1_peak_19540_lociStitched	chr17	27511293	27582054	18	26460	39215.7462	8434.7112	103	1
16_MV411_DMSO_8h_2_702_R1_peak_49188_lociStitched	chr9	114339939	114414085	16	29599	39349.2822	8719.5696	104	1
10_MV411_DMSO_8h_2_702_R1_peak_10560_lociStitched	chr12	45724517	45774860	10	18904	35008.5222	4399.9782	105	1
13_MV411_DMSO_8h_2_702_R1_peak_29250_lociStitched	chr20	23102859	23162740	13	38940	38234.0185	7778.5419	106	1
24_MV411_DMSO_8h_2_702_R1_peak_11605_lociStitched	chr12	104668402	104763653	24	37448	41396.0846	10944.3399	107	1
16_MV411_DMSO_8h_2_702_R1_peak_17323_lociStitched	chr16	17319688	17385037	16	36125	37124.7669	7057.692	108	1
17_MV411_DMSO_8h_2_702_R1_peak_47430_lociStitched	chr8	129625830	129686602	17	26536	39866.432	9808.6008	109	1
23_MV411_DMSO_8h_2_702_R1_peak_968_lociStitched	chr1	28096626	28177272	23	36910	38476.2066	8451.7008	110	1
8_MV411_DMSO_8h_2_702_R1_peak_47761_lociStitched	chr8	143926984	143979765	8	22362	39263.7859	9257.7874	111	1
8_MV411_DMSO_8h_2_702_R1_peak_5831_lociStitched	chr10	63514876	63548849	8	22309	33069.3182	3173.0782	112	1
MV411_DMSO_8h_2_702_R1_peak_40634	chr6	27129784	27148387	1	18604	31293.9666	1398.9456	113	1
11_MV411_DMSO_8h_2_702_R1_peak_12824_lociStitched	chr13	32422479	32473844	11	15699	40187.976	10319.2285	114	1
15_MV411_DMSO_8h_2_702_R1_peak_33469_lociStitched	chr3	53137535	53198121	15	24939	37672.3748	7858.0042	115	1
4_MV411_DMSO_8h_2_702_R1_peak_23479_lociStitched	chr19	18401407	18430367	4	13128	34740.416	4972.432	116	1
16_MV411_DMSO_8h_2_702_R1_peak_3927_lociStitched	chr1	198610549	198696095	16	24198	37511.921	7861.6774	117	1
12_MV411_DMSO_8h_2_702_R1_peak_8782_lociStitched	chr11	73184725	73236794	12	27351	35807.8513	6170.1765	118	1
5_MV411_DMSO_8h_2_702_R1_peak_4959_lociStitched	chr1	244848954	244868715	5	17118	31427.8944	2021.5503	119	1
13_MV411_DMSO_8h_2_702_R1_peak_28448_lociStitched	chr2	233059515	233100953	13	24987	34198.7814	4881.3964	120	1
4_MV411_DMSO_8h_2_702_R1_peak_41497_lociStitched	chr6	67880951	67911706	4	15076	31991.351	2752.5725	121	1
16_MV411_DMSO_8h_2_702_R1_peak_21235_lociStitched	chr17	78282547	78356561	16	26740	37673.126	8570.8212	122	1
MV411_DMSO_8h_2_702_R1_peak_43395	chr7	27160510	27175108	1	14599	30590.109	1490.4558	123	1
7_MV411_DMSO_8h_2_702_R1_peak_28535_lociStitched	chr2	237662090	237705827	7	23552	33865.5591	4776.0804	124	1
16_MV411_DMSO_8h_2_702_R1_peak_12937_lociStitched	chr13	40960744	41033693	16	39901	31725.5201	2881.4855	125	1
3_MV411_DMSO_8h_2_702_R1_peak_5167_lociStitched	chr10	7399630	7418322	3	14336	30529.6436	1770.1324	126	1
5_MV411_DMSO_8h_2_702_R1_peak_10969_lociStitched	chr12	56676774	56726487	5	16774	33794.8974	5199.9798	127	1
5_MV411_DMSO_8h_2_702_R1_peak_4966_lociStitched	chr1	244945661	244974835	5	15689	31572.1028	3031.1786	128	1
6_MV411_DMSO_8h_2_702_R1_peak_18554_lociStitched	chr16	85552629	85577281	6	13999	31687.6808	3155.456	129	1
12_MV411_DMSO_8h_2_702_R1_peak_22380_lociStitched	chr18	76450786	76506546	12	29880	35993.08	7477.416	130	1
18_MV411_DMSO_8h_2_702_R1_peak_41085_lociStitched	chr6	37160466	37245452	18	30240	37002.9044	8609.0818	131	1
22_MV411_DMSO_8h_2_702_R1_peak_28589_lociStitched	chr2	239212416	239289700	22	29000	36508.9616	8138.0052	132	1
8_MV411_DMSO_8h_2_702_R1_peak_12805_lociStitched	chr13	32308844	32343042	8	14871	35360.732	7051.6276	133	1
12_MV411_DMSO_8h_2_702_R1_peak_25632_lociStitched	chr2	46945772	47004532	12	28087	34938.696	6651.632	134	1
4_MV411_DMSO_8h_2_702_R1_peak_33112_lociStitched	chr3	46088439	46114075	4	19124	31252.8476	3045.5568	135	1
14_MV411_DMSO_8h_2_702_R1_peak_32314_lociStitched	chr3	4975512	5039138	14	23209	34841.5976	6954.3218	136	1
MV411_DMSO_8h_2_702_R1_peak_21405	chr17	81831323	81843228	1	11906	29164.869	1469.077	137	1
11_MV411_DMSO_8h_2_702_R1_peak_16658_lociStitched	chr15	92801484	92853498	11	17673	33023.6886	5575.9008	138	1
5_MV411_DMSO_8h_2_702_R1_peak_41350_lociStitched	chr6	45415726	45447017	5	24891	30152.0076	2797.4154	139	1
MV411_DMSO_8h_2_702_R1_peak_40575	chr6	26192514	26207781	1	15268	28657.6857	1358.763	140	1
8_MV411_DMSO_8h_2_702_R1_peak_31408_lociStitched	chr22	28791738	28829446	8	16976	31067.6212	3906.5488	141	1
13_MV411_DMSO_8h_2_702_R1_peak_31683_lociStitched	chr22	37266803	37314832	13	30196	33024.7404	5869.1438	142	1
15_MV411_DMSO_8h_2_702_R1_peak_38084_lociStitched	chr5	67158770	67223173	15	33225	33959.7019	6910.4419	143	1
2_MV411_DMSO_8h_2_702_R1_peak_35794_lociStitched	chr4	15001107	15023345	2	21947	28936.0856	1892.4538	144	1
11_MV411_DMSO_8h_2_702_R1_peak_10091_lociStitched	chr12	11646617	11686657	11	13225	31243.212	4228.224	145	1
18_MV411_DMSO_8h_2_702_R1_peak_6003_lociStitched	chr10	71711169	71777268	18	26251	34979.5908	8064.078	146	1
6_MV411_DMSO_8h_2_702_R1_peak_24542_lociStitched	chr19	53850999	53880055	6	10503	30906.8672	3995.2	147	1
14_MV411_DMSO_8h_2_702_R1_peak_22196_lociStitched	chr18	59862386	59921125	14	26202	33739.6816	6901.8325	148	1
6_MV411_DMSO_8h_2_702_R1_peak_32601_lociStitched	chr3	15791098	15812140	6	17531	29088.4608	2251.494	149	1
12_MV411_DMSO_8h_2_702_R1_peak_23931_lociStitched	chr19	40792350	40844896	12	23774	34496.449	7750.535	150	1
7_MV411_DMSO_8h_2_702_R1_peak_2922_lociStitched	chr1	150603931	150636063	7	16788	29818.496	3075.0324	151	1
12_MV411_DMSO_8h_2_702_R1_peak_6205_lociStitched	chr10	79067023	79102638	12	22365	30831.9055	4234.6235	152	1
18_MV411_DMSO_8h_2_702_R1_peak_7847_lociStitched	chr11	35030068	35116205	18	29669	35764.0824	9190.8179	153	1
10_MV411_DMSO_8h_2_702_R1_peak_37801_lociStitched	chr5	40354730	40390907	10	20761	30037.7631	3516.4044	154	1
20_MV411_DMSO_8h_2_702_R1_peak_14254_lociStitched	chr14	75120805	75198801	20	26644	34404.0356	7916.594	155	1
MV411_DMSO_8h_2_702_R1_peak_40809	chr6	31733916	31741526	1	7611	27388.39	1089.752	156	1
14_MV411_DMSO_8h_2_702_R1_peak_32126_lociStitched	chr22	46561274	46622641	14	27110	32868.1652	6615.3626	157	1
MV411_DMSO_8h_2_702_R1_peak_9957	chr12	6950250	6963213	1	12964	28215.2658	1975.5612	158	1
3_MV411_DMSO_8h_2_702_R1_peak_5187_lociStitched	chr10	11161828	11192963	3	22135	28968.004	2879.9875	159	1
11_MV411_DMSO_8h_2_702_R1_peak_5170_lociStitched	chr10	7444668	7518752	11	33416	31996.8796	6141.5636	160	1
7_MV411_DMSO_8h_2_702_R1_peak_45677_lociStitched	chr8	22692832	22716805	7	13079	30239.5422	4423.0185	161	1
7_MV411_DMSO_8h_2_702_R1_peak_34905_lociStitched	chr3	171960400	172001482	7	23827	30010.401	4330.0428	162	1
16_MV411_DMSO_8h_2_702_R1_peak_39112_lociStitched	chr5	141581615	141634700	16	24693	30985.7145	5335.0425	163	1
20_MV411_DMSO_8h_2_702_R1_peak_34930_lociStitched	chr3	172029087	172108138	20	29597	33659.9158	8071.1071	164	1
MV411_DMSO_8h_2_702_R1_peak_40657	chr6	27806308	27827867	1	21560	27198.8344	1670.8225	165	1
7_MV411_DMSO_8h_2_702_R1_peak_45430_lociStitched	chr8	8332794	8364516	7	16696	30183.483	4694.856	166	1
12_MV411_DMSO_8h_2_702_R1_peak_47548_lociStitched	chr8	133486107	133540550	12	18859	34718.3011	9309.753	167	1
8_MV411_DMSO_8h_2_702_R1_peak_45158_lociStitched	chr7	150354984	150390481	8	18000	29430.5627	4135.4005	168	1
12_MV411_DMSO_8h_2_702_R1_peak_15058_lociStitched	chr15	28776701	28819271	12	25653	26563.68	1362.24	169	1
11_MV411_DMSO_8h_2_702_R1_peak_32656_lociStitched	chr3	17936821	17987958	11	22933	31014.5905	5834.7317	170	1
16_MV411_DMSO_8h_2_702_R1_peak_26680_lociStitched	chr2	105747767	105808477	16	26433	31720.975	6623.461	171	1
3_MV411_DMSO_8h_2_702_R1_peak_16598_lociStitched	chr15	90647539	90667589	3	16561	27219.88	2235.575	172	1
6_MV411_DMSO_8h_2_702_R1_peak_6549_lociStitched	chr10	97307571	97335664	6	12758	28008.721	3059.3277	173	1
13_MV411_DMSO_8h_2_702_R1_peak_943_lociStitched	chr1	27858600	27906593	13	20475	29866.0439	5168.8461	174	1
18_MV411_DMSO_8h_2_702_R1_peak_17600_lociStitched	chr16	29114909	29179027	18	30769	29827.6936	5174.3226	175	1
14_MV411_DMSO_8h_2_702_R1_peak_28938_lociStitched	chr20	5634387	5688537	14	25284	29755.425	5268.795	176	1
10_MV411_DMSO_8h_2_702_R1_peak_2160_lociStitched	chr1	89812871	89847493	10	15723	28189.2324	3867.2774	177	1
8_MV411_DMSO_8h_2_702_R1_peak_28998_lociStitched	chr20	9481983	9524007	8	21516	28916.7144	4610.0328	178	1
10_MV411_DMSO_8h_2_702_R1_peak_39160_lociStitched	chr5	142757020	142822058	10	27068	32050.7264	7811.0638	179	1
11_MV411_DMSO_8h_2_702_R1_peak_38818_lociStitched	chr5	132455714	132502780	11	18796	30108.1202	5869.1302	180	1
2_MV411_DMSO_8h_2_702_R1_peak_14972_lociStitched	chr14	105480513	105491846	2	11040	25747.4427	1512.9555	181	1
17_MV411_DMSO_8h_2_702_R1_peak_32291_lociStitched	chr3	4722649	4779569	17	24552	30617.268	6392.116	182	1
9_MV411_DMSO_8h_2_702_R1_peak_25943_lociStitched	chr2	64812083	64864395	9	19412	29823.0712	5644.4648	183	1
7_MV411_DMSO_8h_2_702_R1_peak_38816_lociStitched	chr5	132413379	132439898	7	17535	27171.3674	3028.4698	184	1
16_MV411_DMSO_8h_2_702_R1_peak_30825_lociStitched	chr21	38979357	39022021	16	25059	29173.6432	5298.8688	185	1
15_MV411_DMSO_8h_2_702_R1_peak_7167_lociStitched	chr10	132537787	132594015	15	24664	29958.2784	6269.422	186	1
10_MV411_DMSO_8h_2_702_R1_peak_7790_lociStitched	chr11	33889222	33942220	10	18241	29980.9686	6296.1624	187	1
21_MV411_DMSO_8h_2_702_R1_peak_29042_lociStitched	chr20	10446722	10565579	21	29957	35229.2148	11576.6718	188	1
11_MV411_DMSO_8h_2_702_R1_peak_10434_lociStitched	chr12	31853869	31908942	11	21314	28450.7118	4901.497	189	1
17_MV411_DMSO_8h_2_702_R1_peak_46115_lociStitched	chr8	42741438	42806136	17	24462	32918.3424	9439.4382	190	1
19_MV411_DMSO_8h_2_702_R1_peak_43634_lociStitched	chr7	41725646	41783300	19	25250	30055.0302	6584.0868	191	1
5_MV411_DMSO_8h_2_702_R1_peak_44565_lociStitched	chr7	104940921	104962562	5	15303	25854.5027	2477.8945	192	1
4_MV411_DMSO_8h_2_702_R1_peak_11307_lociStitched	chr12	89333485	89355066	4	12195	25832.457	2475.3407	193	1
4_MV411_DMSO_8h_2_702_R1_peak_22810_lociStitched	chr19	6086851	6111945	4	11978	27826.7366	4552.0516	194	1
18_MV411_DMSO_8h_2_702_R1_peak_39267_lociStitched	chr5	148739478	148832288	18	28738	33077.484	9893.546	195	1
MV411_DMSO_8h_2_702_R1_peak_20556	chr17	58277342	58293624	1	16283	24872.3832	1707.9818	196	1
2_MV411_DMSO_8h_2_702_R1_peak_46018_lociStitched	chr8	38376288	38387368	2	7868	24793.716	1726.264	197	1
20_MV411_DMSO_8h_2_702_R1_peak_16801_lociStitched	chr15	101194031	101252981	20	31437	29050.56	6001.11	198	1
2_MV411_DMSO_8h_2_702_R1_peak_6352_lociStitched	chr10	87860896	87880639	2	19489	24811.0281	1766.9985	199	1
5_MV411_DMSO_8h_2_702_R1_peak_2555_lociStitched	chr1	113927922	113958315	5	19741	25931.3076	2960.2782	200	1
MV411_DMSO_8h_2_702_R1_peak_40550	chr6	26019894	26036877	1	16984	24511.5639	1659.2391	201	1
MV411_DMSO_8h_2_702_R1_peak_23462	chr19	18286030	18294275	1	8246	24373.869	1526.974	202	1
9_MV411_DMSO_8h_2_702_R1_peak_16168_lociStitched	chr15	74771395	74800754	9	18304	26807.7029	3989.8881	203	1
19_MV411_DMSO_8h_2_702_R1_peak_28860_lociStitched	chr20	4033664	4091140	19	29801	28887.4376	6075.2132	204	1
5_MV411_DMSO_8h_2_702_R1_peak_4758_lociStitched	chr1	234755219	234779574	5	12344	26802.6775	4008.833	205	1
19_MV411_DMSO_8h_2_702_R1_peak_7778_lociStitched	chr11	33158713	33235163	19	19286	29532.635	6742.89	206	1
MV411_DMSO_8h_2_702_R1_peak_24558	chr19	54199886	54211860	1	11975	24835.2734	2060.7254	207	1
11_MV411_DMSO_8h_2_702_R1_peak_3451_lociStitched	chr1	167600734	167659218	11	19940	29107.4868	6421.5432	208	1
8_MV411_DMSO_8h_2_702_R1_peak_22623_lociStitched	chr19	2525056	2567995	8	14111	29262.9285	6612.606	209	1
MV411_DMSO_8h_2_702_R1_peak_38897	chr5	135392122	135404627	1	12506	24113.3915	1496.8485	210	1
6_MV411_DMSO_8h_2_702_R1_peak_853_lociStitched	chr1	26689887	26717360	6	12759	25461.9764	2972.5786	211	1
2_MV411_DMSO_8h_2_702_R1_peak_24619_lociStitched	chr19	55247146	55260588	2	11316	25062.609	2633.2878	212	1
5_MV411_DMSO_8h_2_702_R1_peak_36419_lociStitched	chr4	83108333	83139493	5	18095	25513.808	3134.696	213	1
4_MV411_DMSO_8h_2_702_R1_peak_47426_lociStitched	chr8	129578350	129594991	4	15566	24916.5693	2554.3935	214	1
9_MV411_DMSO_8h_2_702_R1_peak_36382_lociStitched	chr4	80054087	80080368	9	16222	24759.3301	2444.133	215	1
11_MV411_DMSO_8h_2_702_R1_peak_23109_lociStitched	chr19	11279695	11334706	11	18129	30894.1776	8741.2479	216	1
7_MV411_DMSO_8h_2_702_R1_peak_671_lociStitched	chr1	22016990	22049125	7	14038	25348.088	3361.321	217	1
5_MV411_DMSO_8h_2_702_R1_peak_47175_lociStitched	chr8	119634963	119656442	5	14803	25349.5158	3496.7812	218	1
10_MV411_DMSO_8h_2_702_R1_peak_17626_lociStitched	chr16	29641288	29674546	10	17850	25312.6638	3512.0448	219	1
14_MV411_DMSO_8h_2_702_R1_peak_8025_lociStitched	chr11	46638635	46699093	14	23288	27895.3212	6257.403	220	1
6_MV411_DMSO_8h_2_702_R1_peak_23953_lociStitched	chr19	41296243	41335788	6	18848	27839.68	6335.109	221	1
15_MV411_DMSO_8h_2_702_R1_peak_1481_lociStitched	chr1	43763312	43813665	15	24971	26384.972	4924.5234	222	1
6_MV411_DMSO_8h_2_702_R1_peak_47560_lociStitched	chr8	133567956	133582617	6	10901	23942.8791	2534.8869	223	1
7_MV411_DMSO_8h_2_702_R1_peak_44678_lociStitched	chr7	114046886	114090838	7	15919	25316.352	4012.8176	224	1
4_MV411_DMSO_8h_2_702_R1_peak_17407_lociStitched	chr16	20899570	20918785	4	15916	23382.7335	2080.9845	225	1
3_MV411_DMSO_8h_2_702_R1_peak_44567_lociStitched	chr7	105009042	105021000	3	10273	22416.4668	1189.821	226	1
11_MV411_DMSO_8h_2_702_R1_peak_6952_lociStitched	chr10	119109393	119148615	11	20585	25070.7024	3847.6782	227	1
13_MV411_DMSO_8h_2_702_R1_peak_40036_lociStitched	chr6	6683381	6726354	13	22733	26557.314	5350.1385	228	1
11_MV411_DMSO_8h_2_702_R1_peak_45314_lociStitched	chr7	158802305	158847820	11	17404	25911.6895	4870.105	229	1
16_MV411_DMSO_8h_2_702_R1_peak_20611_lociStitched	chr17	59753656	59813078	16	23271	26318.0038	5282.6158	230	1
14_MV411_DMSO_8h_2_702_R1_peak_49273_lociStitched	chr9	121071213	121125902	14	18451	25643.6721	4610.2827	231	1
9_MV411_DMSO_8h_2_702_R1_peak_17896_lociStitched	chr16	50678646	50731599	9	27284	27397.8822	6386.1318	232	1
9_MV411_DMSO_8h_2_702_R1_peak_45513_lociStitched	chr8	11853092	11902813	9	15221	29454.7204	8517.2073	233	1
MV411_DMSO_8h_2_702_R1_peak_12131	chr12	121799092	121806985	1	7894	21729.429	941.6349	234	1
11_MV411_DMSO_8h_2_702_R1_peak_33517_lociStitched	chr3	56752511	56802346	11	25480	26292.946	5601.454	235	1
12_MV411_DMSO_8h_2_702_R1_peak_15223_lociStitched	chr15	40069770	40124051	12	22223	26809.3859	6188.034	236	1
MV411_DMSO_8h_2_702_R1_peak_40658	chr6	27828723	27840508	1	11786	21816.392	1211.498	237	1
2_MV411_DMSO_8h_2_702_R1_peak_24322_lociStitched	chr19	48871661	48882492	2	10554	22466.7433	1871.5968	238	1
1_MV411_DMSO_8h_2_702_R1_peak_11035_lociStitched	chr12	57933576	57942727	1	9152	21557.9258	997.459	239	1
13_MV411_DMSO_8h_2_702_R1_peak_6027_lociStitched	chr10	72276582	72340274	13	20516	27967.1572	7407.3796	240	1
20_MV411_DMSO_8h_2_702_R1_peak_36480_lociStitched	chr4	86907194	86982108	20	28805	28250.0694	7880.9528	241	1
13_MV411_DMSO_8h_2_702_R1_peak_7997_lociStitched	chr11	46317476	46367202	13	21509	26076.3144	5758.2708	242	1
7_MV411_DMSO_8h_2_702_R1_peak_39694_lociStitched	chr5	175637618	175674065	7	19581	24590.7909	4359.0612	243	1
MV411_DMSO_8h_2_702_R1_peak_40660	chr6	27862493	27875748	1	13256	21321.993	1126.675	244	1
7_MV411_DMSO_8h_2_702_R1_peak_34322_lociStitched	chr3	128842663	128867589	7	19201	23300.8248	3128.213	245	1
2_MV411_DMSO_8h_2_702_R1_peak_27867_lociStitched	chr2	201114744	201126958	2	9599	21588.245	1471.787	246	1
12_MV411_DMSO_8h_2_702_R1_peak_30630_lociStitched	chr21	33197676	33244870	12	18893	25319.581	5285.728	247	1
13_MV411_DMSO_8h_2_702_R1_peak_4773_lociStitched	chr1	234838357	234894459	13	23208	26979.4518	6990.3092	248	1
11_MV411_DMSO_8h_2_702_R1_peak_8223_lociStitched	chr11	60362787	60393625	11	14145	23165.5056	3204.0682	249	1
12_MV411_DMSO_8h_2_702_R1_peak_9646_lociStitched	chr11	126310801	126360102	12	20623	25493.5471	5625.2441	250	1
13_MV411_DMSO_8h_2_702_R1_peak_3425_lociStitched	chr1	165827143	165884683	13	19608	25927.524	6099.24	251	1
23_MV411_DMSO_8h_2_702_R1_peak_32558_lociStitched	chr3	14366172	14435145	23	24433	28106.4975	8359.5276	252	1
1_MV411_DMSO_8h_2_702_R1_peak_45465_lociStitched	chr8	9897887	9910190	1	12304	21669.2739	1954.9467	253	1
3_MV411_DMSO_8h_2_702_R1_peak_18127_lociStitched	chr16	66512134	66527322	3	12497	21407.486	1698.0184	254	1
6_MV411_DMSO_8h_2_702_R1_peak_6604_lociStitched	chr10	100168081	100193594	6	14313	22193.7587	2528.3383	255	1
13_MV411_DMSO_8h_2_702_R1_peak_20698_lociStitched	chr17	62609261	62665028	13	18724	25318.218	5654.7738	256	1
4_MV411_DMSO_8h_2_702_R1_peak_7781_lociStitched	chr11	33255999	33274810	4	11561	21111.5853	1469.1391	257	1
3_MV411_DMSO_8h_2_702_R1_peak_37663_lociStitched	chr5	32369211	32393601	3	13202	21814.416	2270.709	258	1
6_MV411_DMSO_8h_2_702_R1_peak_30257_lociStitched	chr20	60040534	60061221	6	12318	21930.2887	2403.8294	259	1
12_MV411_DMSO_8h_2_702_R1_peak_39814_lociStitched	chr5	178453714	178506410	12	24873	24640.6496	5180.0168	260	1
2_MV411_DMSO_8h_2_702_R1_peak_19124_lociStitched	chr17	7833954	7845550	2	10635	20972.5256	1521.3952	261	1
4_MV411_DMSO_8h_2_702_R1_peak_470_lociStitched	chr1	15829969	15852060	4	10838	21644.7618	2200.2636	262	1
11_MV411_DMSO_8h_2_702_R1_peak_39590_lociStitched	chr5	170268239	170312686	11	20708	24632.5274	5213.6331	263	1
11_MV411_DMSO_8h_2_702_R1_peak_19671_lociStitched	chr17	30337112	30383142	11	18366	24184.162	4897.592	264	1
15_MV411_DMSO_8h_2_702_R1_peak_5809_lociStitched	chr10	63217420	63274557	15	22956	23991.8263	4730.9436	265	1
15_MV411_DMSO_8h_2_702_R1_peak_8106_lociStitched	chr11	47980078	48035219	15	21241	25612.9945	6374.2996	266	1
7_MV411_DMSO_8h_2_702_R1_peak_22226_lociStitched	chr18	62715272	62744439	7	15064	22969.0125	3745.0428	267	1
8_MV411_DMSO_8h_2_702_R1_peak_19778_lociStitched	chr17	34219648	34253695	8	21588	23012.3673	3932.4285	268	1
14_MV411_DMSO_8h_2_702_R1_peak_40059_lociStitched	chr6	6856503	6917286	14	22351	25461.9987	6412.6065	269	1
4_MV411_DMSO_8h_2_702_R1_peak_5063_lociStitched	chr10	127533	144595	4	14595	20080.2678	1187.5152	270	1
3_MV411_DMSO_8h_2_702_R1_peak_24328_lociStitched	chr19	48960048	48979793	3	9172	21881.409	2997.291	271	1
16_MV411_DMSO_8h_2_702_R1_peak_29930_lociStitched	chr20	48823093	48875470	16	21131	25041.4437	6232.863	272	1
9_MV411_DMSO_8h_2_702_R1_peak_22805_lociStitched	chr19	6048372	6068956	9	11740	22212.1944	3439.5864	273	1
15_MV411_DMSO_8h_2_702_R1_peak_23829_lociStitched	chr19	38650240	38695633	15	20866	26477.7369	7712.2707	274	1
8_MV411_DMSO_8h_2_702_R1_peak_6696_lociStitched	chr10	102629183	102661244	8	12970	22407.4329	3661.3662	275	1
6_MV411_DMSO_8h_2_702_R1_peak_22480_lociStitched	chr19	667855	703834	6	11891	24357.783	5645.1051	276	1
5_MV411_DMSO_8h_2_702_R1_peak_22473_lociStitched	chr19	555283	574938	5	11353	21492.7425	2830.32	277	1
9_MV411_DMSO_8h_2_702_R1_peak_9681_lociStitched	chr11	128692697	128757284	9	14388	26015.6436	7369.3767	278	1
17_MV411_DMSO_8h_2_702_R1_peak_7548_lociStitched	chr11	12119034	12187877	17	20677	26449.4806	7875.6392	279	1
6_MV411_DMSO_8h_2_702_R1_peak_27336_lociStitched	chr2	159695287	159724427	6	13727	20902.122	2348.684	280	1
13_MV411_DMSO_8h_2_702_R1_peak_25350_lociStitched	chr2	38065610	38132380	13	18653	25145.582	6703.708	281	1
5_MV411_DMSO_8h_2_702_R1_peak_12286_lociStitched	chr12	124916381	124946986	5	13233	21949.906	3559.3615	282	1
15_MV411_DMSO_8h_2_702_R1_peak_33562_lociStitched	chr3	58332304	58382239	15	21558	23069.97	4683.903	283	1
4_MV411_DMSO_8h_2_702_R1_peak_10200_lociStitched	chr12	14945780	14963937	4	15564	20297.7103	1962.7717	284	1
MV411_DMSO_8h_2_702_R1_peak_23757	chr19	35898602	35910427	1	11826	20457.25	2129.6825	285	1
6_MV411_DMSO_8h_2_702_R1_peak_28139_lociStitched	chr2	218389390	218407913	6	10847	20608.6898	2313.5227	286	1
2_MV411_DMSO_8h_2_702_R1_peak_36017_lociStitched	chr4	40054151	40069825	2	5543	19805.6664	1540.7542	287	1
12_MV411_DMSO_8h_2_702_R1_peak_25751_lociStitched	chr2	55096919	55162255	12	14514	25533.3088	7271.8968	288	1
14_MV411_DMSO_8h_2_702_R1_peak_42179_lociStitched	chr6	135274874	135326858	14	21067	23751.4896	5499.9072	289	1
9_MV411_DMSO_8h_2_702_R1_peak_21306_lociStitched	chr17	79800392	79853367	9	16971	24352.6075	6134.505	290	1
7_MV411_DMSO_8h_2_702_R1_peak_39643_lociStitched	chr5	172763788	172807835	7	15017	22785.5131	4624.935	291	1
12_MV411_DMSO_8h_2_702_R1_peak_43665_lociStitched	chr7	41860673	41893023	12	22855	21975.355	3833.475	292	1
14_MV411_DMSO_8h_2_702_R1_peak_47661_lociStitched	chr8	141205469	141292209	14	18069	33750.534	15630.548	293	1
10_MV411_DMSO_8h_2_702_R1_peak_1879_lociStitched	chr1	66372215	66420442	10	16113	23120.0238	5044.5442	294	1
13_MV411_DMSO_8h_2_702_R1_peak_33139_lociStitched	chr3	46283173	46331182	13	18425	23010.7137	4935.3252	295	1
10_MV411_DMSO_8h_2_702_R1_peak_22970_lociStitched	chr19	8486059	8519918	10	20070	23711.4577	5705.2415	296	1
13_MV411_DMSO_8h_2_702_R1_peak_6371_lociStitched	chr10	88061776	88120830	13	20027	24578.2748	6602.2372	297	1
7_MV411_DMSO_8h_2_702_R1_peak_23706_lociStitched	chr19	34164731	34188401	7	10765	21295.899	3332.736	298	1
2_MV411_DMSO_8h_2_702_R1_peak_46477_lociStitched	chr8	67054448	67066161	2	6468	19618.1037	1678.4729	299	1
3_MV411_DMSO_8h_2_702_R1_peak_30788_lociStitched	chr21	37358015	37374689	3	7766	19585.2804	1729.0938	300	1
3_MV411_DMSO_8h_2_702_R1_peak_36923_lociStitched	chr4	139294602	139317545	3	10204	20065.9478	2232.3539	301	1
7_MV411_DMSO_8h_2_702_R1_peak_27270_lociStitched	chr2	157435973	157481263	7	17651	21603.33	3786.244	302	1
11_MV411_DMSO_8h_2_702_R1_peak_23483_lociStitched	chr19	18476904	18522201	11	17279	26186.1957	8375.4153	303	1
2_MV411_DMSO_8h_2_702_R1_peak_15988_lociStitched	chr15	68815996	68826841	2	6804	18852.948	1081.2465	304	1
2_MV411_DMSO_8h_2_702_R1_peak_30421_lociStitched	chr21	15049488	15066732	2	14943	19304.658	1615.7628	305	1
8_MV411_DMSO_8h_2_702_R1_peak_23394_lociStitched	chr19	17499048	17539777	8	11584	24266.3382	6577.7335	306	1
7_MV411_DMSO_8h_2_702_R1_peak_47407_lociStitched	chr8	129411366	129461056	7	19126	25381.652	7716.857	307	1
2_MV411_DMSO_8h_2_702_R1_peak_8524_lociStitched	chr11	65766071	65781334	2	13536	19272.5901	1634.6673	308	1
4_MV411_DMSO_8h_2_702_R1_peak_14943_lociStitched	chr14	105058930	105087860	4	13697	20537.407	2962.432	309	1
3_MV411_DMSO_8h_2_702_R1_peak_1532_lociStitched	chr1	44805535	44820722	3	9014	19389.2429	1825.4774	310	1
11_MV411_DMSO_8h_2_702_R1_peak_6848_lociStitched	chr10	110835899	110875922	11	16057	22132.719	4594.6404	311	1
6_MV411_DMSO_8h_2_702_R1_peak_6089_lociStitched	chr10	73887613	73920925	6	12265	21526.2144	3994.1088	312	1
9_MV411_DMSO_8h_2_702_R1_peak_24787_lociStitched	chr2	8511691	8548524	9	14732	22221.3489	4707.2574	313	1
5_MV411_DMSO_8h_2_702_R1_peak_12213_lociStitched	chr12	123431646	123449799	5	13666	19289.3778	1788.0705	314	1
6_MV411_DMSO_8h_2_702_R1_peak_11669_lociStitched	chr12	108616700	108645944	6	13557	20985.4944	3509.28	315	1
13_MV411_DMSO_8h_2_702_R1_peak_636_lociStitched	chr1	21756749	21799230	13	19379	21682.3024	4269.3405	316	1
17_MV411_DMSO_8h_2_702_R1_peak_49998_lociStitched	chrX	1467121	1538915	17	20617	23770.9934	6368.1278	317	1
3_MV411_DMSO_8h_2_702_R1_peak_24727_lociStitched	chr19	58569455	58576359	3	5467	18716.744	1324.8776	318	1
5_MV411_DMSO_8h_2_702_R1_peak_49573_lociStitched	chr9	129457737	129499589	5	12347	22294.5604	4930.1656	319	1
5_MV411_DMSO_8h_2_702_R1_peak_261_lociStitched	chr1	9061661	9094910	5	20912	21209.5371	3923.382	320	1
7_MV411_DMSO_8h_2_702_R1_peak_20258_lociStitched	chr17	46167841	46195803	7	10077	21511.1666	4225.0582	321	1
5_MV411_DMSO_8h_2_702_R1_peak_41542_lociStitched	chr6	73447241	73471684	5	16040	19410.1863	2128.9853	322	1
6_MV411_DMSO_8h_2_702_R1_peak_6557_lociStitched	chr10	97403613	97429175	6	16310	20170.9742	2893.6184	323	1
1_MV411_DMSO_8h_2_702_R1_peak_4414_lociStitched	chr1	220875970	220884181	1	8212	18267.0117	999.2787	324	1
5_MV411_DMSO_8h_2_702_R1_peak_8318_lociStitched	chr11	62539081	62564076	5	14277	20395.92	3139.372	325	1
9_MV411_DMSO_8h_2_702_R1_peak_4935_lociStitched	chr1	243710104	243745370	9	12684	20281.4766	3036.4026	326	1
6_MV411_DMSO_8h_2_702_R1_peak_33487_lociStitched	chr3	53234168	53271801	6	13947	21755.6373	4561.1196	327	1
12_MV411_DMSO_8h_2_702_R1_peak_6743_lociStitched	chr10	103171826	103203277	12	18410	20122.3498	2946.9587	328	1
8_MV411_DMSO_8h_2_702_R1_peak_19388_lociStitched	chr17	17819962	17850955	8	16812	20811.7995	3688.167	329	1
13_MV411_DMSO_8h_2_702_R1_peak_11700_lociStitched	chr12	108818891	108866892	13	19047	22032.459	4910.5023	330	1
14_MV411_DMSO_8h_2_702_R1_peak_39005_lociStitched	chr5	139458484	139521315	14	16304	23687.287	6572.1226	331	1
13_MV411_DMSO_8h_2_702_R1_peak_1334_lociStitched	chr1	40034670	40080233	13	16268	21792.7829	4683.8764	332	1
12_MV411_DMSO_8h_2_702_R1_peak_16321_lociStitched	chr15	78034293	78072962	12	26548	21519.2985	4431.4674	333	1
6_MV411_DMSO_8h_2_702_R1_peak_33390_lociStitched	chr3	52085912	52128669	6	18182	22071.1634	4994.0176	334	1
7_MV411_DMSO_8h_2_702_R1_peak_32050_lociStitched	chr22	45214798	45241479	7	21161	19978.7328	2934.91	335	1
4_MV411_DMSO_8h_2_702_R1_peak_48055_lociStitched	chr9	21982845	21996947	4	10422	18359.3938	1318.537	336	1
14_MV411_DMSO_8h_2_702_R1_peak_6532_lociStitched	chr10	96689755	96748965	14	18290	23263.609	6228.892	337	1
13_MV411_DMSO_8h_2_702_R1_peak_40341_lociStitched	chr6	14897501	14948195	13	17241	22280.013	5251.8984	338	1
3_MV411_DMSO_8h_2_702_R1_peak_50355_lociStitched	chrX	40094057	40110197	3	12120	17912.172	892.542	339	1
10_MV411_DMSO_8h_2_702_R1_peak_17648_lociStitched	chr16	29720372	29758528	10	12520	21214.736	4223.8692	340	1
3_MV411_DMSO_8h_2_702_R1_peak_12903_lociStitched	chr13	36997779	37023938	3	5145	21549.7842	4559.5137	341	1
12_MV411_DMSO_8h_2_702_R1_peak_46813_lociStitched	chr8	96845741	96905443	12	18784	26489.7774	9504.5584	342	1
2_MV411_DMSO_8h_2_702_R1_peak_27254_lociStitched	chr2	156331143	156343378	2	6975	17992.791	1014.2815	343	1
2_MV411_DMSO_8h_2_702_R1_peak_47352_lociStitched	chr8	125428846	125437039	2	7910	18821.7789	1846.7022	344	1
MV411_DMSO_8h_2_702_R1_peak_29138	chr20	17963606	17973199	1	9594	17930.2763	958.3407	345	1
5_MV411_DMSO_8h_2_702_R1_peak_24664_lociStitched	chr19	56312999	56325230	5	9433	18855.3096	1914.1515	346	1
3_MV411_DMSO_8h_2_702_R1_peak_23866_lociStitched	chr19	39430444	39450282	3	7462	20383.545	3455.7796	347	1
10_MV411_DMSO_8h_2_702_R1_peak_20380_lociStitched	chr17	49723438	49754927	10	17189	20439.5099	3523.6191	348	1
7_MV411_DMSO_8h_2_702_R1_peak_17050_lociStitched	chr16	4659955	4694878	7	16229	21069.0459	4183.7754	349	1
9_MV411_DMSO_8h_2_702_R1_peak_50105_lociStitched	chrX	12947066	12991923	9	15037	19046.2822	2175.5645	350	1
9_MV411_DMSO_8h_2_702_R1_peak_39534_lociStitched	chr5	165184408	165218609	9	17425	19836.58	2985.7473	351	1
14_MV411_DMSO_8h_2_702_R1_peak_42325_lociStitched	chr6	139589280	139649415	14	16978	22881.3675	6043.5675	352	1
12_MV411_DMSO_8h_2_702_R1_peak_31995_lociStitched	chr22	43091809	43148946	12	17331	23220.4768	6393.6303	353	1
MV411_DMSO_8h_2_702_R1_peak_23460	chr19	18278188	18284150	1	5963	17965.2946	1147.0888	354	1
4_MV411_DMSO_8h_2_702_R1_peak_29539_lociStitched	chr20	35740114	35769465	4	7980	19562.4415	2747.2536	355	1
1_MV411_DMSO_8h_2_702_R1_peak_12720_lociStitched	chr13	30462763	30467882	1	5120	17751.1563	947.5269	356	1
8_MV411_DMSO_8h_2_702_R1_peak_23984_lociStitched	chr19	41515297	41555024	8	13151	23276.0493	6483.4464	357	1
MV411_DMSO_8h_2_702_R1_peak_24162	chr19	45448466	45457091	1	8626	18105.6	1314.45	358	1
5_MV411_DMSO_8h_2_702_R1_peak_48912_lociStitched	chr9	105242132	105265106	5	13271	19158.0186	2407.6752	359	1
5_MV411_DMSO_8h_2_702_R1_peak_30961_lociStitched	chr21	44351400	44376277	5	11268	19737.4118	3015.0924	360	1
5_MV411_DMSO_8h_2_702_R1_peak_9812_lociStitched	chr12	1795568	1813643	5	9389	19128.7725	2461.815	361	1
11_MV411_DMSO_8h_2_702_R1_peak_4753_lociStitched	chr1	234656037	234728279	11	16036	25393.063	8734.0578	362	1
2_MV411_DMSO_8h_2_702_R1_peak_36937_lociStitched	chr4	139552424	139562438	2	8830	17868.9816	1211.694	363	1
3_MV411_DMSO_8h_2_702_R1_peak_48782_lociStitched	chr9	97982011	97989594	3	6328	17387.819	748.4421	364	1
8_MV411_DMSO_8h_2_702_R1_peak_50364_lociStitched	chrX	40141052	40177586	8	12266	18676.1808	2042.2506	365	1
MV411_DMSO_8h_2_702_R1_peak_1002	chr1	28504707	28511528	1	6822	17488.3619	886.0479	366	1
6_MV411_DMSO_8h_2_702_R1_peak_46970_lociStitched	chr8	102776736	102810995	6	11680	22254.6464	5652.735	367	1
11_MV411_DMSO_8h_2_702_R1_peak_5591_lociStitched	chr10	44927297	44975299	11	18456	22056.919	5477.0282	368	1
7_MV411_DMSO_8h_2_702_R1_peak_14792_lociStitched	chr14	100213539	100257400	7	10580	21145.3881	4592.2467	369	1
4_MV411_DMSO_8h_2_702_R1_peak_46540_lociStitched	chr8	73872868	73896613	4	9885	19998.039	3519.009	370	1
11_MV411_DMSO_8h_2_702_R1_peak_19642_lociStitched	chr17	29681764	29727670	11	18233	20754.1026	4278.4392	371	1
2_MV411_DMSO_8h_2_702_R1_peak_33334_lociStitched	chr3	50334921	50342199	2	6808	17361.669	886.4604	372	1
9_MV411_DMSO_8h_2_702_R1_peak_14376_lociStitched	chr14	77588676	77620589	9	18132	19594.582	3133.8566	373	1
MV411_DMSO_8h_2_702_R1_peak_40664	chr6	27887948	27897812	1	9865	17299.4832	870.9912	374	1
12_MV411_DMSO_8h_2_702_R1_peak_33666_lociStitched	chr3	71426757	71465458	12	15936	19872.9635	3463.7395	375	1
11_MV411_DMSO_8h_2_702_R1_peak_18698_lociStitched	chr16	88935897	88993348	11	14992	22876.9882	6526.4336	376	1
11_MV411_DMSO_8h_2_702_R1_peak_7337_lociStitched	chr11	3124223	3170772	11	18973	21729.0732	5441.5781	377	1
9_MV411_DMSO_8h_2_702_R1_peak_22529_lociStitched	chr19	1168623	1214507	9	13518	22675.8728	6442.1136	378	1
8_MV411_DMSO_8h_2_702_R1_peak_14551_lociStitched	chr14	90627228	90675890	8	16379	21245.8292	5012.186	379	1
13_MV411_DMSO_8h_2_702_R1_peak_19947_lociStitched	chr17	39325381	39366622	13	14106	19993.6368	3785.9238	380	1
7_MV411_DMSO_8h_2_702_R1_peak_25196_lociStitched	chr2	28356542	28398466	7	13871	20836.228	4695.488	381	1
3_MV411_DMSO_8h_2_702_R1_peak_27745_lociStitched	chr2	195646847	195660241	3	9815	17426.9334	1352.794	382	1
2_MV411_DMSO_8h_2_702_R1_peak_23193_lociStitched	chr19	13784725	13797353	2	11308	18133.808	2081.0944	383	1
5_MV411_DMSO_8h_2_702_R1_peak_32518_lociStitched	chr3	13403655	13431620	5	11355	18820.445	2799.2965	384	1
10_MV411_DMSO_8h_2_702_R1_peak_28272_lociStitched	chr2	225000571	225033400	10	23286	18896.3724	2915.2152	385	1
5_MV411_DMSO_8h_2_702_R1_peak_38393_lociStitched	chr5	88867236	88890987	5	20650	17863.1271	1890.5796	386	1
3_MV411_DMSO_8h_2_702_R1_peak_12570_lociStitched	chr13	27250514	27264602	3	6564	18196.0608	2230.1304	387	1
1_MV411_DMSO_8h_2_702_R1_peak_21557_lociStitched	chr18	3446715	3454845	1	8131	16754.304	852.837	388	1
5_MV411_DMSO_8h_2_702_R1_peak_29945_lociStitched	chr20	48900147	48924585	5	12855	18580.2114	2715.0618	389	1
7_MV411_DMSO_8h_2_702_R1_peak_43996_lociStitched	chr7	74204000	74232124	7	16804	18789.6444	2927.7084	390	1
8_MV411_DMSO_8h_2_702_R1_peak_326_lociStitched	chr1	10376350	10427347	8	15788	21347.3442	5497.4766	391	1
4_MV411_DMSO_8h_2_702_R1_peak_18689_lociStitched	chr16	88778739	88801021	4	14556	18166.5146	2359.6638	392	1
6_MV411_DMSO_8h_2_702_R1_peak_25811_lociStitched	chr2	60090191	60118474	6	18274	18782.7403	2978.1999	393	1
1_MV411_DMSO_8h_2_702_R1_peak_43378_lociStitched	chr7	26197349	26205836	1	8488	16725.3309	962.4258	394	1
1_MV411_DMSO_8h_2_702_R1_peak_46899_lociStitched	chr8	100718939	100724672	1	5734	16556.904	794.0205	395	1
4_MV411_DMSO_8h_2_702_R1_peak_7228_lociStitched	chr11	501713	518772	4	9899	17833.4786	2070.9626	396	1
11_MV411_DMSO_8h_2_702_R1_peak_11567_lociStitched	chr12	104456120	104494317	11	13403	19461.3715	3754.7651	397	1
10_MV411_DMSO_8h_2_702_R1_peak_30642_lociStitched	chr21	33361418	33405605	10	13123	20423.2314	4728.009	398	1
8_MV411_DMSO_8h_2_702_R1_peak_42689_lociStitched	chr6	159033245	159063803	8	13641	18839.007	3153.5856	399	1
12_MV411_DMSO_8h_2_702_R1_peak_38634_lociStitched	chr5	114387054	114436873	12	28061	20007.3104	4324.2892	400	1
7_MV411_DMSO_8h_2_702_R1_peak_92_lociStitched	chr1	2220333	2256878	7	13264	19931.643	4290.383	401	1
2_MV411_DMSO_8h_2_702_R1_peak_42613_lociStitched	chr6	156776443	156783987	2	6748	16393.8664	754.4	402	1
5_MV411_DMSO_8h_2_702_R1_peak_50413_lociStitched	chrX	45749865	45772310	5	19315	16407.295	803.531	403	1
11_MV411_DMSO_8h_2_702_R1_peak_16607_lociStitched	chr15	90680414	90739443	11	16311	21663.643	6068.1812	404	1
12_MV411_DMSO_8h_2_702_R1_peak_4073_lociStitched	chr1	203166188	203215054	12	21035	21501.04	5917.6726	405	1
5_MV411_DMSO_8h_2_702_R1_peak_34745_lociStitched	chr3	158801240	158819386	5	12814	17302.211	1723.87	406	1
6_MV411_DMSO_8h_2_702_R1_peak_4354_lociStitched	chr1	214418014	214456048	6	14216	19412.5536	3845.2374	407	1
2_MV411_DMSO_8h_2_702_R1_peak_24651_lociStitched	chr19	55652818	55659860	2	5883	16669.8224	1150.6628	408	1
7_MV411_DMSO_8h_2_702_R1_peak_23292_lociStitched	chr19	16063922	16087058	7	10029	19450.4352	3940.0608	409	1
MV411_DMSO_8h_2_702_R1_peak_22539	chr19	1248261	1254615	1	6355	16662.7296	1154.5218	410	1
MV411_DMSO_8h_2_702_R1_peak_24428	chr19	50370614	50376939	1	6326	16360.245	923.45	411	1
10_MV411_DMSO_8h_2_702_R1_peak_7604_lociStitched	chr11	14611122	14647126	10	14718	18214.4236	2783.1092	412	1
8_MV411_DMSO_8h_2_702_R1_peak_12774_lociStitched	chr13	32022538	32049410	8	13606	21059.5864	5632.3712	413	1
7_MV411_DMSO_8h_2_702_R1_peak_45564_lociStitched	chr8	17898658	17934747	7	10791	20437.2007	5023.5888	414	1
12_MV411_DMSO_8h_2_702_R1_peak_5542_lociStitched	chr10	42956202	43020552	12	18029	22496.76	7091.37	415	1
13_MV411_DMSO_8h_2_702_R1_peak_16046_lociStitched	chr15	70439164	70510280	13	16007	24343.0068	8946.3928	416	1
7_MV411_DMSO_8h_2_702_R1_peak_20645_lociStitched	chr17	60371390	60402918	7	16431	18276.7816	2913.1872	417	1
2_MV411_DMSO_8h_2_702_R1_peak_23917_lociStitched	chr19	40748095	40754833	2	6319	16516.1856	1153.5456	418	1
2_MV411_DMSO_8h_2_702_R1_peak_43070_lociStitched	chr7	5527352	5539508	2	7869	16687.7568	1333.5132	419	1
3_MV411_DMSO_8h_2_702_R1_peak_22508_lociStitched	chr19	1018130	1039144	3	8267	18374.6416	3023.9146	420	1
MV411_DMSO_8h_2_702_R1_peak_10879	chr12	54410168	54420033	1	9866	16445.9415	1107.8395	421	1
8_MV411_DMSO_8h_2_702_R1_peak_40348_lociStitched	chr6	15060341	15091496	8	16371	18621.3435	3289.968	422	1
5_MV411_DMSO_8h_2_702_R1_peak_50777_lociStitched	chrX	107701327	107721833	5	10943	16378.1422	1080.6662	423	1
10_MV411_DMSO_8h_2_702_R1_peak_47452_lociStitched	chr8	129956930	130000696	10	18406	22206.8684	6915.028	424	1
8_MV411_DMSO_8h_2_702_R1_peak_2782_lociStitched	chr1	145977880	146007951	8	14045	18656.0484	3364.9449	425	1
3_MV411_DMSO_8h_2_702_R1_peak_3130_lociStitched	chr1	155177132	155196339	3	8535	17263.2516	2016.735	426	1
8_MV411_DMSO_8h_2_702_R1_peak_3176_lociStitched	chr1	155960524	155991239	8	14816	18923.5115	3698.086	427	1
3_MV411_DMSO_8h_2_702_R1_peak_10859_lociStitched	chr12	54277287	54290509	3	8539	16781.3624	1573.418	428	1
MV411_DMSO_8h_2_702_R1_peak_26138	chr2	70084729	70089653	1	4925	15899.1036	694.284	429	1
10_MV411_DMSO_8h_2_702_R1_peak_14501_lociStitched	chr14	89330916	89368735	10	17326	18746.8783	3566.3317	430	1
MV411_DMSO_8h_2_702_R1_peak_22542	chr19	1268925	1276935	1	8011	16677.621	1553.94	431	1
1_MV411_DMSO_8h_2_702_R1_peak_8529_lociStitched	chr11	65856525	65862011	1	5487	15675.1478	558.4748	432	1
5_MV411_DMSO_8h_2_702_R1_peak_44989_lociStitched	chr7	139095211	139134937	5	14303	18945.3294	3841.5042	433	1
9_MV411_DMSO_8h_2_702_R1_peak_39824_lociStitched	chr5	178526005	178562691	9	16064	18786.9006	3694.2802	434	1
3_MV411_DMSO_8h_2_702_R1_peak_9915_lociStitched	chr12	6531608	6551221	3	7188	17333.9694	2247.6498	435	1
3_MV411_DMSO_8h_2_702_R1_peak_22468_lociStitched	chr19	488031	511676	3	6780	19003.4865	3929.799	436	1
6_MV411_DMSO_8h_2_702_R1_peak_23998_lociStitched	chr19	41859169	41874161	6	12823	17837.4816	2785.5136	437	1
6_MV411_DMSO_8h_2_702_R1_peak_15638_lociStitched	chr15	55389654	55409685	6	11988	16930.2012	1888.9233	438	1
8_MV411_DMSO_8h_2_702_R1_peak_40431_lociStitched	chr6	16669223	16737095	8	17060	21528.9984	6495.3504	439	1
1_MV411_DMSO_8h_2_702_R1_peak_40859_lociStitched	chr6	32967001	32971923	1	4923	15604.7088	592.6088	440	1
13_MV411_DMSO_8h_2_702_R1_peak_29598_lociStitched	chr20	36929045	36969981	13	16331	19227.6392	4281.9056	441	1
1_MV411_DMSO_8h_2_702_R1_peak_33253_lociStitched	chr3	49017593	49023822	1	6230	15713.2754	791.7059	442	1
14_MV411_DMSO_8h_2_702_R1_peak_6207_lociStitched	chr10	79116849	79164307	14	16193	20957.4528	6036.6576	443	1
3_MV411_DMSO_8h_2_702_R1_peak_16887_lociStitched	chr16	1467211	1484264	3	8057	16923.3972	2013.9593	444	1
11_MV411_DMSO_8h_2_702_R1_peak_34990_lociStitched	chr3	177332335	177362312	11	14394	17869.2897	2979.7138	445	1
4_MV411_DMSO_8h_2_702_R1_peak_42782_lociStitched	chr6	163398782	163423085	4	9718	17505.4509	2634.4452	446	1
5_MV411_DMSO_8h_2_702_R1_peak_848_lociStitched	chr1	26618519	26649329	5	9547	17500.08	2640.417	447	1
3_MV411_DMSO_8h_2_702_R1_peak_19722_lociStitched	chr17	31308080	31322553	3	12535	16245.9425	1390.8553	448	1
5_MV411_DMSO_8h_2_702_R1_peak_47829_lociStitched	chr9	208707	223528	5	11885	16494.2909	1646.6131	449	1
6_MV411_DMSO_8h_2_702_R1_peak_26352_lociStitched	chr2	85563197	85591793	6	10515	18015.48	3171.2964	450	1
MV411_DMSO_8h_2_702_R1_peak_7436	chr11	8681606	8689887	1	8282	15724.7909	894.348	451	1
3_MV411_DMSO_8h_2_702_R1_peak_49784_lociStitched	chr9	134365502	134375739	3	7888	16163.1993	1357.4262	452	1
14_MV411_DMSO_8h_2_702_R1_peak_18582_lociStitched	chr16	85898267	85951349	14	19888	20855.9178	6077.889	453	1
MV411_DMSO_8h_2_702_R1_peak_27584	chr2	177259760	177266302	1	6543	15549.0256	777.8438	454	1
16_MV411_DMSO_8h_2_702_R1_peak_2993_lociStitched	chr1	151905150	151959955	16	17082	20201.123	5431.1755	455	1
1_MV411_DMSO_8h_2_702_R1_peak_39912_lociStitched	chr5	181240637	181249100	1	8464	15670.9371	908.9262	456	1
3_MV411_DMSO_8h_2_702_R1_peak_32982_lociStitched	chr3	40295686	40313381	3	11588	16592.6015	1845.5885	457	1
MV411_DMSO_8h_2_702_R1_peak_34773	chr3	160398414	160406633	1	8220	15512.5406	791.4897	458	1
6_MV411_DMSO_8h_2_702_R1_peak_37822_lociStitched	chr5	40672015	40689809	6	13670	16375.8182	1706.4446	459	1
MV411_DMSO_8h_2_702_R1_peak_23302	chr19	16110773	16121955	1	11183	16416.2942	1771.2288	460	1
19_MV411_DMSO_8h_2_702_R1_peak_48463_lociStitched	chr9	77907747	77983443	19	20564	17659.8768	3027.84	461	1
4_MV411_DMSO_8h_2_702_R1_peak_19210_lociStitched	chr17	10012398	10035328	4	12771	17007.181	2393.892	462	1
5_MV411_DMSO_8h_2_702_R1_peak_47524_lociStitched	chr8	133072976	133094492	5	12307	18396.18	3799.7256	463	1
7_MV411_DMSO_8h_2_702_R1_peak_252_lociStitched	chr1	8874365	8908986	7	10201	17784.8077	3216.2909	464	1
4_MV411_DMSO_8h_2_702_R1_peak_24170_lociStitched	chr19	45505305	45523743	4	13180	17674.6668	3132.6162	465	1
8_MV411_DMSO_8h_2_702_R1_peak_32497_lociStitched	chr3	12993535	13018108	8	16147	17478.7749	2943.8454	466	1
11_MV411_DMSO_8h_2_702_R1_peak_16148_lociStitched	chr15	74529831	74568800	11	17359	18572.6254	4041.0853	467	1
2_MV411_DMSO_8h_2_702_R1_peak_8826_lociStitched	chr11	73979175	73996673	2	9386	16430.622	1917.7808	468	1
1_MV411_DMSO_8h_2_702_R1_peak_23153_lociStitched	chr19	12732509	12738323	1	5815	15601.2876	1098.2646	469	1
MV411_DMSO_8h_2_702_R1_peak_14205	chr14	73750907	73760996	1	10090	15685.3683	1190.502	470	1
2_MV411_DMSO_8h_2_702_R1_peak_8159_lociStitched	chr11	58572811	58583832	2	10314	15483.4029	998.5026	471	1
2_MV411_DMSO_8h_2_702_R1_peak_43067_lociStitched	chr7	5419205	5442262	2	11720	17094.4598	2626.1923	472	1
3_MV411_DMSO_8h_2_702_R1_peak_43610_lociStitched	chr7	39948369	39958394	3	8826	15322.21	856.135	473	1
9_MV411_DMSO_8h_2_702_R1_peak_26100_lociStitched	chr2	69679941	69709634	9	10716	17661.3964	3197.9361	474	1
1_MV411_DMSO_8h_2_702_R1_peak_37857_lociStitched	chr5	43063528	43068519	1	4992	15101.2687	655.3183	475	1
3_MV411_DMSO_8h_2_702_R1_peak_27945_lociStitched	chr2	206083431	206099914	3	10052	15892.9086	1447.2074	476	1
5_MV411_DMSO_8h_2_702_R1_peak_20062_lociStitched	chr17	42003205	42026142	5	12265	16769.2407	2341.8677	477	1
8_MV411_DMSO_8h_2_702_R1_peak_16461_lociStitched	chr15	84713861	84752957	8	12286	18351.6624	3925.2384	478	1
5_MV411_DMSO_8h_2_702_R1_peak_22276_lociStitched	chr18	63299283	63323114	5	12517	17427.6103	3002.706	479	1
9_MV411_DMSO_8h_2_702_R1_peak_25691_lociStitched	chr2	48313480	48333034	9	14313	15916.956	1515.435	480	1
9_MV411_DMSO_8h_2_702_R1_peak_12003_lociStitched	chr12	118328001	118361794	9	14019	17143.1889	2743.9916	481	1
12_MV411_DMSO_8h_2_702_R1_peak_14592_lociStitched	chr14	91340456	91388759	12	17467	19987.7814	5588.6571	482	1
5_MV411_DMSO_8h_2_702_R1_peak_31147_lociStitched	chr22	19937219	19948909	5	8100	15478.729	1084.832	483	1
1_MV411_DMSO_8h_2_702_R1_peak_24849_lociStitched	chr2	10119820	10126452	1	6633	15022.8064	632.6928	484	1
MV411_DMSO_8h_2_702_R1_peak_15510	chr15	50352336	50357125	1	4790	14969.9351	582.3424	485	1
2_MV411_DMSO_8h_2_702_R1_peak_22605_lociStitched	chr19	2263835	2273848	2	9026	15974.7402	1619.1021	486	1
7_MV411_DMSO_8h_2_702_R1_peak_27883_lociStitched	chr2	201223227	201261240	7	10084	18367.8816	4014.1728	487	1
1_MV411_DMSO_8h_2_702_R1_peak_23950_lociStitched	chr19	41264178	41267812	1	3635	14952.093	609.7852	488	1
13_MV411_DMSO_8h_2_702_R1_peak_4808_lociStitched	chr1	235040390	235105827	13	20763	21332.462	7001.759	489	1
9_MV411_DMSO_8h_2_702_R1_peak_29988_lociStitched	chr20	49747613	49795552	9	18234	19592.6693	5335.6107	490	1
10_MV411_DMSO_8h_2_702_R1_peak_8853_lociStitched	chr11	75337397	75383571	10	16228	19614.7152	5379.271	491	1
7_MV411_DMSO_8h_2_702_R1_peak_38733_lociStitched	chr5	126746284	126780212	7	11921	17425.4208	3192.6248	492	1
10_MV411_DMSO_8h_2_702_R1_peak_2503_lociStitched	chr1	111451785	111516284	10	16831	21387.8684	7198.0884	493	1
3_MV411_DMSO_8h_2_702_R1_peak_47896_lociStitched	chr9	3507962	3529207	3	6722	15793.533	1610.371	494	1
13_MV411_DMSO_8h_2_702_R1_peak_28739_lociStitched	chr20	1802474	1858105	13	14746	21306.673	7131.8942	495	1
5_MV411_DMSO_8h_2_702_R1_peak_49407_lociStitched	chr9	125745520	125764455	5	15278	15992.501	1823.4405	496	1
10_MV411_DMSO_8h_2_702_R1_peak_32967_lociStitched	chr3	39241429	39284833	10	15535	18937.1652	4796.142	497	1
3_MV411_DMSO_8h_2_702_R1_peak_34238_lociStitched	chr3	127588884	127601931	3	8622	15638.1342	1505.6238	498	1
6_MV411_DMSO_8h_2_702_R1_peak_26711_lociStitched	chr2	108585154	108615656	6	16068	16943.861	2827.5354	499	1
14_MV411_DMSO_8h_2_702_R1_peak_28904_lociStitched	chr20	4956571	4999079	14	15449	18308.1956	4204.0412	500	1
22_MV411_DMSO_8h_2_702_R1_peak_44283_lociStitched	chr7	92717344	92786374	22	23727	20350.044	6247.215	501	1
5_MV411_DMSO_8h_2_702_R1_peak_41549_lociStitched	chr6	73514654	73534598	5	8946	15899.3568	1824.876	502	1
19_MV411_DMSO_8h_2_702_R1_peak_36434_lociStitched	chr4	83194601	83282120	19	19835	23008.7451	8988.2013	503	1
9_MV411_DMSO_8h_2_702_R1_peak_28392_lociStitched	chr2	231383309	231423121	9	16442	18249.8208	4275.8088	504	1
9_MV411_DMSO_8h_2_702_R1_peak_46156_lociStitched	chr8	47353256	47382802	9	9582	18123.5164	4151.213	505	1
1_MV411_DMSO_8h_2_702_R1_peak_17651_lociStitched	chr16	29803815	29810177	1	6363	14657.4118	725.268	506	1
1_MV411_DMSO_8h_2_702_R1_peak_23100_lociStitched	chr19	11088651	11097216	1	8566	15440.1255	1508.2965	507	1
7_MV411_DMSO_8h_2_702_R1_peak_23586_lociStitched	chr19	27776297	27795125	7	9036	16065.9324	2140.7436	508	1
1_MV411_DMSO_8h_2_702_R1_peak_3226_lociStitched	chr1	156746367	156754486	1	8120	14912.1673	987.2704	509	1
12_MV411_DMSO_8h_2_702_R1_peak_34173_lociStitched	chr3	125119271	125166696	12	13851	19543.8425	5619.8625	510	1
6_MV411_DMSO_8h_2_702_R1_peak_840_lociStitched	chr1	26532380	26551679	6	12887	16228.5291	2321.6697	511	1
9_MV411_DMSO_8h_2_702_R1_peak_6823_lociStitched	chr10	110199985	110239107	9	15396	18309.096	4405.1372	512	1
11_MV411_DMSO_8h_2_702_R1_peak_41369_lociStitched	chr6	45665640	45714669	11	16249	18312.3315	4422.4158	513	1
3_MV411_DMSO_8h_2_702_R1_peak_11107_lociStitched	chr12	66233256	66247948	3	12141	15226.7888	1383.9864	514	1
5_MV411_DMSO_8h_2_702_R1_peak_7152_lociStitched	chr10	132417124	132449653	5	10712	17363.9802	3529.3965	515	1
5_MV411_DMSO_8h_2_702_R1_peak_46392_lociStitched	chr8	61724726	61738616	5	9455	15941.553	2122.392	516	1
MV411_DMSO_8h_2_702_R1_peak_24360	chr19	49486722	49491123	1	4402	14742.9099	929.4912	517	1
4_MV411_DMSO_8h_2_702_R1_peak_17948_lociStitched	chr16	54921028	54937174	4	10211	15253.1262	1446.6816	518	1
3_MV411_DMSO_8h_2_702_R1_peak_41241_lociStitched	chr6	42774561	42786610	3	5357	14935.9404	1139.8354	519	1
5_MV411_DMSO_8h_2_702_R1_peak_7665_lociStitched	chr11	17265298	17293949	5	11526	16342.5304	2581.4551	520	1
13_MV411_DMSO_8h_2_702_R1_peak_3979_lociStitched	chr1	200850926	200907657	13	17181	20377.7752	6620.5077	521	1
6_MV411_DMSO_8h_2_702_R1_peak_46441_lociStitched	chr8	65829546	65843152	6	7851	15905.414	2149.748	522	1
20_MV411_DMSO_8h_2_702_R1_peak_7071_lociStitched	chr10	124667655	124741707	20	20251	22563.6444	8812.188	523	1
13_MV411_DMSO_8h_2_702_R1_peak_46621_lociStitched	chr8	81058697	81110216	13	11951	22075.8915	8371.8375	524	1
9_MV411_DMSO_8h_2_702_R1_peak_43242_lociStitched	chr7	17027755	17070089	9	13213	17670.2116	3975.1626	525	1
5_MV411_DMSO_8h_2_702_R1_peak_23859_lociStitched	chr19	39320408	39346153	5	9845	17588.984	3946.7085	526	1
13_MV411_DMSO_8h_2_702_R1_peak_15940_lociStitched	chr15	67073482	67121531	13	14458	19161.9412	5535.2448	527	1
4_MV411_DMSO_8h_2_702_R1_peak_22777_lociStitched	chr19	5619715	5629100	4	6498	15470.234	1847.9065	528	1
10_MV411_DMSO_8h_2_702_R1_peak_41074_lociStitched	chr6	37007229	37052834	10	14145	19113.0555	5495.4025	529	1
10_MV411_DMSO_8h_2_702_R1_peak_2888_lociStitched	chr1	150153238	150187418	10	13488	17390.784	3783.726	530	1
5_MV411_DMSO_8h_2_702_R1_peak_19320_lociStitched	chr17	16199380	16218235	5	6448	15129.252	1546.11	531	1
5_MV411_DMSO_8h_2_702_R1_peak_30546_lociStitched	chr21	29064057	29081238	5	14411	15249.8556	1685.4561	532	1
6_MV411_DMSO_8h_2_702_R1_peak_2918_lociStitched	chr1	150560683	150580729	6	10386	15637.8846	2074.761	533	1
2_MV411_DMSO_8h_2_702_R1_peak_21486_lociStitched	chr17	83046681	83056234	2	8696	14724.0389	1166.4213	534	1
10_MV411_DMSO_8h_2_702_R1_peak_4436_lociStitched	chr1	221689403	221734625	10	18876	18070.7112	4522.2	535	1
9_MV411_DMSO_8h_2_702_R1_peak_47532_lociStitched	chr8	133230782	133262193	9	13960	19386.8692	5839.3049	536	1
9_MV411_DMSO_8h_2_702_R1_peak_1588_lociStitched	chr1	46573148	46611880	9	14835	17712.1436	4167.5632	537	1
12_MV411_DMSO_8h_2_702_R1_peak_19240_lociStitched	chr17	12811666	12860055	12	18876	18382.9811	4867.9334	538	1
1_MV411_DMSO_8h_2_702_R1_peak_40754_lociStitched	chr6	30613088	30619295	1	6208	14163.1326	657.3213	539	1
8_MV411_DMSO_8h_2_702_R1_peak_41220_lociStitched	chr6	42304371	42352225	8	13756	18797.0512	5292.6524	540	1
3_MV411_DMSO_8h_2_702_R1_peak_37086_lociStitched	chr4	153650400	153666812	3	13103	15330.4492	1828.2968	541	1
7_MV411_DMSO_8h_2_702_R1_peak_46006_lociStitched	chr8	38166788	38196107	7	8769	17711.6079	4213.1403	542	1
2_MV411_DMSO_8h_2_702_R1_peak_27657_lociStitched	chr2	184596459	184603395	2	6490	14129.3256	664.4688	543	1
2_MV411_DMSO_8h_2_702_R1_peak_41635_lociStitched	chr6	85638007	85645974	2	6716	14452.9347	1004.6387	544	1
3_MV411_DMSO_8h_2_702_R1_peak_12856_lociStitched	chr13	33540737	33548556	3	4448	15007.0067	1570.0552	545	1
10_MV411_DMSO_8h_2_702_R1_peak_36041_lociStitched	chr4	40550978	40606164	10	14681	18796.3516	5369.5978	546	1
MV411_DMSO_8h_2_702_R1_peak_24025	chr19	42251067	42256069	1	5003	14345.736	928.8714	547	1
8_MV411_DMSO_8h_2_702_R1_peak_11244_lociStitched	chr12	77999168	78041855	8	16716	17574.2379	4174.7886	548	1
7_MV411_DMSO_8h_2_702_R1_peak_39024_lociStitched	chr5	139654150	139676085	7	16370	15977.454	2592.717	549	1
7_MV411_DMSO_8h_2_702_R1_peak_5293_lociStitched	chr10	17212721	17231410	7	10517	14689.554	1326.919	550	1
6_MV411_DMSO_8h_2_702_R1_peak_923_lociStitched	chr1	27606693	27636001	6	14311	16910.716	3555.0604	551	1
3_MV411_DMSO_8h_2_702_R1_peak_16103_lociStitched	chr15	72774775	72797414	3	8172	15759.0079	2426.9008	552	1
7_MV411_DMSO_8h_2_702_R1_peak_35553_lociStitched	chr4	1162921	1204149	7	10945	18148.5656	4823.676	553	1
2_MV411_DMSO_8h_2_702_R1_peak_8764_lociStitched	chr11	72804479	72816846	2	12041	14630.161	1305.9552	554	1
3_MV411_DMSO_8h_2_702_R1_peak_19004_lociStitched	chr17	4943829	4951020	3	6665	14081.4162	760.0887	555	1
4_MV411_DMSO_8h_2_702_R1_peak_40290_lociStitched	chr6	13701944	13715987	4	9728	14806.9392	1485.7494	556	1
9_MV411_DMSO_8h_2_702_R1_peak_30144_lociStitched	chr20	53906385	53949898	9	15388	17953.4638	4634.1345	557	1
7_MV411_DMSO_8h_2_702_R1_peak_3017_lociStitched	chr1	152029090	152051646	7	10945	15802.7336	2492.438	558	1
8_MV411_DMSO_8h_2_702_R1_peak_6519_lociStitched	chr10	96632617	96674139	8	17888	17887.6776	4588.181	559	1
12_MV411_DMSO_8h_2_702_R1_peak_15021_lociStitched	chr15	25761206	25813626	12	17300	18703.456	5414.986	560	1
5_MV411_DMSO_8h_2_702_R1_peak_19158_lociStitched	chr17	8191902	8228023	5	10258	17005.7668	3727.6872	561	1
8_MV411_DMSO_8h_2_702_R1_peak_17871_lociStitched	chr16	50245403	50284660	8	13217	17952.2261	4683.3601	562	1
3_MV411_DMSO_8h_2_702_R1_peak_10168_lociStitched	chr12	13089837	13103192	3	7741	14614.3765	1347.5195	563	1
MV411_DMSO_8h_2_702_R1_peak_21435	chr17	82211962	82219012	1	7051	14122.56	879.135	564	1
6_MV411_DMSO_8h_2_702_R1_peak_13499_lociStitched	chr14	22822403	22853668	6	10216	16967.5155	3748.6735	565	1
9_MV411_DMSO_8h_2_702_R1_peak_7323_lociStitched	chr11	3013263	3058075	9	17297	18198.1532	5014.4628	566	1
3_MV411_DMSO_8h_2_702_R1_peak_47722_lociStitched	chr8	143276150	143292164	3	7223	15809.0208	2632.7016	567	1
5_MV411_DMSO_8h_2_702_R1_peak_4135_lociStitched	chr1	204481437	204521831	5	10477	17692.572	4520.0886	568	1
11_MV411_DMSO_8h_2_702_R1_peak_14631_lociStitched	chr14	92645678	92676771	11	15751	16920.8106	3768.4716	569	1
8_MV411_DMSO_8h_2_702_R1_peak_21467_lociStitched	chr17	82587518	82628542	8	10720	17939.7952	4791.6032	570	1
12_MV411_DMSO_8h_2_702_R1_peak_43123_lociStitched	chr7	6352272	6396941	12	12307	17528.1156	4408.8303	571	1
10_MV411_DMSO_8h_2_702_R1_peak_25322_lociStitched	chr2	37634279	37675988	10	12516	17601.198	4504.572	572	1
8_MV411_DMSO_8h_2_702_R1_peak_40705_lociStitched	chr6	28900698	28941955	8	11347	17294.9344	4232.9682	573	1
1_MV411_DMSO_8h_2_702_R1_peak_46178_lociStitched	chr8	47734185	47739124	1	4940	13906.7423	873.2152	574	1
3_MV411_DMSO_8h_2_702_R1_peak_20495_lociStitched	chr17	56908163	56920666	3	10243	14693.5256	1671.6511	575	1
5_MV411_DMSO_8h_2_702_R1_peak_41934_lociStitched	chr6	110859107	110883607	5	8313	15319.85	2305.45	576	1
MV411_DMSO_8h_2_702_R1_peak_22583	chr19	1939670	1944374	1	4705	13685.3472	671.7312	577	1
6_MV411_DMSO_8h_2_702_R1_peak_11766_lociStitched	chr12	110577575	110606650	6	9666	15822.615	2820.275	578	1
12_MV411_DMSO_8h_2_702_R1_peak_33125_lociStitched	chr3	46183705	46236749	12	13472	19037.4916	6062.9292	579	1
8_MV411_DMSO_8h_2_702_R1_peak_31287_lociStitched	chr22	24132237	24157630	8	13550	15974.7363	3019.2277	580	1
1_MV411_DMSO_8h_2_702_R1_peak_46526_lociStitched	chr8	73292073	73297071	1	4999	13599.0582	643.7424	581	1
2_MV411_DMSO_8h_2_702_R1_peak_28892_lociStitched	chr20	4810635	4830105	2	9251	15209.964	2307.195	582	1
3_MV411_DMSO_8h_2_702_R1_peak_46185_lociStitched	chr8	47958788	47970566	3	7487	14631.8094	1777.3002	583	1
3_MV411_DMSO_8h_2_702_R1_peak_7804_lociStitched	chr11	34044553	34055184	3	6383	13892.5908	1038.6487	584	1
7_MV411_DMSO_8h_2_702_R1_peak_9925_lociStitched	chr12	6602998	6645231	7	11132	17598.4911	4772.329	585	1
4_MV411_DMSO_8h_2_702_R1_peak_23421_lociStitched	chr19	17738747	17765849	4	11343	17193.5088	4368.8424	586	1
11_MV411_DMSO_8h_2_702_R1_peak_28475_lociStitched	chr2	233221347	233262702	11	13335	17191.2735	4371.2235	587	1
8_MV411_DMSO_8h_2_702_R1_peak_28367_lociStitched	chr2	231290267	231326421	8	17448	16594.686	3788.9392	588	1
2_MV411_DMSO_8h_2_702_R1_peak_46474_lociStitched	chr8	66918194	66926806	2	4862	14214.9672	1420.98	589	1
4_MV411_DMSO_8h_2_702_R1_peak_36086_lociStitched	chr4	47365092	47383086	4	11294	14539.152	1767.0108	590	1
5_MV411_DMSO_8h_2_702_R1_peak_40988_lociStitched	chr6	35467792	35494749	5	9849	16209.2441	3458.5831	591	1
4_MV411_DMSO_8h_2_702_R1_peak_34341_lociStitched	chr3	129176971	129196594	4	7407	14422.905	1681.6911	592	1
6_MV411_DMSO_8h_2_702_R1_peak_15334_lociStitched	chr15	42270355	42287488	6	10822	14456.8254	1747.566	593	1
11_MV411_DMSO_8h_2_702_R1_peak_31843_lociStitched	chr22	40412163	40455029	11	14959	17519.3342	4813.8518	594	1
3_MV411_DMSO_8h_2_702_R1_peak_50324_lociStitched	chrX	38800529	38817606	3	8993	13408.8604	730.8956	595	1
5_MV411_DMSO_8h_2_702_R1_peak_50209_lociStitched	chrX	19859938	19888615	5	17402	14040.2592	1402.3053	596	1
9_MV411_DMSO_8h_2_702_R1_peak_13476_lociStitched	chr14	22532703	22565400	9	12659	16492.3668	3868.0551	597	1
6_MV411_DMSO_8h_2_702_R1_peak_8569_lociStitched	chr11	66432508	66470092	6	12013	16574.544	3972.6288	598	1
4_MV411_DMSO_8h_2_702_R1_peak_25827_lociStitched	chr2	60544406	60557545	4	9165	14073.1829	1474.1958	599	1
8_MV411_DMSO_8h_2_702_R1_peak_28064_lociStitched	chr2	216475100	216505932	8	12848	16242.2976	3644.3424	600	1
6_MV411_DMSO_8h_2_702_R1_peak_3588_lociStitched	chr1	178118684	178138110	6	14809	14431.5754	1859.0682	601	1
9_MV411_DMSO_8h_2_702_R1_peak_1081_lociStitched	chr1	31921989	31961938	9	13079	16562.8554	4006.8847	602	1
9_MV411_DMSO_8h_2_702_R1_peak_22898_lociStitched	chr19	7332545	7369887	9	11224	18390.935	5836.5546	603	1
1_MV411_DMSO_8h_2_702_R1_peak_3318_lociStitched	chr1	161044058	161049043	1	4986	13172.364	662.5065	604	1
1_MV411_DMSO_8h_2_702_R1_peak_24653_lociStitched	chr19	55674126	55681067	1	6942	13750.8151	1243.8272	605	1
10_MV411_DMSO_8h_2_702_R1_peak_46257_lociStitched	chr8	54231334	54278633	10	9304	19387.8601	6886.7344	606	1
5_MV411_DMSO_8h_2_702_R1_peak_820_lociStitched	chr1	26274308	26291421	5	12767	14638.4602	2173.351	607	1
2_MV411_DMSO_8h_2_702_R1_peak_24095_lociStitched	chr19	44585250	44594063	2	8458	13856.6799	1410.9613	608	1
2_MV411_DMSO_8h_2_702_R1_peak_17940_lociStitched	chr16	54266790	54287511	2	9309	14668.3959	2239.9401	609	1
11_MV411_DMSO_8h_2_702_R1_peak_4245_lociStitched	chr1	207823731	207876036	11	13892	18055.686	5664.6315	610	1
4_MV411_DMSO_8h_2_702_R1_peak_29912_lociStitched	chr20	48708314	48725520	4	10404	14415.1868	2033.7492	611	1
3_MV411_DMSO_8h_2_702_R1_peak_9898_lociStitched	chr12	6323477	6343123	3	8243	14862.199	2530.4048	612	1
9_MV411_DMSO_8h_2_702_R1_peak_18235_lociStitched	chr16	68247066	68301119	9	14209	17886.1377	5578.2696	613	1
2_MV411_DMSO_8h_2_702_R1_peak_37855_lociStitched	chr5	43037619	43043611	2	5588	13037.9928	742.4088	614	1
3_MV411_DMSO_8h_2_702_R1_peak_5866_lociStitched	chr10	68327754	68337273	3	6990	13270.4379	976.6494	615	1
9_MV411_DMSO_8h_2_702_R1_peak_14782_lociStitched	chr14	100031450	100079772	9	14939	17444.242	5155.9574	616	1
MV411_DMSO_8h_2_702_R1_peak_16676	chr15	92899443	92908783	1	9341	13304.83	1033.004	617	1
1_MV411_DMSO_8h_2_702_R1_peak_10820_lociStitched	chr12	53294717	53300923	1	6207	12951.3014	690.1072	618	1
12_MV411_DMSO_8h_2_702_R1_peak_29382_lociStitched	chr20	32497344	32540758	12	19946	17209.3096	4966.5616	619	1
5_MV411_DMSO_8h_2_702_R1_peak_5214_lociStitched	chr10	12178156	12197701	5	15388	14013.765	1821.594	620	1
MV411_DMSO_8h_2_702_R1_peak_24629	chr19	55383164	55387654	1	4491	12953.65	762.851	621	1
8_MV411_DMSO_8h_2_702_R1_peak_289_lociStitched	chr1	9626470	9676955	8	10899	17503.1495	5321.119	622	1
5_MV411_DMSO_8h_2_702_R1_peak_35180_lociStitched	chr3	185927542	185943579	5	10853	13865.5902	1693.5072	623	1
4_MV411_DMSO_8h_2_702_R1_peak_8774_lociStitched	chr11	73138323	73158305	4	10493	14716.743	2549.7032	624	1
3_MV411_DMSO_8h_2_702_R1_peak_12151_lociStitched	chr12	122062705	122091775	3	10300	15380.937	3215.142	625	1
2_MV411_DMSO_8h_2_702_R1_peak_46830_lociStitched	chr8	97639099	97647348	2	6151	13584.4532	1440.2754	626	1
1_MV411_DMSO_8h_2_702_R1_peak_29896_lociStitched	chr20	47997400	48008632	1	11233	13425.6096	1281.5712	627	1
3_MV411_DMSO_8h_2_702_R1_peak_24229_lociStitched	chr19	46846247	46862813	3	8107	14927.6226	2793.0276	628	1
7_MV411_DMSO_8h_2_702_R1_peak_7595_lociStitched	chr11	14533410	14560278	7	13143	14524.8408	2391.252	629	1
7_MV411_DMSO_8h_2_702_R1_peak_36217_lociStitched	chr4	61199837	61213358	7	8570	13254.6363	1141.1724	630	1
2_MV411_DMSO_8h_2_702_R1_peak_24123_lociStitched	chr19	44939325	44948649	2	7391	13594.392	1499.2992	631	1
2_MV411_DMSO_8h_2_702_R1_peak_26024_lociStitched	chr2	68246223	68254195	2	6115	12900.2904	809.9552	632	1
3_MV411_DMSO_8h_2_702_R1_peak_3699_lociStitched	chr1	182143574	182153866	3	8695	13243.7456	1156.8208	633	1
1_MV411_DMSO_8h_2_702_R1_peak_26343_lociStitched	chr2	85537260	85541716	1	4457	12625.1848	543.632	634	1
5_MV411_DMSO_8h_2_702_R1_peak_35944_lociStitched	chr4	37747597	37761576	5	10729	13503.714	1424.4601	635	1
4_MV411_DMSO_8h_2_702_R1_peak_43806_lociStitched	chr7	50303600	50316791	4	9339	13594.6446	1534.1133	636	1
5_MV411_DMSO_8h_2_702_R1_peak_22385_lociStitched	chr18	76545840	76574229	5	13321	15642.339	3585.5307	637	1
9_MV411_DMSO_8h_2_702_R1_peak_42693_lociStitched	chr6	159091052	159122044	9	11007	15434.016	3390.5248	638	1
3_MV411_DMSO_8h_2_702_R1_peak_30662_lociStitched	chr21	33530271	33546199	3	7062	13371.556	1331.5808	639	1
8_MV411_DMSO_8h_2_702_R1_peak_44488_lociStitched	chr7	101716936	101748019	8	9905	15389.1933	3353.8557	640	1
8_MV411_DMSO_8h_2_702_R1_peak_48904_lociStitched	chr9	105187477	105214357	8	12126	14942.592	2943.36	641	1
4_MV411_DMSO_8h_2_702_R1_peak_8796_lociStitched	chr11	73375937	73393300	4	14159	14156.0539	2159.9572	642	1
3_MV411_DMSO_8h_2_702_R1_peak_42985_lociStitched	chr7	2350790	2358858	3	4995	12855.5512	882.6392	643	1
2_MV411_DMSO_8h_2_702_R1_peak_41203_lociStitched	chr6	41934431	41943100	2	8385	13215.0236	1245.7353	644	1
2_MV411_DMSO_8h_2_702_R1_peak_22717_lociStitched	chr19	4399104	4405420	2	6036	12870.1132	912.0304	645	1
9_MV411_DMSO_8h_2_702_R1_peak_49343_lociStitched	chr9	124196588	124224056	9	14141	15220.0188	3271.4388	646	1
4_MV411_DMSO_8h_2_702_R1_peak_32379_lociStitched	chr3	9395354	9423280	4	8636	14373.5122	2426.7694	647	1
4_MV411_DMSO_8h_2_702_R1_peak_2528_lociStitched	chr1	112611145	112635313	4	5768	14396.8776	2450.6352	648	1
2_MV411_DMSO_8h_2_702_R1_peak_4391_lociStitched	chr1	219081635	219092487	2	7785	12930.158	1008.1508	649	1
9_MV411_DMSO_8h_2_702_R1_peak_26890_lociStitched	chr2	119351376	119403239	9	14005	17073.2996	5160.3685	650	1
4_MV411_DMSO_8h_2_702_R1_peak_3117_lociStitched	chr1	154999374	155018103	4	13086	14396.9823	2485.3383	651	1
14_MV411_DMSO_8h_2_702_R1_peak_20785_lociStitched	chr17	64323959	64359714	14	15894	15810.861	3908.0215	652	1
3_MV411_DMSO_8h_2_702_R1_peak_22434_lociStitched	chr18	79393186	79406508	3	9216	13325.9966	1428.1184	653	1
4_MV411_DMSO_8h_2_702_R1_peak_49566_lociStitched	chr9	129402501	129416865	4	5490	13737.7296	1845.774	654	1
14_MV411_DMSO_8h_2_702_R1_peak_49687_lociStitched	chr9	131620562	131678156	14	15774	18602.862	6726.9792	655	1
2_MV411_DMSO_8h_2_702_R1_peak_7679_lociStitched	chr11	18382185	18396995	2	6748	13297.899	1423.241	656	1
7_MV411_DMSO_8h_2_702_R1_peak_45082_lociStitched	chr7	143372227	143387892	7	10218	13965.3475	2094.4105	657	1
2_MV411_DMSO_8h_2_702_R1_peak_22361_lociStitched	chr18	75207543	75217177	2	5836	12857.5364	987.485	658	1
4_MV411_DMSO_8h_2_702_R1_peak_6939_lociStitched	chr10	119071534	119090936	4	6600	13354.3966	1501.7148	659	1
3_MV411_DMSO_8h_2_702_R1_peak_47141_lociStitched	chr8	116749816	116769420	3	6655	14773.5744	2926.8772	660	1
2_MV411_DMSO_8h_2_702_R1_peak_37644_lociStitched	chr5	32165600	32175550	2	5545	12933.01	1087.535	661	1
9_MV411_DMSO_8h_2_702_R1_peak_19061_lociStitched	chr17	6912488	6950847	9	12541	15857.6106	4012.3514	662	1
6_MV411_DMSO_8h_2_702_R1_peak_16634_lociStitched	chr15	91243418	91267362	6	9349	14395.1328	2550.036	663	1
4_MV411_DMSO_8h_2_702_R1_peak_4916_lociStitched	chr1	243244378	243269164	4	10674	13971.8682	2158.8606	664	1
3_MV411_DMSO_8h_2_702_R1_peak_13009_lociStitched	chr13	46161630	46182819	3	15804	12615.9306	830.6088	665	1
9_MV411_DMSO_8h_2_702_R1_peak_7643_lociStitched	chr11	16785273	16815819	9	12630	15312.7098	3531.1176	666	1
1_MV411_DMSO_8h_2_702_R1_peak_2603_lociStitched	chr1	115975594	115983750	1	8157	12742.9344	965.6704	667	1
1_MV411_DMSO_8h_2_702_R1_peak_40763_lociStitched	chr6	30716203	30722654	1	6452	12410.4338	637.3588	668	1
5_MV411_DMSO_8h_2_702_R1_peak_5779_lociStitched	chr10	62616431	62643673	5	10747	14694.3348	2923.0666	669	1
1_MV411_DMSO_8h_2_702_R1_peak_47739_lociStitched	chr8	143543396	143549446	1	6051	12737.065	966.185	670	1
4_MV411_DMSO_8h_2_702_R1_peak_32178_lociStitched	chr22	49959479	49971963	4	7870	12963.3856	1204.706	671	1
2_MV411_DMSO_8h_2_702_R1_peak_47943_lociStitched	chr9	6405750	6415818	2	5972	12834.6864	1078.2828	672	1
2_MV411_DMSO_8h_2_702_R1_peak_45358_lociStitched	chr8	2000802	2007329	2	6210	12834.6928	1080.2185	673	1
2_MV411_DMSO_8h_2_702_R1_peak_9559_lociStitched	chr11	123059519	123070722	2	6270	12936.1041	1197.6007	674	1
3_MV411_DMSO_8h_2_702_R1_peak_32045_lociStitched	chr22	45158545	45178431	3	7921	13773.0436	2050.2466	675	1
8_MV411_DMSO_8h_2_702_R1_peak_9351_lociStitched	chr11	114078916	114111872	8	10859	15205.8984	3483.4492	676	1
6_MV411_DMSO_8h_2_702_R1_peak_49350_lociStitched	chr9	124257594	124287311	6	10334	15654.9156	3937.5025	677	1
6_MV411_DMSO_8h_2_702_R1_peak_46931_lociStitched	chr8	101686952	101721667	6	12355	16940.92	5238.4935	678	1
4_MV411_DMSO_8h_2_702_R1_peak_32637_lociStitched	chr3	17731979	17752726	4	6798	13773.9333	2072.6253	679	1
8_MV411_DMSO_8h_2_702_R1_peak_3842_lociStitched	chr1	186819055	186850092	8	11159	14441.5161	2740.5671	680	1
5_MV411_DMSO_8h_2_702_R1_peak_7052_lociStitched	chr10	124631783	124651886	5	12623	14136.4296	2448.5454	681	1
5_MV411_DMSO_8h_2_702_R1_peak_24281_lociStitched	chr19	48321145	48334654	5	7707	14041.2546	2357.3205	682	1
13_MV411_DMSO_8h_2_702_R1_peak_18375_lociStitched	chr16	75062234	75111816	13	14419	17517.3206	5860.5924	683	1
9_MV411_DMSO_8h_2_702_R1_peak_41413_lociStitched	chr6	52287222	52353548	9	14812	18445.2606	6791.7824	684	1
5_MV411_DMSO_8h_2_702_R1_peak_26863_lociStitched	chr2	113886182	113903612	5	10114	13332.207	1694.196	685	1
7_MV411_DMSO_8h_2_702_R1_peak_43133_lociStitched	chr7	6422270	6444951	7	12371	14028.1985	2390.5774	686	1
8_MV411_DMSO_8h_2_702_R1_peak_14368_lociStitched	chr14	77528762	77566849	8	11424	15238.6087	3618.265	687	1
2_MV411_DMSO_8h_2_702_R1_peak_4538_lociStitched	chr1	225996032	226004329	2	7152	12506.0681	912.67	688	1
6_MV411_DMSO_8h_2_702_R1_peak_17933_lociStitched	chr16	54048874	54074450	6	10965	14238.1592	2647.116	689	1
12_MV411_DMSO_8h_2_702_R1_peak_11855_lociStitched	chr12	113194663	113242080	12	10914	16842.5184	5258.5453	690	1
4_MV411_DMSO_8h_2_702_R1_peak_44996_lociStitched	chr7	139354606	139382541	4	6768	14093.2075	2514.15	691	1
13_MV411_DMSO_8h_2_702_R1_peak_3679_lociStitched	chr1	181099280	181153657	13	12019	17737.7774	6182.6649	692	1
6_MV411_DMSO_8h_2_702_R1_peak_1453_lociStitched	chr1	42923945	42953170	6	18237	15018.7275	3469.0075	693	1
5_MV411_DMSO_8h_2_702_R1_peak_39896_lociStitched	chr5	180801875	180821776	5	9884	13723.7296	2177.1694	694	1
3_MV411_DMSO_8h_2_702_R1_peak_17732_lociStitched	chr16	30758179	30781018	3	7723	14331.4725	2804.6292	695	1
3_MV411_DMSO_8h_2_702_R1_peak_20372_lociStitched	chr17	49673829	49696829	3	6462	13963.3	2438	696	1
5_MV411_DMSO_8h_2_702_R1_peak_13604_lociStitched	chr14	31192829	31209719	5	8366	12944.496	1433.961	697	1
5_MV411_DMSO_8h_2_702_R1_peak_15819_lociStitched	chr15	64089125	64113717	5	9443	14056.7872	2555.1088	698	1
3_MV411_DMSO_8h_2_702_R1_peak_4131_lociStitched	chr1	204407491	204427377	3	8973	13623.8986	2137.745	699	1
3_MV411_DMSO_8h_2_702_R1_peak_45896_lociStitched	chr8	30089035	30112964	3	7287	15070.4842	3586.9571	700	1
6_MV411_DMSO_8h_2_702_R1_peak_8669_lociStitched	chr11	68826003	68856012	6	10836	14503.3497	3021.9063	701	1
4_MV411_DMSO_8h_2_702_R1_peak_18550_lociStitched	chr16	85523456	85538523	4	7763	13355.3888	1880.3616	702	1
7_MV411_DMSO_8h_2_702_R1_peak_30301_lociStitched	chr20	62715733	62741261	7	12076	14533.0904	3060.8072	703	1
6_MV411_DMSO_8h_2_702_R1_peak_7986_lociStitched	chr11	46209888	46248988	6	8412	15628.27	4160.24	704	1
7_MV411_DMSO_8h_2_702_R1_peak_48070_lociStitched	chr9	25988361	26013340	7	12702	13960.7631	2492.9042	705	1
4_MV411_DMSO_8h_2_702_R1_peak_21249_lociStitched	chr17	78375537	78392003	4	13060	13413.2036	1951.221	706	1
2_MV411_DMSO_8h_2_702_R1_peak_32200_lociStitched	chr22	50301327	50315064	2	9710	13133.9457	1684.1562	707	1
3_MV411_DMSO_8h_2_702_R1_peak_22550_lociStitched	chr19	1406350	1416273	3	5839	13201.5592	1757.3633	708	1
6_MV411_DMSO_8h_2_702_R1_peak_13644_lociStitched	chr14	34866036	34885072	6	7362	13294.7424	1867.4316	709	1
7_MV411_DMSO_8h_2_702_R1_peak_46378_lociStitched	chr8	60885544	60928307	7	8944	18819.9963	7397.999	710	1
4_MV411_DMSO_8h_2_702_R1_peak_29860_lociStitched	chr20	47352207	47361016	4	7393	12541.3733	1130.1947	711	1
2_MV411_DMSO_8h_2_702_R1_peak_42307_lociStitched	chr6	139372081	139379933	2	6117	12165.1036	787.5556	712	1
5_MV411_DMSO_8h_2_702_R1_peak_20623_lociStitched	chr17	59828296	59849669	5	14123	13441.4797	2064.6318	713	1
8_MV411_DMSO_8h_2_702_R1_peak_26332_lociStitched	chr2	85402134	85446028	8	12873	16328.568	4960.022	714	1
3_MV411_DMSO_8h_2_702_R1_peak_38387_lociStitched	chr5	88813090	88830898	3	17214	12832.4448	1474.5024	715	1
3_MV411_DMSO_8h_2_702_R1_peak_43006_lociStitched	chr7	2631954	2646147	3	11440	12983.7564	1630.7757	716	1
2_MV411_DMSO_8h_2_702_R1_peak_50775_lociStitched	chrX	107673118	107686988	2	10447	12279.111	926.516	717	1
8_MV411_DMSO_8h_2_702_R1_peak_45253_lociStitched	chr7	155741308	155773201	8	11139	14791.9734	3441.2547	718	1
11_MV411_DMSO_8h_2_702_R1_peak_35075_lociStitched	chr3	183258087	183314582	11	13459	17665.9865	6321.7905	719	1
1_MV411_DMSO_8h_2_702_R1_peak_22488_lociStitched	chr19	796419	802203	1	5785	12296.784	952.6248	720	1
MV411_DMSO_8h_2_702_R1_peak_2878	chr1	149883219	149889748	1	6530	11990.5085	650.2884	721	1
2_MV411_DMSO_8h_2_702_R1_peak_18560_lociStitched	chr16	85600185	85617383	2	7109	13607.0576	2271.8558	722	1
5_MV411_DMSO_8h_2_702_R1_peak_50112_lociStitched	chrX	13077000	13093125	5	11776	12332.4	998.1375	723	1
5_MV411_DMSO_8h_2_702_R1_peak_1236_lociStitched	chr1	36350510	36402215	5	13491	17352.198	6028.803	724	1
1_MV411_DMSO_8h_2_702_R1_peak_36624_lociStitched	chr4	102824401	102829376	1	4976	11869.355	555.7075	725	1
10_MV411_DMSO_8h_2_702_R1_peak_26029_lociStitched	chr2	68362221	68392005	10	12448	14784.7776	3475.7928	726	1
10_MV411_DMSO_8h_2_702_R1_peak_1143_lociStitched	chr1	33018297	33062616	10	15550	15923.8167	4622.4717	727	1
11_MV411_DMSO_8h_2_702_R1_peak_40394_lociStitched	chr6	15872184	15907985	11	14083	15032.8399	3734.0443	728	1
6_MV411_DMSO_8h_2_702_R1_peak_21497_lociStitched	chr17	83193888	83207507	6	7845	12620.7273	1329.2144	729	1
13_MV411_DMSO_8h_2_702_R1_peak_2849_lociStitched	chr1	149585383	149620789	13	13387	11510.4906	230.139	730	1
6_MV411_DMSO_8h_2_702_R1_peak_15676_lociStitched	chr15	57278816	57307426	6	13061	14356.498	3089.88	731	1
5_MV411_DMSO_8h_2_702_R1_peak_26528_lociStitched	chr2	98454150	98478019	5	8741	14097.0314	2833.2503	732	1
6_MV411_DMSO_8h_2_702_R1_peak_44020_lociStitched	chr7	74631919	74661061	6	9322	14122.2132	2861.7444	733	1
2_MV411_DMSO_8h_2_702_R1_peak_18658_lociStitched	chr16	87947836	87956969	2	7244	12482.0711	1227.4752	734	1
3_MV411_DMSO_8h_2_702_R1_peak_22918_lociStitched	chr19	7644551	7659336	3	8138	14048.707	2797.322	735	1
7_MV411_DMSO_8h_2_702_R1_peak_40748_lociStitched	chr6	30500851	30532967	7	10109	14086.0776	2874.382	736	1
3_MV411_DMSO_8h_2_702_R1_peak_1565_lociStitched	chr1	46288882	46307855	3	5869	13311.4568	2104.1057	737	1
2_MV411_DMSO_8h_2_702_R1_peak_23066_lociStitched	chr19	10564727	10572482	2	5949	12318.042	1117.4955	738	1
2_MV411_DMSO_8h_2_702_R1_peak_32794_lociStitched	chr3	28341854	28350072	2	7239	11894.7332	697.7082	739	1
6_MV411_DMSO_8h_2_702_R1_peak_12886_lociStitched	chr13	36395634	36422932	6	8700	16220.4716	5047.4002	740	1
4_MV411_DMSO_8h_2_702_R1_peak_10412_lociStitched	chr12	31317154	31326913	4	7642	12012.3531	880.2618	741	1
8_MV411_DMSO_8h_2_702_R1_peak_21267_lociStitched	chr17	78735899	78761407	8	12873	13506.486	2384.998	742	1
3_MV411_DMSO_8h_2_702_R1_peak_6979_lociStitched	chr10	119768315	119788066	3	7294	13009.9837	1900.0462	743	1
2_MV411_DMSO_8h_2_702_R1_peak_10575_lociStitched	chr12	46370070	46387777	2	8603	13282.0207	2185.0438	744	1
1_MV411_DMSO_8h_2_702_R1_peak_9401_lociStitched	chr11	117094928	117099540	1	4613	11711.2516	615.2408	745	1
7_MV411_DMSO_8h_2_702_R1_peak_36109_lociStitched	chr4	48192842	48233571	7	17599	14914.9598	3824.4531	746	1
19_MV411_DMSO_8h_2_702_R1_peak_21642_lociStitched	chr18	9734993	9804759	19	16582	18550.7794	7471.9386	747	1
MV411_DMSO_8h_2_702_R1_peak_16669	chr15	92881358	92888102	1	6745	11749.3968	671.7024	748	1
2_MV411_DMSO_8h_2_702_R1_peak_47211_lociStitched	chr8	120734374	120750893	2	7826	13813.1878	2738.8502	749	1
14_MV411_DMSO_8h_2_702_R1_peak_34243_lociStitched	chr3	127728713	127787299	14	16827	18144.0842	7071.3302	750	1
5_MV411_DMSO_8h_2_702_R1_peak_5028_lociStitched	chr1	247406896	247421172	5	11456	12461.5204	1390.4824	751	1
2_MV411_DMSO_8h_2_702_R1_peak_40760_lociStitched	chr6	30679849	30688421	2	7776	12277.6756	1214.6524	752	1
3_MV411_DMSO_8h_2_702_R1_peak_27116_lociStitched	chr2	137959808	137982274	3	10255	13124.6372	2080.3516	753	1
6_MV411_DMSO_8h_2_702_R1_peak_28329_lociStitched	chr2	230658721	230679140	6	9932	13158.0036	2115.4084	754	1
2_MV411_DMSO_8h_2_702_R1_peak_34448_lociStitched	chr3	136191222	136198124	2	6394	11749.2746	711.5962	755	1
6_MV411_DMSO_8h_2_702_R1_peak_40967_lociStitched	chr6	35025769	35059244	6	11748	14939.8925	3909.88	756	1
7_MV411_DMSO_8h_2_702_R1_peak_3941_lociStitched	chr1	198917475	198938145	7	13693	12815.4	1794.156	757	1
3_MV411_DMSO_8h_2_702_R1_peak_49497_lociStitched	chr9	128070757	128099288	3	11242	14042.9582	3061.3763	758	1
7_MV411_DMSO_8h_2_702_R1_peak_3991_lociStitched	chr1	201010039	201042790	7	14471	15013.0584	4031.6481	759	1
7_MV411_DMSO_8h_2_702_R1_peak_12765_lociStitched	chr13	31896559	31931118	7	8366	18077.8129	7098.4186	760	1
11_MV411_DMSO_8h_2_702_R1_peak_33105_lociStitched	chr3	45623090	45680858	11	12176	17278.4088	6314.0424	761	1
2_MV411_DMSO_8h_2_702_R1_peak_24141_lociStitched	chr19	45086706	45098451	2	5932	13049.8695	2087.0865	762	1
2_MV411_DMSO_8h_2_702_R1_peak_22503_lociStitched	chr19	920489	928756	2	4384	12333.5373	1379.7623	763	1
7_MV411_DMSO_8h_2_702_R1_peak_21144_lociStitched	chr17	76244489	76272930	7	9306	14502.0659	3552.2809	764	1
1_MV411_DMSO_8h_2_702_R1_peak_17048_lociStitched	chr16	4613160	4618043	1	4884	11541.4588	592.7962	765	1
6_MV411_DMSO_8h_2_702_R1_peak_42931_lociStitched	chr7	949778	967285	6	10154	12904.4097	1966.0361	766	1
MV411_DMSO_8h_2_702_R1_peak_8578	chr11	66615615	66620642	1	5028	11601.8133	670.0991	767	1
7_MV411_DMSO_8h_2_702_R1_peak_43043_lociStitched	chr7	4704821	4758652	7	12136	16509.9677	5582.2747	768	1
7_MV411_DMSO_8h_2_702_R1_peak_23439_lociStitched	chr19	18104163	18129421	7	9613	15081.5518	4162.5184	769	1
3_MV411_DMSO_8h_2_702_R1_peak_24021_lociStitched	chr19	42196637	42209171	3	10328	13109.3106	2199.717	770	1
11_MV411_DMSO_8h_2_702_R1_peak_17474_lociStitched	chr16	23852782	23882535	11	13476	14108.8726	3207.3734	771	1
9_MV411_DMSO_8h_2_702_R1_peak_51052_lociStitched	chrX	149501642	149532461	9	11830	12299.8629	1402.2645	772	1
2_MV411_DMSO_8h_2_702_R1_peak_20728_lociStitched	chr17	63696850	63702960	2	5769	11739.754	846.235	773	1
3_MV411_DMSO_8h_2_702_R1_peak_40565_lociStitched	chr6	26113329	26128784	3	6524	12172.358	1281.2195	774	1
1_MV411_DMSO_8h_2_702_R1_peak_16220_lociStitched	chr15	75449966	75456550	1	6585	11588.4984	731.4824	775	1
1_MV411_DMSO_8h_2_702_R1_peak_27918_lociStitched	chr2	202907491	202913318	1	5828	11324.7745	475.4832	776	1
5_MV411_DMSO_8h_2_702_R1_peak_34647_lociStitched	chr3	151870445	151903935	5	10434	13667.269	2819.858	777	1
12_MV411_DMSO_8h_2_702_R1_peak_22836_lociStitched	chr19	6555465	6604136	12	12913	18246.7579	7422.3275	778	1
7_MV411_DMSO_8h_2_702_R1_peak_41175_lociStitched	chr6	41271315	41303163	7	11284	14560.9056	3738.9552	779	1
MV411_DMSO_8h_2_702_R1_peak_19114	chr17	7578113	7585612	1	7500	11634.6985	818.1409	780	1
6_MV411_DMSO_8h_2_702_R1_peak_31480_lociStitched	chr22	30263085	30284592	6	12831	13644.0408	2849.6775	781	1
5_MV411_DMSO_8h_2_702_R1_peak_12438_lociStitched	chr13	21214351	21231588	5	6715	13489.6762	2699.3142	782	1
3_MV411_DMSO_8h_2_702_R1_peak_33280_lociStitched	chr3	49407367	49417066	3	8700	11852.178	1075.6191	783	1
7_MV411_DMSO_8h_2_702_R1_peak_28913_lociStitched	chr20	5046473	5093731	7	11973	15614.0432	4839.2192	784	1
9_MV411_DMSO_8h_2_702_R1_peak_39177_lociStitched	chr5	142973931	143009485	9	8954	13855.3938	3086.0872	785	1
2_MV411_DMSO_8h_2_702_R1_peak_38529_lociStitched	chr5	100889844	100905034	2	8763	11854.276	1102.794	786	1
1_MV411_DMSO_8h_2_702_R1_peak_41262_lociStitched	chr6	43170261	43176504	1	6244	11433.4302	705.459	787	1
6_MV411_DMSO_8h_2_702_R1_peak_18637_lociStitched	chr16	87778033	87807725	6	9086	14008.6856	3298.7812	788	1
2_MV411_DMSO_8h_2_702_R1_peak_41894_lociStitched	chr6	109373371	109385021	2	5503	11937.755	1236.065	789	1
9_MV411_DMSO_8h_2_702_R1_peak_41794_lociStitched	chr6	106117388	106165396	9	9682	16485.9472	5799.3664	790	1
6_MV411_DMSO_8h_2_702_R1_peak_19605_lociStitched	chr17	29116282	29149324	6	12653	14594.6514	3908.8686	791	1
MV411_DMSO_8h_2_702_R1_peak_20174	chr17	44216643	44221855	1	5213	11257.92	582.7016	792	1
4_MV411_DMSO_8h_2_702_R1_peak_34978_lociStitched	chr3	177179659	177202733	4	6223	12960.6658	2298.1704	793	1
4_MV411_DMSO_8h_2_702_R1_peak_42833_lociStitched	chr6	167078599	167095953	4	9685	12106.1504	1443.8528	794	1
2_MV411_DMSO_8h_2_702_R1_peak_21383_lociStitched	chr17	81509625	81519273	2	6041	11734.8624	1074.7872	795	1
MV411_DMSO_8h_2_702_R1_peak_51117	chrX	153968234	153975131	1	6898	11037.2691	385.5423	796	1
MV411_DMSO_8h_2_702_R1_peak_3278	chr1	159921430	159926476	1	5047	11363.0874	729.147	797	1
3_MV411_DMSO_8h_2_702_R1_peak_14350_lociStitched	chr14	77032802	77047848	3	8770	12455.0788	1825.0798	798	1
8_MV411_DMSO_8h_2_702_R1_peak_47221_lociStitched	chr8	120803105	120868762	8	11302	21358.2221	10741.4852	799	1
MV411_DMSO_8h_2_702_R1_peak_13738	chr14	49632276	49636414	1	4139	11054.2532	441.9384	800	1
1_MV411_DMSO_8h_2_702_R1_peak_31895_lociStitched	chr22	41443994	41448532	1	4539	11202.053	595.8394	801	1
2_MV411_DMSO_8h_2_702_R1_peak_1988_lociStitched	chr1	77976050	77993607	2	5734	12328.5254	1722.3417	802	1
1_MV411_DMSO_8h_2_702_R1_peak_7788_lociStitched	chr11	33867129	33875093	1	7965	11621.8652	1022.5776	803	1
8_MV411_DMSO_8h_2_702_R1_peak_14302_lociStitched	chr14	75587159	75619152	8	13670	14345.6612	3752.7789	804	1
13_MV411_DMSO_8h_2_702_R1_peak_22233_lociStitched	chr18	62784048	62839120	13	10610	16631.744	6068.9344	805	1
1_MV411_DMSO_8h_2_702_R1_peak_38806_lociStitched	chr5	132292817	132299257	1	6441	11302.2	748.972	806	1
9_MV411_DMSO_8h_2_702_R1_peak_16196_lociStitched	chr15	75104390	75133760	9	11351	13800.963	3248.322	807	1
12_MV411_DMSO_8h_2_702_R1_peak_43646_lociStitched	chr7	41805158	41840896	12	14083	14323.7904	3777.5066	808	1
8_MV411_DMSO_8h_2_702_R1_peak_16385_lociStitched	chr15	79930869	79982942	8	12772	15455.2664	4920.8985	809	1
5_MV411_DMSO_8h_2_702_R1_peak_47675_lociStitched	chr8	141307237	141330948	5	8205	14997.2075	4469.5235	810	1
5_MV411_DMSO_8h_2_702_R1_peak_29237_lociStitched	chr20	23047534	23068601	5	6967	12804.5226	2281.5561	811	1
1_MV411_DMSO_8h_2_702_R1_peak_46447_lociStitched	chr8	65980005	65985091	1	5087	11296.5146	774.5978	812	1
1_MV411_DMSO_8h_2_702_R1_peak_46976_lociStitched	chr8	102861307	102865421	1	4115	11041.5646	522.0666	813	1
4_MV411_DMSO_8h_2_702_R1_peak_6638_lociStitched	chr10	101059909	101072336	4	5775	12166.033	1646.5775	814	1
9_MV411_DMSO_8h_2_702_R1_peak_21604_lociStitched	chr18	9061596	9117414	9	14005	15735.0942	5224.5648	815	1
4_MV411_DMSO_8h_2_702_R1_peak_40533_lociStitched	chr6	25166959	25183690	4	11771	12401.0172	1893.9492	816	1
4_MV411_DMSO_8h_2_702_R1_peak_20133_lociStitched	chr17	43359901	43373125	4	6404	11805.0648	1298.5968	817	1
13_MV411_DMSO_8h_2_702_R1_peak_11962_lociStitched	chr12	117045551	117085728	13	15182	15194.9414	4688.6559	818	1
4_MV411_DMSO_8h_2_702_R1_peak_5106_lociStitched	chr10	5283339	5299276	4	11362	11831.6288	1329.1458	819	1
2_MV411_DMSO_8h_2_702_R1_peak_1899_lociStitched	chr1	67426723	67434631	2	7144	11142.372	644.502	820	1
1_MV411_DMSO_8h_2_702_R1_peak_24570_lociStitched	chr19	54447731	54451784	1	4054	11351.6424	858.0201	821	1
3_MV411_DMSO_8h_2_702_R1_peak_17489_lociStitched	chr16	24524804	24546913	3	6405	12953.6631	2462.9426	822	1
5_MV411_DMSO_8h_2_702_R1_peak_23627_lociStitched	chr19	29662277	29691060	5	7780	15280.8947	4792.3695	823	1
2_MV411_DMSO_8h_2_702_R1_peak_48194_lociStitched	chr9	34111290	34127830	2	5670	12051.044	1571.3	824	1
4_MV411_DMSO_8h_2_702_R1_peak_19149_lociStitched	chr17	8138094	8158858	4	9173	12960.8888	2481.298	825	1
7_MV411_DMSO_8h_2_702_R1_peak_36823_lociStitched	chr4	123587741	123622048	7	11021	13390.0221	2922.9564	826	1
4_MV411_DMSO_8h_2_702_R1_peak_28117_lociStitched	chr2	218216376	218231025	4	9640	11996.0661	1536.6801	827	1
2_MV411_DMSO_8h_2_702_R1_peak_23601_lociStitched	chr19	28595924	28610235	2	5676	12960.0416	2517.3049	828	1
3_MV411_DMSO_8h_2_702_R1_peak_30515_lociStitched	chr21	25559642	25571965	3	9566	11678.5071	1237.2292	829	1
9_MV411_DMSO_8h_2_702_R1_peak_30243_lociStitched	chr20	59715674	59734042	9	10036	12275.3344	1838.6368	830	1
6_MV411_DMSO_8h_2_702_R1_peak_17715_lociStitched	chr16	30604993	30635688	6	7556	13478.1745	3044.944	831	1
7_MV411_DMSO_8h_2_702_R1_peak_1290_lociStitched	chr1	37995155	38016655	7	12718	12736.6	2309.1	832	1
2_MV411_DMSO_8h_2_702_R1_peak_4031_lociStitched	chr1	202158264	202164927	2	5447	11229.8202	804.8904	833	1
5_MV411_DMSO_8h_2_702_R1_peak_2220_lociStitched	chr1	93344944	93365250	5	9052	12140.9574	1717.8876	834	1
MV411_DMSO_8h_2_702_R1_peak_18688	chr16	88700078	88707407	1	7330	11327.7024	914.6592	835	1
2_MV411_DMSO_8h_2_702_R1_peak_3636_lociStitched	chr1	179950225	179957489	2	6515	11275.1808	862.2368	836	1
1_MV411_DMSO_8h_2_702_R1_peak_10953_lociStitched	chr12	56332905	56340157	1	7253	11316.746	915.9276	837	1
4_MV411_DMSO_8h_2_702_R1_peak_22058_lociStitched	chr18	50297475	50321169	4	7741	12806.607	2409.6798	838	1
5_MV411_DMSO_8h_2_702_R1_peak_2636_lociStitched	chr1	116988587	117012855	5	12675	12813.504	2417.0928	839	1
15_MV411_DMSO_8h_2_702_R1_peak_39188_lociStitched	chr5	143141392	143223960	15	10878	19568.616	9181.5616	840	1
6_MV411_DMSO_8h_2_702_R1_peak_49224_lociStitched	chr9	117714255	117727947	6	9667	11965.4388	1578.6876	841	1
MV411_DMSO_8h_2_702_R1_peak_38901	chr5	135416027	135426569	1	10543	11371.6554	996.219	842	1
1_MV411_DMSO_8h_2_702_R1_peak_39378_lociStitched	chr5	151770151	151775633	1	5483	10983.187	610.1466	843	1
6_MV411_DMSO_8h_2_702_R1_peak_24445_lociStitched	chr19	50718377	50739909	6	6747	13618.99	3249.1788	844	1
5_MV411_DMSO_8h_2_702_R1_peak_39769_lociStitched	chr5	177477585	177502855	5	10603	13676.124	3310.37	845	1
4_MV411_DMSO_8h_2_702_R1_peak_7354_lociStitched	chr11	3817229	3842296	4	13137	13270.4698	2910.2787	846	1
8_MV411_DMSO_8h_2_702_R1_peak_49027_lociStitched	chr9	110142446	110159746	8	12331	12049.45	1723.08	847	1
4_MV411_DMSO_8h_2_702_R1_peak_50502_lociStitched	chrX	49148427	49177458	4	8666	11783.6829	1471.8717	848	1
4_MV411_DMSO_8h_2_702_R1_peak_41165_lociStitched	chr6	41182220	41202462	4	8834	12985.243	2675.9924	849	1
5_MV411_DMSO_8h_2_702_R1_peak_19623_lociStitched	chr17	29549456	29586004	5	9674	14074.6348	3779.0632	850	1
3_MV411_DMSO_8h_2_702_R1_peak_179_lociStitched	chr1	6598057	6610172	3	6106	11676.437	1383.533	851	1
MV411_DMSO_8h_2_702_R1_peak_40566	chr6	26154734	26161332	1	6599	10878.7824	593.82	852	1
1_MV411_DMSO_8h_2_702_R1_peak_19336_lociStitched	chr17	16437965	16443752	1	5788	10951.8975	676.5003	853	1
2_MV411_DMSO_8h_2_702_R1_peak_3582_lociStitched	chr1	178054802	178069741	2	6969	11858.5782	1596.9791	854	1
1_MV411_DMSO_8h_2_702_R1_peak_24224_lociStitched	chr19	46784038	46788629	1	4592	11314.9786	1058.2255	855	1
1_MV411_DMSO_8h_2_702_R1_peak_22665_lociStitched	chr19	3365284	3370560	1	5277	11318.6028	1063.6416	856	1
1_MV411_DMSO_8h_2_702_R1_peak_47382_lociStitched	chr8	127734382	127739955	1	5574	11285.325	1030.4477	857	1
12_MV411_DMSO_8h_2_702_R1_peak_764_lociStitched	chr1	24997552	25047987	12	10599	16058.504	5805.0685	858	1
14_MV411_DMSO_8h_2_702_R1_peak_42227_lociStitched	chr6	136751889	136788037	14	14654	13624.1812	3372.6084	859	1
6_MV411_DMSO_8h_2_702_R1_peak_48681_lociStitched	chr9	93450373	93472596	6	8718	12409.3232	2157.8533	860	1
11_MV411_DMSO_8h_2_702_R1_peak_29113_lociStitched	chr20	17629477	17676028	11	10268	15157.0056	4906.4754	861	1
1_MV411_DMSO_8h_2_702_R1_peak_13728_lociStitched	chr14	45249176	45254948	1	5773	10759.5852	521.7888	862	1
12_MV411_DMSO_8h_2_702_R1_peak_48675_lociStitched	chr9	93092135	93127840	12	11074	14381.974	4148.921	863	1
5_MV411_DMSO_8h_2_702_R1_peak_24106_lociStitched	chr19	44736921	44755044	5	8904	13202.6055	2970.3597	864	1
MV411_DMSO_8h_2_702_R1_peak_40555	chr6	26052422	26058013	1	5592	10780.5662	548.4771	865	1
6_MV411_DMSO_8h_2_702_R1_peak_42923_lociStitched	chr7	905563	936844	6	12182	13747.9995	3519.1125	866	1
MV411_DMSO_8h_2_702_R1_peak_23963	chr19	41406084	41412097	1	6014	11365.7726	1140.6661	867	1
3_MV411_DMSO_8h_2_702_R1_peak_16015_lociStitched	chr15	69717737	69727513	3	9009	11200.3632	990.3088	868	1
6_MV411_DMSO_8h_2_702_R1_peak_11203_lociStitched	chr12	75472382	75493465	6	8063	12145.9163	1941.7443	869	1
1_MV411_DMSO_8h_2_702_R1_peak_40508_lociStitched	chr6	24718077	24722351	1	4275	10566.1828	367.564	870	1
4_MV411_DMSO_8h_2_702_R1_peak_16025_lociStitched	chr15	70094900	70121077	4	7668	12852.907	2654.3478	871	1
7_MV411_DMSO_8h_2_702_R1_peak_40981_lociStitched	chr6	35360630	35379779	7	10451	12404.7222	2215.5393	872	1
MV411_DMSO_8h_2_702_R1_peak_27574	chr2	177211015	177215595	1	4581	10618.272	431.894	873	1
MV411_DMSO_8h_2_702_R1_peak_24160	chr19	45441826	45446353	1	4528	11054.934	871.4475	874	1
1_MV411_DMSO_8h_2_702_R1_peak_31765_lociStitched	chr22	38503348	38507436	1	4089	10516.38	338.8952	875	1
3_MV411_DMSO_8h_2_702_R1_peak_24655_lociStitched	chr19	56111894	56135357	3	4794	13836.1311	3664.9206	876	1
4_MV411_DMSO_8h_2_702_R1_peak_67_lociStitched	chr1	1763340	1784425	4	10439	12450.6925	2306.699	877	1
MV411_DMSO_8h_2_702_R1_peak_24557	chr19	54187727	54192396	1	4670	10907.7178	763.8484	878	1
8_MV411_DMSO_8h_2_702_R1_peak_12275_lociStitched	chr12	124851821	124881561	8	10543	13531.7	3408.204	879	1
4_MV411_DMSO_8h_2_702_R1_peak_46684_lociStitched	chr8	89828310	89856072	4	8201	14311.311	4189.2858	880	1
8_MV411_DMSO_8h_2_702_R1_peak_18397_lociStitched	chr16	77675616	77703555	8	8145	13092.2154	2975.5035	881	1
6_MV411_DMSO_8h_2_702_R1_peak_42300_lociStitched	chr6	139296600	139339801	6	10117	14230.4094	4117.0553	882	1
3_MV411_DMSO_8h_2_702_R1_peak_17347_lociStitched	chr16	18787707	18805138	3	8124	11804.2732	1692.5501	883	1
2_MV411_DMSO_8h_2_702_R1_peak_22920_lociStitched	chr19	7673661	7685124	2	8156	12249.3618	2141.2884	884	1
3_MV411_DMSO_8h_2_702_R1_peak_20398_lociStitched	chr17	50147050	50161629	3	6414	11800.2426	1702.8272	885	1
4_MV411_DMSO_8h_2_702_R1_peak_17417_lociStitched	chr16	21355941	21376680	4	11497	11008.2612	914.5899	886	1
7_MV411_DMSO_8h_2_702_R1_peak_26581_lociStitched	chr2	100173505	100215363	7	9585	15190.2682	5106.676	887	1
4_MV411_DMSO_8h_2_702_R1_peak_41251_lociStitched	chr6	42920786	42932550	4	5846	11658.124	1578.7288	888	1
1_MV411_DMSO_8h_2_702_R1_peak_16956_lociStitched	chr16	2751079	2755305	1	4227	10649.52	591.64	889	1
5_MV411_DMSO_8h_2_702_R1_peak_3773_lociStitched	chr1	183578073	183605466	5	14432	13217.1225	3166.6308	890	1
2_MV411_DMSO_8h_2_702_R1_peak_34823_lociStitched	chr3	167649936	167658054	2	5809	10821.294	774.4572	891	1
13_MV411_DMSO_8h_2_702_R1_peak_26457_lociStitched	chr2	96215206	96261798	13	14231	14965.3504	4929.4336	892	1
3_MV411_DMSO_8h_2_702_R1_peak_25339_lociStitched	chr2	37819177	37830572	3	10863	11307.2585	1273.961	893	1
7_MV411_DMSO_8h_2_702_R1_peak_47605_lociStitched	chr8	138184116	138202050	7	7600	13136.655	3113.3424	894	1
3_MV411_DMSO_8h_2_702_R1_peak_19913_lociStitched	chr17	38685463	38706292	3	7066	12341.1825	2318.2677	895	1
3_MV411_DMSO_8h_2_702_R1_peak_2466_lociStitched	chr1	110336912	110348818	3	6972	11097.5826	1087.0178	896	1
1_MV411_DMSO_8h_2_702_R1_peak_44840_lociStitched	chr7	130204242	130209185	1	4944	10621.0241	617.875	897	1
1_MV411_DMSO_8h_2_702_R1_peak_32022_lociStitched	chr22	44023204	44027795	1	4592	10535.8859	551.3791	898	1
9_MV411_DMSO_8h_2_702_R1_peak_18009_lociStitched	chr16	56950416	57000536	9	9962	15908.088	5924.184	899	1
4_MV411_DMSO_8h_2_702_R1_peak_21441_lociStitched	chr17	82267298	82298978	4	5830	13489.344	3506.976	900	1
5_MV411_DMSO_8h_2_702_R1_peak_44780_lociStitched	chr7	128437027	128458970	5	10618	12476.7898	2497.1134	901	1
3_MV411_DMSO_8h_2_702_R1_peak_17766_lociStitched	chr16	31126941	31143070	3	6207	11948.3632	1972.5767	902	1
2_MV411_DMSO_8h_2_702_R1_peak_14603_lociStitched	chr14	91507817	91517013	2	4344	10760.2396	791.7756	903	1
3_MV411_DMSO_8h_2_702_R1_peak_20603_lociStitched	chr17	59618166	59638383	3	5267	12124.1349	2157.1539	904	1
MV411_DMSO_8h_2_702_R1_peak_40554	chr6	26042091	26052140	1	10050	10853.9249	896.3708	905	1
10_MV411_DMSO_8h_2_702_R1_peak_16280_lociStitched	chr15	76983000	77022639	10	12471	14539.5852	4590.1962	906	1
3_MV411_DMSO_8h_2_702_R1_peak_40361_lociStitched	chr6	15244154	15267567	3	7473	12465.0812	2533.2866	907	1
7_MV411_DMSO_8h_2_702_R1_peak_3148_lociStitched	chr1	155531973	155565547	7	6245	12774.907	2860.5048	908	1
6_MV411_DMSO_8h_2_702_R1_peak_37815_lociStitched	chr5	40483219	40504142	6	9342	12202.2936	2291.0685	909	1
1_MV411_DMSO_8h_2_702_R1_peak_31433_lociStitched	chr22	29266364	29270509	1	4146	10449.1305	548.798	910	1
MV411_DMSO_8h_2_702_R1_peak_22578	chr19	1900643	1906128	1	5486	10821.905	925.868	911	1
8_MV411_DMSO_8h_2_702_R1_peak_6228_lociStitched	chr10	79265685	79295567	8	12214	13715.838	3830.8724	912	1
1_MV411_DMSO_8h_2_702_R1_peak_12743_lociStitched	chr13	31159066	31163524	1	4459	10851.2178	966.4944	913	1
2_MV411_DMSO_8h_2_702_R1_peak_1620_lociStitched	chr1	50967110	50978425	2	6194	11171.2995	1287.647	914	1
5_MV411_DMSO_8h_2_702_R1_peak_558_lociStitched	chr1	19310761	19323257	5	10864	11357.6144	1483.2752	915	1
3_MV411_DMSO_8h_2_702_R1_peak_41570_lociStitched	chr6	75600840	75620027	3	4268	11540.9805	1667.3503	916	1
2_MV411_DMSO_8h_2_702_R1_peak_39971_lociStitched	chr6	2981203	2990873	2	4820	10922.265	1051.129	917	1
8_MV411_DMSO_8h_2_702_R1_peak_20538_lociStitched	chr17	57860555	57900361	8	12393	14660.5498	4800.6036	918	1
3_MV411_DMSO_8h_2_702_R1_peak_49160_lociStitched	chr9	113402941	113417938	3	8758	11577.684	1718.6562	919	1
MV411_DMSO_8h_2_702_R1_peak_22491	chr19	833431	837864	1	4434	10637.4268	782.4245	920	1
1_MV411_DMSO_8h_2_702_R1_peak_7232_lociStitched	chr11	534469	538377	1	3909	10251.4656	424.7996	921	1
1_MV411_DMSO_8h_2_702_R1_peak_48746_lociStitched	chr9	96416627	96421701	1	5075	10326.6048	505.3704	922	1
5_MV411_DMSO_8h_2_702_R1_peak_26618_lociStitched	chr2	101463436	101476403	5	6301	11313.7075	1505.4687	923	1
4_MV411_DMSO_8h_2_702_R1_peak_35614_lociStitched	chr4	2785370	2802351	4	10407	12041.2271	2239.7939	924	1
3_MV411_DMSO_8h_2_702_R1_peak_18888_lociStitched	chr17	2382867	2397506	3	5972	11163.7014	1378.9938	925	1
4_MV411_DMSO_8h_2_702_R1_peak_23913_lociStitched	chr19	40710847	40727105	4	8160	12463.3828	2687.4474	926	1
7_MV411_DMSO_8h_2_702_R1_peak_19922_lociStitched	chr17	38867010	38902000	7	13957	13817.551	4055.341	927	1
