#mp734-MV411_DMSO-H3K27ac-r1 Enhancers
#Created from /home/jeremie/data/MV411_H3K27ac/mp734-MV411_DMSO-H3K27ac-r1_12KB_STITCHED_TSS_DISTAL_ENHANCER_REGION_MAP.txt
#Ranked by mp734.MV411_DMSO.H3K27ac.r1.mLb.clN.sorted.bam
#Using cutoff of 14575.053 for Super-Enhancers
#Created on Jun 01 2020 
REGION_ID	CHROM	START	STOP	NUM_LOCI	CONSTITUENT_SIZE	mp734.MV411_DMSO.H3K27ac.r1.mLb.clN.sorted.bam	INPUT_R1.mLb.clN.sorted.bam	enhancerRank	isSuper
24_MV411-DMSO-8h_2_734_R1_peak_46617_lociStitched	chr5	354472	449058	24	79302	202007.3202	11359.7786	1	1
59_MV411-DMSO-8h_2_734_R1_peak_5862_lociStitched	chr1	234915972	235105824	59	85858	182675.5944	22155.7284	2	1
11_MV411-DMSO-8h_2_734_R1_peak_41021_lociStitched	chr3	18381090	18449586	11	49212	154280.3904	6541.368	3	1
4_MV411-DMSO-8h_2_734_R1_peak_47278_lociStitched	chr5	50630161	50683207	4	50047	147844.5066	3983.7546	4	1
26_MV411-DMSO-8h_2_734_R1_peak_49905_lociStitched	chr6	7106065	7203579	26	62738	154130.6284	10629.026	5	1
30_MV411-DMSO-8h_2_734_R1_peak_19159_lociStitched	chr15	50046118	50147100	30	58068	143152.0832	10320.3604	6	1
59_MV411-DMSO-8h_2_734_R1_peak_12564_lociStitched	chr12	11711345	11864057	59	89726	148940.0136	16492.896	7	1
31_MV411-DMSO-8h_2_734_R1_peak_43411_lociStitched	chr3	152242512	152329584	31	61938	130503.5136	7583.9712	8	1
MV411-DMSO-8h_2_734_R1_peak_34098	chr2	144501852	144525666	1	23815	123889.9536	2588.5818	9	1
38_MV411-DMSO-8h_2_734_R1_peak_28037_lociStitched	chr18	77052481	77134744	38	51930	117759.4845	11023.242	10	1
13_MV411-DMSO-8h_2_734_R1_peak_11405_lociStitched	chr11	94525879	94585015	13	44976	109354.2912	5848.5504	11	1
14_MV411-DMSO-8h_2_734_R1_peak_2674_lociStitched	chr1	92455988	92502747	14	31845	107559.7277	4465.4845	12	1
19_MV411-DMSO-8h_2_734_R1_peak_34100_lociStitched	chr2	144642158	144716736	19	55986	106810.6116	7345.933	13	1
27_MV411-DMSO-8h_2_734_R1_peak_54368_lociStitched	chr7	38215414	38283124	27	45025	104618.721	5877.228	14	1
16_MV411-DMSO-8h_2_734_R1_peak_38456_lociStitched	chr21	34852160	34912807	16	34540	102736.018	6452.8408	15	1
15_MV411-DMSO-8h_2_734_R1_peak_34267_lociStitched	chr2	159591890	159639965	15	34415	96231.7275	3985.4175	16	1
12_MV411-DMSO-8h_2_734_R1_peak_44394_lociStitched	chr3	196609554	196655028	12	30898	95599.9902	4738.3908	17	1
22_MV411-DMSO-8h_2_734_R1_peak_29728_lociStitched	chr19	33241172	33304282	22	34430	99234.164	11984.589	18	1
6_MV411-DMSO-8h_2_734_R1_peak_3896_lociStitched	chr1	156477255	156509140	6	22705	85509.193	3701.8485	19	1
7_MV411-DMSO-8h_2_734_R1_peak_5774_lociStitched	chr1	234598394	234624628	7	18971	83912.0724	2898.857	20	1
29_MV411-DMSO-8h_2_734_R1_peak_7318_lociStitched	chr10	69038434	69102348	29	44386	87140.3476	6851.5808	21	1
14_MV411-DMSO-8h_2_734_R1_peak_59126_lociStitched	chr8	129513951	129557601	14	31399	85684.95	7176.06	22	1
2_MV411-DMSO-8h_2_734_R1_peak_48941_lociStitched	chr5	150760751	150791652	2	30838	80571.2674	2864.5227	23	1
5_MV411-DMSO-8h_2_734_R1_peak_28289_lociStitched	chr19	2058192	2096683	5	21547	83810.3034	6300.9767	24	1
16_MV411-DMSO-8h_2_734_R1_peak_59446_lociStitched	chr8	141084715	141165324	16	34190	91386.4233	13969.5397	25	1
17_MV411-DMSO-8h_2_734_R1_peak_30240_lociStitched	chr19	43720903	43785453	17	30172	88446.41	11767.465	26	1
15_MV411-DMSO-8h_2_734_R1_peak_6111_lociStitched	chr1	246066335	246117248	15	40903	80600.3703	4750.1829	27	1
10_MV411-DMSO-8h_2_734_R1_peak_18614_lociStitched	chr15	28713456	28741960	10	26693	76541.7912	1100.2544	28	1
11_MV411-DMSO-8h_2_734_R1_peak_10044_lociStitched	chr11	47358126	47404976	11	22560	80507.04	5490.82	29	1
10_MV411-DMSO-8h_2_734_R1_peak_41832_lociStitched	chr3	50588529	50633058	10	28577	80348.1276	5485.9728	30	1
MV411-DMSO-8h_2_734_R1_peak_32667	chr2	66432848	66453622	1	20775	76859.6452	2056.626	31	1
MV411-DMSO-8h_2_734_R1_peak_8736	chr10	123132668	123152340	1	19673	76402.1136	2220.9688	32	1
13_MV411-DMSO-8h_2_734_R1_peak_24990_lociStitched	chr17	40303987	40359344	13	30522	80616.3991	6681.5899	33	1
MV411-DMSO-8h_2_734_R1_peak_25745	chr17	58330227	58345873	1	15647	75089.8478	1875.9554	34	1
44_MV411-DMSO-8h_2_734_R1_peak_2586_lociStitched	chr1	89631992	89726334	44	52270	82058.6716	8896.4506	35	1
13_MV411-DMSO-8h_2_734_R1_peak_17662_lociStitched	chr14	75257146	75303643	13	28226	78305.5977	5184.4155	36	1
21_MV411-DMSO-8h_2_734_R1_peak_52638_lociStitched	chr6	135176432	135235912	21	31950	79144.088	6542.8	37	1
3_MV411-DMSO-8h_2_734_R1_peak_29018_lociStitched	chr19	12777288	12796452	3	16639	75655.6392	3376.6968	38	1
MV411-DMSO-8h_2_734_R1_peak_40373	chr22	50524437	50543371	1	18935	74016.7928	1946.4152	39	1
5_MV411-DMSO-8h_2_734_R1_peak_40249_lociStitched	chr22	46057387	46081856	5	23875	73999.1498	2588.8202	40	1
9_MV411-DMSO-8h_2_734_R1_peak_12633_lociStitched	chr12	12704301	12735002	9	17514	74532.8177	3478.4233	41	1
19_MV411-DMSO-8h_2_734_R1_peak_35589_lociStitched	chr2	231640152	231718316	19	26777	79164.4992	8308.8332	42	1
1_MV411-DMSO-8h_2_734_R1_peak_54395_lociStitched	chr7	38299107	38319025	1	19919	71756.5868	2324.4306	43	1
9_MV411-DMSO-8h_2_734_R1_peak_51670_lociStitched	chr6	45415224	45448573	9	28821	72143.8917	3071.4429	44	1
11_MV411-DMSO-8h_2_734_R1_peak_59597_lociStitched	chr8	143927287	143979905	11	27667	77727.3096	9255.5062	45	1
9_MV411-DMSO-8h_2_734_R1_peak_30929_lociStitched	chr19	54362304	54391147	9	25133	71521.9871	3991.8712	46	1
38_MV411-DMSO-8h_2_734_R1_peak_20089_lociStitched	chr15	75104176	75205423	38	37482	78709.4178	11349.7887	47	1
14_MV411-DMSO-8h_2_734_R1_peak_32132_lociStitched	chr2	43199671	43245623	14	25891	72319.2576	5325.8368	48	1
MV411-DMSO-8h_2_734_R1_peak_29077	chr19	13833018	13845609	1	12592	69365.0781	2403.6219	49	1
1_MV411-DMSO-8h_2_734_R1_peak_48422_lociStitched	chr5	135026703	135042394	1	15692	68547.7026	1724.4409	50	1
3_MV411-DMSO-8h_2_734_R1_peak_60454_lociStitched	chr9	78006243	78035547	3	29000	67390.4088	1233.6984	51	1
21_MV411-DMSO-8h_2_734_R1_peak_36663_lociStitched	chr20	23103031	23164974	21	42446	74034.2736	8046.3957	52	1
22_MV411-DMSO-8h_2_734_R1_peak_22047_lociStitched	chr16	30450431	30492631	22	35151	70440.24	4823.46	53	1
MV411-DMSO-8h_2_734_R1_peak_53507	chr6	169699839	169729425	1	29587	67618.803	2538.4788	54	1
7_MV411-DMSO-8h_2_734_R1_peak_3864_lociStitched	chr1	156084400	156130896	7	27280	70706.4672	5630.6656	55	1
47_MV411-DMSO-8h_2_734_R1_peak_54477_lociStitched	chr7	41725668	41839295	47	46970	76880.0282	12760.3121	56	1
25_MV411-DMSO-8h_2_734_R1_peak_7485_lociStitched	chr10	71693772	71777453	25	31962	74250.1513	10317.8673	57	1
2_MV411-DMSO-8h_2_734_R1_peak_29955_lociStitched	chr19	39397275	39412274	2	14850	66460.569	2852.8098	58	1
11_MV411-DMSO-8h_2_734_R1_peak_47255_lociStitched	chr5	50416875	50450155	11	21420	66004.224	2412.8	59	1
21_MV411-DMSO-8h_2_734_R1_peak_28434_lociStitched	chr19	4050389	4116361	21	27743	74594.5404	11301.0036	60	1
12_MV411-DMSO-8h_2_734_R1_peak_29123_lociStitched	chr19	14355557	14389082	12	22983	67981.995	5159.4975	61	1
3_MV411-DMSO-8h_2_734_R1_peak_6396_lociStitched	chr10	7402632	7418947	3	15230	63904.2235	1465.087	62	1
18_MV411-DMSO-8h_2_734_R1_peak_15603_lociStitched	chr13	28122052	28174046	18	15620	75874.8442	13700.419	63	1
13_MV411-DMSO-8h_2_734_R1_peak_36349_lociStitched	chr20	9481714	9523782	13	21103	65752.284	4635.8936	64	1
6_MV411-DMSO-8h_2_734_R1_peak_37684_lociStitched	chr20	53578501	53624758	6	24454	64135.3305	4089.1188	65	1
10_MV411-DMSO-8h_2_734_R1_peak_6938_lociStitched	chr10	43395504	43440843	10	21137	64707.8208	4683.5187	66	1
10_MV411-DMSO-8h_2_734_R1_peak_61886_lociStitched	chr9	131228025	131279367	10	24800	65178.669	5154.7368	67	1
2_MV411-DMSO-8h_2_734_R1_peak_28271_lociStitched	chr19	1852563	1876835	2	15854	64175.168	4264.5904	68	1
7_MV411-DMSO-8h_2_734_R1_peak_44032_lociStitched	chr3	185794883	185827363	7	17978	62546.736	3001.152	69	1
17_MV411-DMSO-8h_2_734_R1_peak_42228_lociStitched	chr3	71546030	71585068	17	21318	62667.7014	3642.2454	70	1
17_MV411-DMSO-8h_2_734_R1_peak_51222_lociStitched	chr6	37159940	37222737	17	30532	65352.8379	6556.0068	71	1
9_MV411-DMSO-8h_2_734_R1_peak_30462_lociStitched	chr19	47079693	47114506	9	18446	64390.1248	5632.7434	72	1
26_MV411-DMSO-8h_2_734_R1_peak_40957_lociStitched	chr3	17936962	18010956	26	33243	66106.2396	7946.9556	73	1
15_MV411-DMSO-8h_2_734_R1_peak_6402_lociStitched	chr10	7435876	7518758	15	39030	64954.6234	6870.9178	74	1
9_MV411-DMSO-8h_2_734_R1_peak_41735_lociStitched	chr3	49331757	49359577	9	22894	60806.174	2854.332	75	1
24_MV411-DMSO-8h_2_734_R1_peak_39702_lociStitched	chr22	37266781	37316302	24	33018	63718.6707	5972.2326	76	1
38_MV411-DMSO-8h_2_734_R1_peak_39608_lociStitched	chr22	36354456	36470383	38	38256	70518.3941	12867.897	77	1
10_MV411-DMSO-8h_2_734_R1_peak_63115_lociStitched	chrX	65985743	66021951	10	33269	59562.16	1911.7824	78	1
22_MV411-DMSO-8h_2_734_R1_peak_46456_lociStitched	chr4	180050536	180102247	22	33219	61339.5882	3883.4961	79	1
8_MV411-DMSO-8h_2_734_R1_peak_10594_lociStitched	chr11	65470818	65508097	8	22699	61532.7174	4231.1665	80	1
8_MV411-DMSO-8h_2_734_R1_peak_10739_lociStitched	chr11	67261324	67290940	8	23767	60878.6496	3657.576	81	1
23_MV411-DMSO-8h_2_734_R1_peak_1833_lociStitched	chr1	43830154	43871299	23	26152	61729.8435	4542.408	82	1
11_MV411-DMSO-8h_2_734_R1_peak_45723_lociStitched	chr4	95522336	95553854	11	29680	59112.009	2360.6982	83	1
17_MV411-DMSO-8h_2_734_R1_peak_5919_lociStitched	chr1	235844955	235917712	17	21504	64229.8796	7610.3822	84	1
34_MV411-DMSO-8h_2_734_R1_peak_9778_lociStitched	chr11	35028963	35117136	34	38212	64710.1647	9452.1456	85	1
MV411-DMSO-8h_2_734_R1_peak_29236	chr19	16135209	16151751	1	16543	57599.244	2587.1688	86	1
40_MV411-DMSO-8h_2_734_R1_peak_8187_lociStitched	chr10	96632845	96748185	40	35800	67416.23	12410.584	87	1
8_MV411-DMSO-8h_2_734_R1_peak_34828_lociStitched	chr2	199431723	199464598	8	21074	57935.6125	3077.1	88	1
MV411-DMSO-8h_2_734_R1_peak_28168	chr19	819915	829892	1	9978	56235.3605	1558.4074	89	1
29_MV411-DMSO-8h_2_734_R1_peak_11205_lociStitched	chr11	78285584	78361592	29	33788	61406.8632	7182.756	90	1
3_MV411-DMSO-8h_2_734_R1_peak_6421_lociStitched	chr10	11161241	11183704	3	22103	56209.1649	2089.059	91	1
11_MV411-DMSO-8h_2_734_R1_peak_15592_lociStitched	chr13	28072698	28108607	11	14668	63135.2038	9365.0672	92	1
5_MV411-DMSO-8h_2_734_R1_peak_26769_lociStitched	chr17	81393132	81406219	5	11967	54947.0782	1375.4437	93	1
11_MV411-DMSO-8h_2_734_R1_peak_29058_lociStitched	chr19	13139431	13182467	11	17726	59264.8756	6498.436	94	1
22_MV411-DMSO-8h_2_734_R1_peak_62654_lociStitched	chrX	30562343	30628530	22	30106	54888.8791	2726.9044	95	1
22_MV411-DMSO-8h_2_734_R1_peak_49380_lociStitched	chr5	175637477	175697190	22	31076	59163.6404	7147.6461	96	1
8_MV411-DMSO-8h_2_734_R1_peak_26762_lociStitched	chr17	81323046	81357663	8	15155	56148.774	4188.657	97	1
27_MV411-DMSO-8h_2_734_R1_peak_57110_lociStitched	chr8	27318268	27390573	27	27321	63664.5525	11706.1795	98	1
14_MV411-DMSO-8h_2_734_R1_peak_41535_lociStitched	chr3	46087667	46144384	14	25026	58548.9591	6641.5607	99	1
MV411-DMSO-8h_2_734_R1_peak_54150	chr7	27160486	27174884	1	14399	53360.4278	1494.5124	100	1
22_MV411-DMSO-8h_2_734_R1_peak_61304_lociStitched	chr9	114339945	114417660	22	27067	60438.9555	9147.0555	101	1
24_MV411-DMSO-8h_2_734_R1_peak_15629_lociStitched	chr13	28236701	28274213	24	25362	59298.9696	8984.124	102	1
18_MV411-DMSO-8h_2_734_R1_peak_60008_lociStitched	chr9	27563734	27656326	18	27237	59342.2128	9175.8672	103	1
10_MV411-DMSO-8h_2_734_R1_peak_10235_lociStitched	chr11	60165834	60221673	10	19001	55085.1735	5153.9397	104	1
9_MV411-DMSO-8h_2_734_R1_peak_20045_lociStitched	chr15	74771353	74800868	9	18482	53495.9375	4005.1855	105	1
27_MV411-DMSO-8h_2_734_R1_peak_51201_lociStitched	chr6	37007073	37104424	27	23852	59656.6928	10747.5504	106	1
MV411-DMSO-8h_2_734_R1_peak_12405	chr12	6950358	6963577	1	13220	50733.2001	1997.3909	107	1
7_MV411-DMSO-8h_2_734_R1_peak_63489_lociStitched	chrX	120238916	120269754	7	25594	49920.5544	1369.2072	108	1
38_MV411-DMSO-8h_2_734_R1_peak_48714_lociStitched	chr5	142712894	142849734	38	33506	63835.86	16147.12	109	1
19_MV411-DMSO-8h_2_734_R1_peak_21574_lociStitched	chr16	17337958	17384821	19	33021	52688.0709	5084.6355	110	1
MV411-DMSO-8h_2_734_R1_peak_50843	chr6	31733634	31742014	1	8381	48541.15	1193.312	111	1
15_MV411-DMSO-8h_2_734_R1_peak_40276_lociStitched	chr22	46561293	46622383	15	25259	53545.385	6579.393	112	1
17_MV411-DMSO-8h_2_734_R1_peak_5750_lociStitched	chr1	234474348	234529187	17	25774	53089.6359	6202.2909	113	1
26_MV411-DMSO-8h_2_734_R1_peak_47465_lociStitched	chr5	67164569	67222893	26	30304	53325.6332	6462.2992	114	1
16_MV411-DMSO-8h_2_734_R1_peak_19319_lociStitched	chr15	55246776	55291046	16	29235	51127.423	4449.135	115	1
32_MV411-DMSO-8h_2_734_R1_peak_31928_lociStitched	chr2	38065431	38132351	32	30540	53388.776	6712.076	116	1
18_MV411-DMSO-8h_2_734_R1_peak_55291_lociStitched	chr7	92809277	92840054	18	20841	49615.6017	2969.9805	117	1
23_MV411-DMSO-8h_2_734_R1_peak_5822_lociStitched	chr1	234836174	234894750	23	31675	53626.328	7169.7024	118	1
26_MV411-DMSO-8h_2_734_R1_peak_40489_lociStitched	chr3	4975490	5039465	26	24554	53233.5975	6973.275	119	1
4_MV411-DMSO-8h_2_734_R1_peak_56657_lociStitched	chr8	9889822	9910254	4	13096	49459.7424	3201.6944	120	1
26_MV411-DMSO-8h_2_734_R1_peak_18818_lociStitched	chr15	40044611	40123555	26	28164	55458.16	9362.7584	121	1
34_MV411-DMSO-8h_2_734_R1_peak_7973_lociStitched	chr10	88026621	88118902	34	30806	56171.4447	10667.6836	122	1
25_MV411-DMSO-8h_2_734_R1_peak_59169_lociStitched	chr8	129635435	129685981	25	26724	53593.9238	8117.6876	123	1
17_MV411-DMSO-8h_2_734_R1_peak_19655_lociStitched	chr15	65776763	65841751	17	24769	51736.9468	6329.8312	124	1
14_MV411-DMSO-8h_2_734_R1_peak_48592_lociStitched	chr5	139635980	139676017	14	22270	50366.546	5112.7249	125	1
32_MV411-DMSO-8h_2_734_R1_peak_26358_lociStitched	chr17	75292527	75352628	32	28199	51386.355	6532.9787	126	1
6_MV411-DMSO-8h_2_734_R1_peak_29462_lociStitched	chr19	18401357	18430316	6	12984	49783.4169	4960.6767	127	1
33_MV411-DMSO-8h_2_734_R1_peak_1199_lociStitched	chr1	28105372	28177368	33	36488	52521.082	7847.564	128	1
11_MV411-DMSO-8h_2_734_R1_peak_57100_lociStitched	chr8	26587855	26615248	11	19059	48595.182	4188.3897	129	1
20_MV411-DMSO-8h_2_734_R1_peak_7787_lociStitched	chr10	79241244	79295673	20	26475	51299.3325	6896.1543	130	1
16_MV411-DMSO-8h_2_734_R1_peak_28578_lociStitched	chr19	6048472	6101960	16	18429	53685.9056	9392.4928	131	1
16_MV411-DMSO-8h_2_734_R1_peak_30281_lociStitched	chr19	44718214	44771306	16	21677	52592.9352	8892.91	132	1
9_MV411-DMSO-8h_2_734_R1_peak_7232_lociStitched	chr10	63451510	63499030	9	17987	47790.864	4443.12	133	1
18_MV411-DMSO-8h_2_734_R1_peak_5930_lociStitched	chr1	235931588	235973030	18	24426	47778.4818	4566.9084	134	1
10_MV411-DMSO-8h_2_734_R1_peak_23114_lociStitched	chr16	85551687	85574860	10	13106	46098.0489	2891.9904	135	1
MV411-DMSO-8h_2_734_R1_peak_26805	chr17	81831493	81843613	1	12121	44642.808	1466.52	136	1
28_MV411-DMSO-8h_2_734_R1_peak_38610_lociStitched	chr21	38979273	39021952	28	28995	47702.3183	5300.7318	137	1
8_MV411-DMSO-8h_2_734_R1_peak_20610_lociStitched	chr15	90647671	90667379	8	17327	44159.7156	2193.5004	138	1
16_MV411-DMSO-8h_2_734_R1_peak_10988_lociStitched	chr11	73184658	73221115	16	23302	46041.5453	4163.3894	139	1
6_MV411-DMSO-8h_2_734_R1_peak_38087_lociStitched	chr21	15040975	15067714	6	16968	44223.6321	2350.3581	140	1
3_MV411-DMSO-8h_2_734_R1_peak_43391_lociStitched	chr3	152190101	152206069	3	14689	43297.232	1507.3792	141	1
8_MV411-DMSO-8h_2_734_R1_peak_41998_lociStitched	chr3	53160222	53181970	8	15935	44622.5464	2977.3012	142	1
18_MV411-DMSO-8h_2_734_R1_peak_35619_lociStitched	chr2	233059139	233093672	18	21375	45397.0818	4123.2402	143	1
8_MV411-DMSO-8h_2_734_R1_peak_10585_lociStitched	chr11	65403442	65441499	8	14533	45417.2238	4483.1146	144	1
14_MV411-DMSO-8h_2_734_R1_peak_22282_lociStitched	chr16	50678544	50720617	14	27012	45400.9743	4842.6023	145	1
9_MV411-DMSO-8h_2_734_R1_peak_51871_lociStitched	chr6	67880998	67899125	9	14388	42138.0242	1714.8142	146	1
10_MV411-DMSO-8h_2_734_R1_peak_6195_lociStitched	chr10	127505	160250	10	15981	42493.1865	2161.17	147	1
11_MV411-DMSO-8h_2_734_R1_peak_7241_lociStitched	chr10	63514760	63544621	11	17055	42990.8817	2884.5726	148	1
12_MV411-DMSO-8h_2_734_R1_peak_39339_lociStitched	chr22	28792741	28830460	12	16487	43912.4598	3983.1264	149	1
7_MV411-DMSO-8h_2_734_R1_peak_13097_lociStitched	chr12	45724922	45749659	7	13143	41971.2679	2184.2771	150	1
14_MV411-DMSO-8h_2_734_R1_peak_20705_lociStitched	chr15	92801266	92853577	14	17764	45379.7925	5597.277	151	1
12_MV411-DMSO-8h_2_734_R1_peak_5793_lociStitched	chr1	234755149	234781028	12	13687	43841.6139	4559.8798	152	1
16_MV411-DMSO-8h_2_734_R1_peak_28004_lociStitched	chr18	76466646	76506496	16	22855	44452.675	5180.5	153	1
16_MV411-DMSO-8h_2_734_R1_peak_8382_lociStitched	chr10	102596759	102661108	16	17619	46723.8089	7573.8773	154	1
31_MV411-DMSO-8h_2_734_R1_peak_36160_lociStitched	chr20	4033635	4090802	31	27088	44796.0612	6036.8352	155	1
25_MV411-DMSO-8h_2_734_R1_peak_19879_lociStitched	chr15	70438965	70510273	25	23646	47483.9972	8991.9388	156	1
18_MV411-DMSO-8h_2_734_R1_peak_40476_lociStitched	chr3	4736381	4777738	18	20736	43151.8938	4805.6834	157	1
21_MV411-DMSO-8h_2_734_R1_peak_41567_lociStitched	chr3	46283421	46331498	21	23584	43115.4536	4927.8925	158	1
12_MV411-DMSO-8h_2_734_R1_peak_30898_lociStitched	chr19	53828903	53879885	12	10788	44665.3302	6510.4014	159	1
9_MV411-DMSO-8h_2_734_R1_peak_15859_lociStitched	chr13	32423695	32457330	9	12770	44899.3615	6854.813	160	1
10_MV411-DMSO-8h_2_734_R1_peak_15831_lociStitched	chr13	32107060	32126749	10	16306	41941.5078	3937.8	161	1
15_MV411-DMSO-8h_2_734_R1_peak_7518_lociStitched	chr10	72295854	72337282	15	21226	42534.1276	4983.7884	162	1
15_MV411-DMSO-8h_2_734_R1_peak_25732_lociStitched	chr17	58277325	58309252	15	22991	40914.4505	3368.2985	163	1
MV411-DMSO-8h_2_734_R1_peak_29437	chr19	18284657	18294436	1	9780	39256.8176	1770.9769	164	1
MV411-DMSO-8h_2_734_R1_peak_6071	chr1	244854782	244869028	1	14247	38898.703	1641.1392	165	1
17_MV411-DMSO-8h_2_734_R1_peak_57372_lociStitched	chr8	37864401	37906330	17	18202	44306.3743	7056.6507	166	1
9_MV411-DMSO-8h_2_734_R1_peak_21967_lociStitched	chr16	29643924	29674453	9	15520	40371.5496	3223.8624	167	1
27_MV411-DMSO-8h_2_734_R1_peak_2284_lociStitched	chr1	66372356	66446219	27	21180	44598.4794	7519.2534	168	1
23_MV411-DMSO-8h_2_734_R1_peak_52654_lociStitched	chr6	135274847	135331714	23	23513	43071.0658	6022.2153	169	1
14_MV411-DMSO-8h_2_734_R1_peak_7747_lociStitched	chr10	79066847	79096830	14	19659	40462.0585	3514.0076	170	1
21_MV411-DMSO-8h_2_734_R1_peak_36887_lociStitched	chr20	32625880	32688505	21	21603	43386.6	6613.2	171	1
13_MV411-DMSO-8h_2_734_R1_peak_24401_lociStitched	chr17	27520571	27552770	13	19076	40519.2216	3780.1626	172	1
7_MV411-DMSO-8h_2_734_R1_peak_6075_lociStitched	chr1	244952126	244974879	7	11548	39050.9739	2364.0367	173	1
13_MV411-DMSO-8h_2_734_R1_peak_43691_lociStitched	chr3	171959767	172000805	13	22308	40918.9898	4362.3394	174	1
12_MV411-DMSO-8h_2_734_R1_peak_48357_lociStitched	chr5	132455732	132497466	12	16945	41575.4108	5037.2938	175	1
MV411-DMSO-8h_2_734_R1_peak_14970	chr12	121799198	121806944	1	7747	37452.6846	922.5486	176	1
8_MV411-DMSO-8h_2_734_R1_peak_41874_lociStitched	chr3	52085221	52128629	8	18422	41537.1152	5052.6912	177	1
6_MV411-DMSO-8h_2_734_R1_peak_12551_lociStitched	chr12	11647944	11667199	6	8906	38483.043	2069.9125	178	1
11_MV411-DMSO-8h_2_734_R1_peak_35730_lociStitched	chr2	237662287	237705785	11	22293	41118.6594	4741.282	179	1
MV411-DMSO-8h_2_734_R1_peak_48438	chr5	135393456	135404017	1	10562	37648.9089	1278.9371	180	1
24_MV411-DMSO-8h_2_734_R1_peak_31964_lociStitched	chr2	38596274	38655296	24	25155	42844.0698	6580.953	181	1
18_MV411-DMSO-8h_2_734_R1_peak_56609_lociStitched	chr8	8330875	8364247	18	15682	41207.7456	5009.1372	182	1
14_MV411-DMSO-8h_2_734_R1_peak_56726_lociStitched	chr8	11853114	11902690	14	16582	44663.0184	8492.3688	183	1
24_MV411-DMSO-8h_2_734_R1_peak_42048_lociStitched	chr3	56752397	56799560	24	29002	41399.6814	5272.8234	184	1
19_MV411-DMSO-8h_2_734_R1_peak_59307_lociStitched	chr8	133494601	133547479	19	17977	45189.5388	9142.6062	185	1
17_MV411-DMSO-8h_2_734_R1_peak_1820_lociStitched	chr1	43762738	43813861	17	24546	41031.3198	5030.5032	186	1
12_MV411-DMSO-8h_2_734_R1_peak_9703_lociStitched	chr11	33890383	33942297	12	14345	42071.1056	6198.5316	187	1
4_MV411-DMSO-8h_2_734_R1_peak_7947_lociStitched	chr10	87860464	87879915	4	18568	37522.9241	1729.1939	188	1
11_MV411-DMSO-8h_2_734_R1_peak_32605_lociStitched	chr2	64807834	64864489	11	18154	41953.0275	6215.0535	189	1
17_MV411-DMSO-8h_2_734_R1_peak_31219_lociStitched	chr2	8511649	8549040	17	17478	40434.6274	4737.4397	190	1
27_MV411-DMSO-8h_2_734_R1_peak_20248_lociStitched	chr15	78018510	78088412	27	29769	43667.7794	8045.7202	191	1
8_MV411-DMSO-8h_2_734_R1_peak_44851_lociStitched	chr4	15001012	15022568	8	20417	37296.1912	1875.372	192	1
18_MV411-DMSO-8h_2_734_R1_peak_8928_lociStitched	chr10	132537743	132596754	18	22677	42004.0298	6615.1331	193	1
9_MV411-DMSO-8h_2_734_R1_peak_30098_lociStitched	chr19	41406639	41435115	9	15800	39826.5336	5026.014	194	1
22_MV411-DMSO-8h_2_734_R1_peak_14485_lociStitched	chr12	108819261	108866793	22	20731	39646.4412	4853.0172	195	1
7_MV411-DMSO-8h_2_734_R1_peak_56951_lociStitched	chr8	22692857	22717160	7	11545	39234.7632	4493.6247	196	1
7_MV411-DMSO-8h_2_734_R1_peak_14014_lociStitched	chr12	89333555	89354996	7	11973	37172.2617	2465.715	197	1
20_MV411-DMSO-8h_2_734_R1_peak_18624_lociStitched	chr15	28776648	28811682	20	22447	35808.2514	1173.639	198	1
8_MV411-DMSO-8h_2_734_R1_peak_21667_lociStitched	chr16	20899364	20917753	8	16457	36452.5147	2009.9177	199	1
17_MV411-DMSO-8h_2_734_R1_peak_24693_lociStitched	chr17	34219637	34256877	17	23506	38725.876	4316.116	200	1
MV411-DMSO-8h_2_734_R1_peak_29078	chr19	13845760	13851918	1	6159	35451.606	1152.7776	201	1
9_MV411-DMSO-8h_2_734_R1_peak_62790_lociStitched	chrX	40140997	40177644	9	13476	36185.2478	2044.9026	202	1
18_MV411-DMSO-8h_2_734_R1_peak_54503_lociStitched	chr7	41856863	41893015	18	26626	38353.6568	4262.3208	203	1
18_MV411-DMSO-8h_2_734_R1_peak_4914_lociStitched	chr1	203167221	203216173	18	23458	40028.0504	5977.0392	204	1
10_MV411-DMSO-8h_2_734_R1_peak_32259_lociStitched	chr2	46965109	46988116	10	19117	36723.7734	2707.9239	205	1
7_MV411-DMSO-8h_2_734_R1_peak_62777_lociStitched	chrX	40094113	40127708	7	13312	35425.9275	1508.4155	206	1
7_MV411-DMSO-8h_2_734_R1_peak_18462_lociStitched	chr14	105058832	105087742	7	14745	36860.25	2966.166	207	1
4_MV411-DMSO-8h_2_734_R1_peak_35246_lociStitched	chr2	218392799	218408105	4	10880	35820.6318	1956.1068	208	1
MV411-DMSO-8h_2_734_R1_peak_50630	chr6	27863927	27875404	1	11478	34844.172	1012.2714	209	1
12_MV411-DMSO-8h_2_734_R1_peak_15755_lociStitched	chr13	30710824	30752649	12	17549	43966.44	10213.665	210	1
2_MV411-DMSO-8h_2_734_R1_peak_18498_lociStitched	chr14	105480457	105491833	2	10158	35160.9408	1511.8704	211	1
7_MV411-DMSO-8h_2_734_R1_peak_12218_lociStitched	chr12	1795382	1814023	7	10128	36087.1119	2559.4093	212	1
34_MV411-DMSO-8h_2_734_R1_peak_40836_lociStitched	chr3	14371413	14440600	34	22871	41844.2976	8343.9522	213	1
9_MV411-DMSO-8h_2_734_R1_peak_15843_lociStitched	chr13	32309034	32343085	9	11227	40510.4747	7014.506	214	1
20_MV411-DMSO-8h_2_734_R1_peak_51697_lociStitched	chr6	45665520	45715653	20	25330	37795.2687	4542.0498	215	1
3_MV411-DMSO-8h_2_734_R1_peak_1068_lociStitched	chr1	26689487	26699290	3	9310	34119.3415	1014.6105	216	1
20_MV411-DMSO-8h_2_734_R1_peak_49561_lociStitched	chr5	178453468	178506546	20	23019	38226.7756	5222.8752	217	1
8_MV411-DMSO-8h_2_734_R1_peak_47147_lociStitched	chr5	40354521	40388709	8	18627	36249.5364	3305.9796	218	1
7_MV411-DMSO-8h_2_734_R1_peak_61767_lociStitched	chr9	129457755	129498284	7	12176	37655.4939	4717.5756	219	1
3_MV411-DMSO-8h_2_734_R1_peak_31019_lociStitched	chr19	55247775	55260646	3	9808	35440.2985	2504.6966	220	1
MV411-DMSO-8h_2_734_R1_peak_50581	chr6	27129010	27140593	1	11584	33867.5337	932.4315	221	1
7_MV411-DMSO-8h_2_734_R1_peak_7594_lociStitched	chr10	73888458	73920952	7	11702	36786.4574	3909.0282	222	1
10_MV411-DMSO-8h_2_734_R1_peak_34574_lociStitched	chr2	177239442	177266168	10	15892	35403.9322	2600.4398	223	1
16_MV411-DMSO-8h_2_734_R1_peak_3854_lociStitched	chr1	155944805	155991001	16	16254	38444.3112	5663.6296	224	1
23_MV411-DMSO-8h_2_734_R1_peak_41548_lociStitched	chr3	46182820	46236689	23	19520	38920.3525	6162.6136	225	1
15_MV411-DMSO-8h_2_734_R1_peak_53589_lociStitched	chr7	909004	966465	15	19923	38947.0658	6194.2958	226	1
8_MV411-DMSO-8h_2_734_R1_peak_59257_lociStitched	chr8	133062623	133095108	8	13562	38595.4285	5879.785	227	1
17_MV411-DMSO-8h_2_734_R1_peak_23803_lociStitched	chr17	7084114	7139260	17	19566	38116.9152	5464.9686	228	1
16_MV411-DMSO-8h_2_734_R1_peak_33473_lociStitched	chr2	105774118	105804416	16	20879	36036.4412	3453.972	229	1
8_MV411-DMSO-8h_2_734_R1_peak_48346_lociStitched	chr5	132417061	132439904	8	13514	35249.0333	2681.7682	230	1
9_MV411-DMSO-8h_2_734_R1_peak_10005_lociStitched	chr11	46655885	46685086	9	18234	35552.2175	3077.7854	231	1
15_MV411-DMSO-8h_2_734_R1_peak_11081_lociStitched	chr11	75337144	75383474	15	19101	37819.179	5397.445	232	1
9_MV411-DMSO-8h_2_734_R1_peak_54929_lociStitched	chr7	74203430	74231055	9	17409	35227.4	2917.2	233	1
23_MV411-DMSO-8h_2_734_R1_peak_35814_lociStitched	chr2	239217745	239289751	23	22377	39689.7072	7531.8276	234	1
5_MV411-DMSO-8h_2_734_R1_peak_30590_lociStitched	chr19	48960053	48979413	5	8551	35029.984	2931.104	235	1
10_MV411-DMSO-8h_2_734_R1_peak_41586_lociStitched	chr3	46348737	46377987	10	19480	35512.425	3568.5	236	1
22_MV411-DMSO-8h_2_734_R1_peak_49839_lociStitched	chr6	6677112	6726622	22	23161	37721.669	6060.024	237	1
12_MV411-DMSO-8h_2_734_R1_peak_62445_lociStitched	chrX	12947049	12985544	12	17163	33448.3055	1840.061	238	1
12_MV411-DMSO-8h_2_734_R1_peak_25903_lociStitched	chr17	62609090	62663849	12	14866	37203.2646	5612.7975	239	1
2_MV411-DMSO-8h_2_734_R1_peak_1028_lociStitched	chr1	26274209	26291353	2	16946	33761.6792	2180.7168	240	1
10_MV411-DMSO-8h_2_734_R1_peak_12964_lociStitched	chr12	31874520	31908916	10	16993	34660.8492	3092.2004	241	1
27_MV411-DMSO-8h_2_734_R1_peak_18566_lociStitched	chr15	25761236	25816815	27	24094	37215.6984	5707.9633	242	1
4_MV411-DMSO-8h_2_734_R1_peak_34888_lociStitched	chr2	201115313	201127929	4	9898	33026.1648	1532.844	243	1
20_MV411-DMSO-8h_2_734_R1_peak_4211_lociStitched	chr1	167600980	167652455	20	15802	37247.31	5811.5275	244	1
16_MV411-DMSO-8h_2_734_R1_peak_38370_lociStitched	chr21	33361269	33406323	16	14042	36056.7162	4798.251	245	1
15_MV411-DMSO-8h_2_734_R1_peak_6977_lociStitched	chr10	44927424	44975396	15	19911	36684.1884	5468.808	246	1
11_MV411-DMSO-8h_2_734_R1_peak_35713_lociStitched	chr2	237497486	237541109	11	13076	36132.9309	4920.6744	247	1
1_MV411-DMSO-8h_2_734_R1_peak_5338_lociStitched	chr1	220875945	220884433	1	8489	32182.252	1012.6184	248	1
8_MV411-DMSO-8h_2_734_R1_peak_59143_lociStitched	chr8	129578065	129594682	8	15126	33679.3356	2520.7989	249	1
22_MV411-DMSO-8h_2_734_R1_peak_59090_lociStitched	chr8	129411276	129462315	22	21626	39034.6272	7916.1489	250	1
19_MV411-DMSO-8h_2_734_R1_peak_15586_lociStitched	chr13	28022561	28059395	19	16954	40963.0914	9860.4618	251	1
5_MV411-DMSO-8h_2_734_R1_peak_10376_lociStitched	chr11	62539481	62560262	5	14925	33735.8754	2651.6556	252	1
10_MV411-DMSO-8h_2_734_R1_peak_42995_lociStitched	chr3	128844423	128876970	10	16385	34965.2421	3954.4605	253	1
32_MV411-DMSO-8h_2_734_R1_peak_51582_lociStitched	chr6	43976173	44066175	32	23907	41454.9212	10458.2324	254	1
5_MV411-DMSO-8h_2_734_R1_peak_588_lociStitched	chr1	15830072	15851972	5	9425	33158.79	2170.29	255	1
4_MV411-DMSO-8h_2_734_R1_peak_53769_lociStitched	chr7	5418320	5442268	4	12142	33608.6232	2751.6252	256	1
21_MV411-DMSO-8h_2_734_R1_peak_29911_lociStitched	chr19	38647562	38695595	21	20325	38930.7465	8079.1506	257	1
19_MV411-DMSO-8h_2_734_R1_peak_14335_lociStitched	chr12	104664572	104696525	19	24194	34474.0917	3716.1339	258	1
10_MV411-DMSO-8h_2_734_R1_peak_20672_lociStitched	chr15	91243476	91267179	10	13575	33281.3823	2524.3695	259	1
8_MV411-DMSO-8h_2_734_R1_peak_55757_lociStitched	chr7	114046896	114089308	8	13033	34620.9156	3876.4568	260	1
5_MV411-DMSO-8h_2_734_R1_peak_8209_lociStitched	chr10	97308151	97335672	5	9493	33726.9855	3005.2932	261	1
1_MV411-DMSO-8h_2_734_R1_peak_22583_lociStitched	chr16	66515218	66527324	1	12107	31971.946	1406.7172	262	1
7_MV411-DMSO-8h_2_734_R1_peak_14438_lociStitched	chr12	108617233	108646464	7	12841	34027.8071	3498.9507	263	1
12_MV411-DMSO-8h_2_734_R1_peak_58536_lociStitched	chr8	102768945	102811454	12	12105	37518.4434	6996.9814	264	1
10_MV411-DMSO-8h_2_734_R1_peak_1787_lociStitched	chr1	42923920	42967684	10	22973	35593.2612	5072.2476	265	1
5_MV411-DMSO-8h_2_734_R1_peak_59317_lociStitched	chr8	133567865	133582185	5	8748	33006.168	2487.384	266	1
MV411-DMSO-8h_2_734_R1_peak_29823	chr19	35899037	35910416	1	11380	32582.6286	2086.9086	267	1
8_MV411-DMSO-8h_2_734_R1_peak_2629_lociStitched	chr1	89799811	89827163	8	12408	33533.552	3066.1592	268	1
13_MV411-DMSO-8h_2_734_R1_peak_24590_lociStitched	chr17	30693832	30734729	13	14940	33821.819	3406.7201	269	1
13_MV411-DMSO-8h_2_734_R1_peak_38766_lociStitched	chr21	44351252	44376454	13	13286	33435.4934	3054.4824	270	1
11_MV411-DMSO-8h_2_734_R1_peak_28796_lociStitched	chr19	8473179	8518852	11	17563	38114.1185	7828.3522	271	1
16_MV411-DMSO-8h_2_734_R1_peak_49233_lociStitched	chr5	170267227	170306811	16	20571	34639.9584	4670.912	272	1
8_MV411-DMSO-8h_2_734_R1_peak_833_lociStitched	chr1	22017538	22042842	8	12440	32558.6568	2593.66	273	1
MV411-DMSO-8h_2_734_R1_peak_50625	chr6	27831508	27840672	1	9165	30856.1044	918.2328	274	1
16_MV411-DMSO-8h_2_734_R1_peak_9162_lociStitched	chr11	3124009	3178748	16	18017	36045.6315	6218.3504	275	1
21_MV411-DMSO-8h_2_734_R1_peak_4168_lociStitched	chr1	165827120	165884662	21	16842	35888.9454	6099.452	276	1
6_MV411-DMSO-8h_2_734_R1_peak_6570_lociStitched	chr10	17206307	17231316	6	12675	31523.8445	1735.6246	277	1
2_MV411-DMSO-8h_2_734_R1_peak_23869_lociStitched	chr17	7833950	7845534	2	10137	31286.0672	1519.8208	278	1
4_MV411-DMSO-8h_2_734_R1_peak_55622_lociStitched	chr7	105009365	105018059	4	8235	30575.0592	921.564	279	1
15_MV411-DMSO-8h_2_734_R1_peak_48854_lociStitched	chr5	148766102	148819084	15	23693	35503.2382	5875.7038	280	1
10_MV411-DMSO-8h_2_734_R1_peak_13486_lociStitched	chr12	54407795	54429651	10	13973	32132.6912	2522.1824	281	1
9_MV411-DMSO-8h_2_734_R1_peak_28152_lociStitched	chr19	672301	704637	9	11842	34683.5936	5134.9568	282	1
5_MV411-DMSO-8h_2_734_R1_peak_28141_lociStitched	chr19	555413	575491	5	10586	32371.7594	2915.3256	283	1
14_MV411-DMSO-8h_2_734_R1_peak_5256_lociStitched	chr1	214418040	214456140	14	16884	33188.91	3855.72	284	1
23_MV411-DMSO-8h_2_734_R1_peak_27114_lociStitched	chr18	9734413	9793492	23	25607	35624.637	6303.7293	285	1
1_MV411-DMSO-8h_2_734_R1_peak_57402_lociStitched	chr8	38379936	38387344	1	7409	30498.736	1192.688	286	1
1_MV411-DMSO-8h_2_734_R1_peak_50914_lociStitched	chr6	32967088	32971963	1	4876	29833.05	593.2875	287	1
20_MV411-DMSO-8h_2_734_R1_peak_21376_lociStitched	chr16	11182043	11240853	20	17994	36003.482	6769.031	288	1
27_MV411-DMSO-8h_2_734_R1_peak_15989_lociStitched	chr13	40960862	41016871	27	27713	31365.04	2150.7456	289	1
6_MV411-DMSO-8h_2_734_R1_peak_23327_lociStitched	chr16	88955953	88993430	6	10443	33511.9334	4302.3596	290	1
14_MV411-DMSO-8h_2_734_R1_peak_958_lociStitched	chr1	24997002	25047253	14	18745	34979.7211	5773.8399	291	1
12_MV411-DMSO-8h_2_734_R1_peak_48678_lociStitched	chr5	141598982	141632889	12	18525	32493.0781	3421.2163	292	1
7_MV411-DMSO-8h_2_734_R1_peak_55614_lociStitched	chr7	104940475	104963539	7	12590	31726.8384	2661.5856	293	1
9_MV411-DMSO-8h_2_734_R1_peak_1144_lociStitched	chr1	27598036	27635823	9	18224	33573.7495	4511.7678	294	1
12_MV411-DMSO-8h_2_734_R1_peak_40878_lociStitched	chr3	15793133	15812257	12	14446	31072.6752	2042.4432	295	1
1_MV411-DMSO-8h_2_734_R1_peak_19784_lociStitched	chr15	68815907	68822320	1	6414	29658.2011	684.9084	296	1
10_MV411-DMSO-8h_2_734_R1_peak_32117_lociStitched	chr2	43097346	43140562	10	17690	34451.7952	5492.7536	297	1
4_MV411-DMSO-8h_2_734_R1_peak_8915_lociStitched	chr10	132419542	132453690	4	10823	32604.5104	3653.836	298	1
10_MV411-DMSO-8h_2_734_R1_peak_47869_lociStitched	chr5	88867767	88891481	10	20497	30849.5426	1930.3196	299	1
2_MV411-DMSO-8h_2_734_R1_peak_50764_lociStitched	chr6	30679222	30688986	2	9346	30175.642	1334.7388	300	1
14_MV411-DMSO-8h_2_734_R1_peak_53559_lociStitched	chr7	583835	620953	14	14179	33242.8808	4506.1252	301	1
14_MV411-DMSO-8h_2_734_R1_peak_58484_lociStitched	chr8	101687070	101722373	14	14197	33965.0163	5320.1621	302	1
9_MV411-DMSO-8h_2_734_R1_peak_45507_lociStitched	chr4	80054033	80080388	9	11118	31072.545	2451.015	303	1
16_MV411-DMSO-8h_2_734_R1_peak_57532_lociStitched	chr8	42783216	42806541	16	15372	31941.255	3386.79	304	1
3_MV411-DMSO-8h_2_734_R1_peak_51415_lociStitched	chr6	41934278	41943157	3	8556	29749.9774	1275.0244	305	1
8_MV411-DMSO-8h_2_734_R1_peak_48245_lociStitched	chr5	126746927	126780748	8	12920	31626.0171	3209.6129	306	1
8_MV411-DMSO-8h_2_734_R1_peak_1050_lociStitched	chr1	26537711	26557644	8	14949	30768.5788	2391.96	307	1
MV411-DMSO-8h_2_734_R1_peak_28231	chr19	1248283	1255099	1	6817	29534.4096	1251.4176	308	1
17_MV411-DMSO-8h_2_734_R1_peak_30037_lociStitched	chr19	40801880	40844772	17	15779	34579.5304	6343.7268	309	1
15_MV411-DMSO-8h_2_734_R1_peak_40111_lociStitched	chr22	43091293	43149006	15	16501	34668.1991	6486.9412	310	1
19_MV411-DMSO-8h_2_734_R1_peak_25792_lociStitched	chr17	59778877	59813516	19	20028	31220.1307	3044.7681	311	1
9_MV411-DMSO-8h_2_734_R1_peak_28221_lociStitched	chr19	1168571	1214202	9	15966	34501.5991	6388.34	312	1
23_MV411-DMSO-8h_2_734_R1_peak_36392_lociStitched	chr20	10468755	10521883	23	20499	33013.7392	4909.0272	313	1
10_MV411-DMSO-8h_2_734_R1_peak_43546_lociStitched	chr3	160210241	160229803	10	14529	30229.1586	2222.2432	314	1
13_MV411-DMSO-8h_2_734_R1_peak_40181_lociStitched	chr22	45216570	45241014	13	15947	30691.8864	2701.062	315	1
11_MV411-DMSO-8h_2_734_R1_peak_26671_lociStitched	chr17	79800628	79853382	11	15461	34052.707	6119.464	316	1
10_MV411-DMSO-8h_2_734_R1_peak_34205_lociStitched	chr2	157440200	157481741	10	18070	31309.4517	3443.7489	317	1
10_MV411-DMSO-8h_2_734_R1_peak_22262_lociStitched	chr16	50245526	50284832	10	14903	32388.144	4677.414	318	1
20_MV411-DMSO-8h_2_734_R1_peak_24031_lociStitched	chr17	12792453	12866881	20	21761	35070.4736	7405.586	319	1
7_MV411-DMSO-8h_2_734_R1_peak_16745_lociStitched	chr14	22822437	22853650	7	11428	31390.9141	3742.4387	320	1
4_MV411-DMSO-8h_2_734_R1_peak_30176_lociStitched	chr19	42267623	42288983	4	10863	31599.984	3977.232	321	1
1_MV411-DMSO-8h_2_734_R1_peak_41817_lociStitched	chr3	50335973	50342078	1	6106	28178.238	742.9785	322	1
14_MV411-DMSO-8h_2_734_R1_peak_18108_lociStitched	chr14	92646046	92677684	14	19681	31343.7666	3910.4568	323	1
5_MV411-DMSO-8h_2_734_R1_peak_12698_lociStitched	chr12	14947559	14963887	5	14624	29205.8936	1783.0176	324	1
5_MV411-DMSO-8h_2_734_R1_peak_3786_lociStitched	chr1	154999340	155018047	5	13728	29785.2854	2489.9017	325	1
13_MV411-DMSO-8h_2_734_R1_peak_61480_lociStitched	chr9	124196510	124224340	13	16494	30554.557	3314.553	326	1
7_MV411-DMSO-8h_2_734_R1_peak_1884_lociStitched	chr1	44805978	44820743	7	9009	28911.3465	1789.518	327	1
5_MV411-DMSO-8h_2_734_R1_peak_37048_lociStitched	chr20	35739501	35769567	5	7719	29870.571	2859.2766	328	1
3_MV411-DMSO-8h_2_734_R1_peak_30918_lociStitched	chr19	54199889	54211633	3	11350	29019.424	2028.1888	329	1
MV411-DMSO-8h_2_734_R1_peak_43548	chr3	160398444	160406038	1	7595	27718.1	756.3624	330	1
12_MV411-DMSO-8h_2_734_R1_peak_29468_lociStitched	chr19	18476655	18522207	12	15402	35366.5728	8418.0096	331	1
13_MV411-DMSO-8h_2_734_R1_peak_305_lociStitched	chr1	9061740	9101588	13	19748	31479.92	4729.9576	332	1
14_MV411-DMSO-8h_2_734_R1_peak_62565_lociStitched	chrX	19839544	19888519	14	17980	29091.15	2360.595	333	1
21_MV411-DMSO-8h_2_734_R1_peak_62318_lociStitched	chrX	1467140	1538710	21	17500	32965.142	6348.259	334	1
4_MV411-DMSO-8h_2_734_R1_peak_28191_lociStitched	chr19	1017665	1039409	4	8906	29811.024	3198.5424	335	1
13_MV411-DMSO-8h_2_734_R1_peak_61066_lociStitched	chr9	109401728	109448400	13	18229	31536.2704	4965.9008	336	1
10_MV411-DMSO-8h_2_734_R1_peak_8644_lociStitched	chr10	119112084	119140080	10	12771	29163.4332	2732.4096	337	1
9_MV411-DMSO-8h_2_734_R1_peak_1343_lociStitched	chr1	31928474	31961696	9	13627	29893.1556	3468.3768	338	1
4_MV411-DMSO-8h_2_734_R1_peak_10173_lociStitched	chr11	58572768	58583377	4	9554	27347.8802	984.5152	339	1
MV411-DMSO-8h_2_734_R1_peak_50460	chr6	26024199	26036103	1	11905	27507.7632	1221.3504	340	1
18_MV411-DMSO-8h_2_734_R1_peak_58339_lociStitched	chr8	96845564	96905634	18	17535	35825.748	9551.13	341	1
1_MV411-DMSO-8h_2_734_R1_peak_10639_lociStitched	chr11	65856396	65861653	1	5258	26821.7397	551.4593	342	1
1_MV411-DMSO-8h_2_734_R1_peak_13692_lociStitched	chr12	57933736	57942593	1	8858	27228.1894	960.0988	343	1
3_MV411-DMSO-8h_2_734_R1_peak_23696_lociStitched	chr17	4943481	4951256	3	7249	27112.2025	851.3625	344	1
8_MV411-DMSO-8h_2_734_R1_peak_3548_lociStitched	chr1	150602927	150616437	8	10439	27661.725	1405.04	345	1
20_MV411-DMSO-8h_2_734_R1_peak_788_lociStitched	chr1	21758392	21799290	20	16092	30411.7528	4179.7756	346	1
4_MV411-DMSO-8h_2_734_R1_peak_3803_lociStitched	chr1	155177034	155196348	4	9120	28271.8332	2047.284	347	1
8_MV411-DMSO-8h_2_734_R1_peak_37862_lociStitched	chr20	60044642	60060861	8	9688	28180.5125	2016.0217	348	1
13_MV411-DMSO-8h_2_734_R1_peak_49179_lociStitched	chr5	165184306	165218641	13	16675	29153.8485	3000.879	349	1
11_MV411-DMSO-8h_2_734_R1_peak_3353_lociStitched	chr1	145977822	146007980	11	12872	29518.6504	3377.696	350	1
1_MV411-DMSO-8h_2_734_R1_peak_30079_lociStitched	chr19	41262475	41267732	1	5258	26991.5408	865.3022	351	1
2_MV411-DMSO-8h_2_734_R1_peak_12328_lociStitched	chr12	6323469	6343017	2	8486	28622.1816	2508.0084	352	1
4_MV411-DMSO-8h_2_734_R1_peak_30583_lociStitched	chr19	48872311	48882180	4	9245	27774.3267	1712.2715	353	1
11_MV411-DMSO-8h_2_734_R1_peak_28975_lociStitched	chr19	11279533	11334624	11	14236	34751.4028	8759.469	354	1
8_MV411-DMSO-8h_2_734_R1_peak_44199_lociStitched	chr3	190601935	190623804	8	12534	27780.1907	1847.9305	355	1
10_MV411-DMSO-8h_2_734_R1_peak_30374_lociStitched	chr19	45506058	45523789	10	11466	28853.6563	3014.27	356	1
10_MV411-DMSO-8h_2_734_R1_peak_35577_lociStitched	chr2	231596301	231614962	10	10561	28097.8677	2278.5081	357	1
22_MV411-DMSO-8h_2_734_R1_peak_39123_lociStitched	chr22	22881161	22943602	22	18408	33118.7064	7530.3846	358	1
12_MV411-DMSO-8h_2_734_R1_peak_3086_lociStitched	chr1	113928123	113947874	12	13221	27602.0225	2020.5273	359	1
5_MV411-DMSO-8h_2_734_R1_peak_12348_lociStitched	chr12	6531086	6551133	5	7425	27853.3018	2289.3674	360	1
14_MV411-DMSO-8h_2_734_R1_peak_1750_lociStitched	chr1	41724220	41777257	14	15096	31625.9631	6168.2031	361	1
7_MV411-DMSO-8h_2_734_R1_peak_30116_lociStitched	chr19	41516047	41554661	7	12855	31694.3712	6290.2206	362	1
21_MV411-DMSO-8h_2_734_R1_peak_36273_lociStitched	chr20	5641919	5688039	21	18499	29701.28	4441.356	363	1
15_MV411-DMSO-8h_2_734_R1_peak_36814_lociStitched	chr20	32054687	32090519	15	17055	29375.0736	4138.596	364	1
6_MV411-DMSO-8h_2_734_R1_peak_51920_lociStitched	chr6	73448801	73463521	6	11882	26398.848	1199.68	365	1
7_MV411-DMSO-8h_2_734_R1_peak_18702_lociStitched	chr15	31324144	31366710	7	12938	30455.973	5265.4142	366	1
MV411-DMSO-8h_2_734_R1_peak_36515	chr20	17963492	17972092	1	8601	26046.82	932.24	367	1
7_MV411-DMSO-8h_2_734_R1_peak_45323_lociStitched	chr4	61199809	61215332	7	8790	26451.192	1338.0826	368	1
3_MV411-DMSO-8h_2_734_R1_peak_53775_lociStitched	chr7	5527653	5539545	3	6845	26409.7536	1298.6064	369	1
6_MV411-DMSO-8h_2_734_R1_peak_15165_lociStitched	chr12	124916442	124941513	6	12243	28064.4774	2973.4206	370	1
26_MV411-DMSO-8h_2_734_R1_peak_51561_lociStitched	chr6	43882437	43963449	26	17019	34989.0828	9980.6784	371	1
17_MV411-DMSO-8h_2_734_R1_peak_24492_lociStitched	chr17	29116200	29155145	17	14908	29633.2505	4646.1385	372	1
6_MV411-DMSO-8h_2_734_R1_peak_28951_lociStitched	chr19	11088507	11108571	6	9357	28181.8944	3216.2592	373	1
14_MV411-DMSO-8h_2_734_R1_peak_59178_lociStitched	chr8	129956608	130005482	14	16812	32682.0438	7751.4164	374	1
6_MV411-DMSO-8h_2_734_R1_peak_56217_lociStitched	chr7	143371797	143387780	6	13201	27044.8343	2119.3458	375	1
9_MV411-DMSO-8h_2_734_R1_peak_62849_lociStitched	chrX	45751708	45772264	9	18939	25649.7768	731.7936	376	1
10_MV411-DMSO-8h_2_734_R1_peak_56482_lociStitched	chr7	158810686	158847702	10	13896	28846.5688	3938.5024	377	1
17_MV411-DMSO-8h_2_734_R1_peak_37499_lociStitched	chr20	48821549	48876109	17	17525	31377.456	6470.816	378	1
8_MV411-DMSO-8h_2_734_R1_peak_6279_lociStitched	chr10	5282160	5305856	8	13963	26781.2192	1917.0064	379	1
21_MV411-DMSO-8h_2_734_R1_peak_42800_lociStitched	chr3	125119351	125166402	21	15953	30441.997	5580.2486	380	1
9_MV411-DMSO-8h_2_734_R1_peak_33055_lociStitched	chr2	85402163	85439004	9	13893	29052.8126	4214.6104	381	1
11_MV411-DMSO-8h_2_734_R1_peak_48909_lociStitched	chr5	150050554	150089233	11	15720	29283.8709	4564.122	382	1
10_MV411-DMSO-8h_2_734_R1_peak_3026_lociStitched	chr1	111462812	111516257	10	16119	30752.253	6049.974	383	1
6_MV411-DMSO-8h_2_734_R1_peak_9693_lociStitched	chr11	33255921	33267413	6	7973	25589.2364	948.09	384	1
1_MV411-DMSO-8h_2_734_R1_peak_45079_lociStitched	chr4	40053994	40058746	1	4753	25176.5712	585.9216	385	1
10_MV411-DMSO-8h_2_734_R1_peak_21217_lociStitched	chr16	4660139	4691685	10	12163	28239.9792	3656.1814	386	1
7_MV411-DMSO-8h_2_734_R1_peak_28807_lociStitched	chr19	8557924	8580862	7	10719	28170.1578	3587.5032	387	1
2_MV411-DMSO-8h_2_734_R1_peak_21989_lociStitched	chr16	29803293	29809918	2	6331	25250.525	774.4625	388	1
9_MV411-DMSO-8h_2_734_R1_peak_57794_lociStitched	chr8	60885896	60928437	9	10609	31850.4467	7389.3717	389	1
1_MV411-DMSO-8h_2_734_R1_peak_27007_lociStitched	chr18	3446952	3453037	1	6086	25028.2135	621.887	390	1
14_MV411-DMSO-8h_2_734_R1_peak_61494_lociStitched	chr9	124238912	124287480	14	13420	30456.9928	6056.4296	391	1
15_MV411-DMSO-8h_2_734_R1_peak_43794_lociStitched	chr3	177325048	177362094	15	13865	28073.4588	3726.8276	392	1
9_MV411-DMSO-8h_2_734_R1_peak_8218_lociStitched	chr10	97405125	97429099	9	14011	27059.4538	2721.049	393	1
13_MV411-DMSO-8h_2_734_R1_peak_40750_lociStitched	chr3	12991130	13018094	13	14659	27535.6368	3246.4656	394	1
19_MV411-DMSO-8h_2_734_R1_peak_3504_lociStitched	chr1	150152725	150187765	19	15017	28175.664	3892.944	395	1
7_MV411-DMSO-8h_2_734_R1_peak_34293_lociStitched	chr2	159695319	159717151	7	12001	25936.416	1722.5448	396	1
6_MV411-DMSO-8h_2_734_R1_peak_60951_lociStitched	chr9	105241302	105264242	6	11029	26562.226	2381.172	397	1
6_MV411-DMSO-8h_2_734_R1_peak_3178_lociStitched	chr1	116987952	117012593	6	13599	26659.0979	2483.8128	398	1
11_MV411-DMSO-8h_2_734_R1_peak_47185_lociStitched	chr5	40671920	40690315	11	11117	25942.4685	1776.957	399	1
8_MV411-DMSO-8h_2_734_R1_peak_8310_lociStitched	chr10	101042161	101073133	8	9325	27803.5644	3663.9876	400	1
11_MV411-DMSO-8h_2_734_R1_peak_2735_lociStitched	chr1	94596875	94626222	11	14646	27280.9712	3148.9331	401	1
6_MV411-DMSO-8h_2_734_R1_peak_28133_lociStitched	chr19	488045	511587	6	6974	27986.7296	3910.3262	402	1
5_MV411-DMSO-8h_2_734_R1_peak_59927_lociStitched	chr9	21983978	21996926	5	7569	25246.0104	1175.6784	403	1
18_MV411-DMSO-8h_2_734_R1_peak_52202_lociStitched	chr6	106107091	106165645	18	14456	30916.512	6850.818	404	1
7_MV411-DMSO-8h_2_734_R1_peak_24227_lociStitched	chr17	17819989	17851175	7	14772	27764.8958	3714.2526	405	1
19_MV411-DMSO-8h_2_734_R1_peak_7761_lociStitched	chr10	79126236	79164446	19	15396	29085.452	5039.899	406	1
21_MV411-DMSO-8h_2_734_R1_peak_51079_lociStitched	chr6	35360223	35392818	21	15764	27523.218	3481.146	407	1
13_MV411-DMSO-8h_2_734_R1_peak_14312_lociStitched	chr12	104456152	104481624	13	12430	26498.5216	2458.048	408	1
4_MV411-DMSO-8h_2_734_R1_peak_40782_lociStitched	chr3	13411715	13431568	4	9993	25947.871	1917.7998	409	1
18_MV411-DMSO-8h_2_734_R1_peak_41336_lociStitched	chr3	39248107	39284708	18	16821	28091.2675	4150.5534	410	1
12_MV411-DMSO-8h_2_734_R1_peak_37924_lociStitched	chr20	62711325	62743711	12	13024	27631.7352	3724.39	411	1
19_MV411-DMSO-8h_2_734_R1_peak_25994_lociStitched	chr17	64321257	64358613	19	19799	27968.4372	4094.2176	412	1
14_MV411-DMSO-8h_2_734_R1_peak_25494_lociStitched	chr17	49727112	49754510	14	12950	26902.0962	3065.8362	413	1
6_MV411-DMSO-8h_2_734_R1_peak_28334_lociStitched	chr19	2541770	2553357	6	9881	25885.358	2053.2164	414	1
MV411-DMSO-8h_2_734_R1_peak_1250	chr1	28504831	28510618	1	5788	24571.0233	767.9349	415	1
2_MV411-DMSO-8h_2_734_R1_peak_57930_lociStitched	chr8	67054796	67065921	2	5430	25441.7625	1655.4	416	1
8_MV411-DMSO-8h_2_734_R1_peak_290_lociStitched	chr1	8874017	8909120	8	9396	27057.3924	3271.5996	417	1
1_MV411-DMSO-8h_2_734_R1_peak_41713_lociStitched	chr3	49017507	49023363	1	5857	24526.6848	747.8112	418	1
1_MV411-DMSO-8h_2_734_R1_peak_15736_lociStitched	chr13	30462757	30467633	1	4877	24675.4856	907.4236	419	1
1_MV411-DMSO-8h_2_734_R1_peak_50758_lociStitched	chr6	30613586	30619479	1	5894	24346.3402	586.3535	420	1
6_MV411-DMSO-8h_2_734_R1_peak_8969_lociStitched	chr10	133276981	133318787	6	10793	28168.8828	4410.533	421	1
13_MV411-DMSO-8h_2_734_R1_peak_24895_lociStitched	chr17	38866908	38902555	13	15746	27890.2128	4184.9578	422	1
7_MV411-DMSO-8h_2_734_R1_peak_5786_lociStitched	chr1	234707556	234732328	7	10641	26909.8236	3245.132	423	1
19_MV411-DMSO-8h_2_734_R1_peak_36024_lociStitched	chr20	1802326	1858089	19	17495	30814.6338	7154.3929	424	1
6_MV411-DMSO-8h_2_734_R1_peak_18594_lociStitched	chr15	25848904	25870115	6	10995	25983.475	2341.6944	425	1
2_MV411-DMSO-8h_2_734_R1_peak_28277_lociStitched	chr19	1894537	1906215	2	9538	25467.3824	1862.641	426	1
8_MV411-DMSO-8h_2_734_R1_peak_12363_lociStitched	chr12	6603046	6645351	8	12662	28344.35	4788.926	427	1
6_MV411-DMSO-8h_2_734_R1_peak_9014_lociStitched	chr11	502120	518790	6	8543	25545.108	2023.738	428	1
3_MV411-DMSO-8h_2_734_R1_peak_30020_lociStitched	chr19	40748097	40762589	3	6482	26005.894	2495.5224	429	1
7_MV411-DMSO-8h_2_734_R1_peak_59476_lociStitched	chr8	141373266	141418748	7	12003	31646.3756	8145.8262	430	1
8_MV411-DMSO-8h_2_734_R1_peak_31716_lociStitched	chr2	28356255	28406717	8	12839	29161.9898	5742.5756	431	1
2_MV411-DMSO-8h_2_734_R1_peak_21012_lociStitched	chr16	1468631	1484149	2	7441	25140.7118	1738.016	432	1
15_MV411-DMSO-8h_2_734_R1_peak_24538_lociStitched	chr17	29681811	29727511	15	15773	27657.64	4259.24	433	1
1_MV411-DMSO-8h_2_734_R1_peak_50767_lociStitched	chr6	30715951	30722790	1	6840	24039.7689	671.5898	434	1
1_MV411-DMSO-8h_2_734_R1_peak_60792_lociStitched	chr9	97982133	97986710	1	4578	23777.515	442.1382	435	1
4_MV411-DMSO-8h_2_734_R1_peak_34980_lociStitched	chr2	206083488	206099933	4	8649	24769.459	1447.16	436	1
20_MV411-DMSO-8h_2_734_R1_peak_22878_lociStitched	chr16	75062061	75111780	20	16951	29170.1373	5876.7858	437	1
1_MV411-DMSO-8h_2_734_R1_peak_62171_lociStitched	chr9	137027130	137035676	1	8547	24307.3878	1022.1016	438	1
12_MV411-DMSO-8h_2_734_R1_peak_17994_lociStitched	chr14	90627491	90675466	12	15750	28214.0975	4941.425	439	1
3_MV411-DMSO-8h_2_734_R1_peak_51475_lociStitched	chr6	42774210	42784964	3	5548	24250.27	980.7648	440	1
4_MV411-DMSO-8h_2_734_R1_peak_32481_lociStitched	chr2	60547678	60557340	4	9174	24279.6398	1090.8398	441	1
6_MV411-DMSO-8h_2_734_R1_peak_24214_lociStitched	chr17	17661788	17695625	6	8029	27242.1687	4053.6726	442	1
17_MV411-DMSO-8h_2_734_R1_peak_4443_lociStitched	chr1	181099521	181153661	17	15070	29316.81	6144.89	443	1
6_MV411-DMSO-8h_2_734_R1_peak_34743_lociStitched	chr2	195646013	195659925	6	10561	24535.2032	1439.892	444	1
13_MV411-DMSO-8h_2_734_R1_peak_60684_lociStitched	chr9	93090586	93127865	13	17053	27441.0719	4346.7314	445	1
MV411-DMSO-8h_2_734_R1_peak_50502	chr6	26192622	26200800	1	8179	23755.4544	693.4944	446	1
3_MV411-DMSO-8h_2_734_R1_peak_59534_lociStitched	chr8	143276213	143292275	3	7915	25702.4124	2645.4114	447	1
22_MV411-DMSO-8h_2_734_R1_peak_19732_lociStitched	chr15	67073732	67121334	22	19127	28499.3174	5488.5106	448	1
10_MV411-DMSO-8h_2_734_R1_peak_29211_lociStitched	chr19	16063067	16086960	10	7823	26965.6398	3968.6273	449	1
4_MV411-DMSO-8h_2_734_R1_peak_13464_lociStitched	chr12	54276369	54290127	4	8562	24564.909	1606.9344	450	1
7_MV411-DMSO-8h_2_734_R1_peak_42008_lociStitched	chr3	53235144	53271795	7	11392	27374.6319	4456.7616	451	1
14_MV411-DMSO-8h_2_734_R1_peak_26003_lociStitched	chr17	64383921	64421262	14	14364	26668.9422	3767.7069	452	1
10_MV411-DMSO-8h_2_734_R1_peak_58810_lociStitched	chr8	119639003	119656027	10	11106	25522.3808	2722.1376	453	1
1_MV411-DMSO-8h_2_734_R1_peak_47226_lociStitched	chr5	43063568	43068655	1	5088	23442.4221	666.397	454	1
15_MV411-DMSO-8h_2_734_R1_peak_6923_lociStitched	chr10	42960246	43013591	15	15733	29014.3455	6246.6995	455	1
2_MV411-DMSO-8h_2_734_R1_peak_3915_lociStitched	chr1	156746512	156753591	2	6988	23541.2145	840.9852	456	1
6_MV411-DMSO-8h_2_734_R1_peak_6038_lociStitched	chr1	243710835	243733155	6	9562	24525.216	1839.168	457	1
6_MV411-DMSO-8h_2_734_R1_peak_63351_lociStitched	chrX	107701671	107721948	6	9987	23766.6717	1080.7641	458	1
15_MV411-DMSO-8h_2_734_R1_peak_28701_lociStitched	chr19	7332650	7384512	15	11277	30816.4004	8194.196	459	1
10_MV411-DMSO-8h_2_734_R1_peak_6319_lociStitched	chr10	6033077	6086499	10	16942	27117.0072	4546.2122	460	1
11_MV411-DMSO-8h_2_734_R1_peak_20627_lociStitched	chr15	90680804	90722183	11	12216	26946.0048	4390.3119	461	1
1_MV411-DMSO-8h_2_734_R1_peak_49690_lociStitched	chr5	181241724	181249003	1	7280	23343.753	815.248	462	1
7_MV411-DMSO-8h_2_734_R1_peak_51933_lociStitched	chr6	73511143	73524447	7	7576	23892.6536	1372.9728	463	1
12_MV411-DMSO-8h_2_734_R1_peak_12012_lociStitched	chr11	126336390	126359190	12	12267	25107.36	2642.52	464	1
7_MV411-DMSO-8h_2_734_R1_peak_10249_lociStitched	chr11	60363654	60393277	7	9515	25520.2145	3074.8674	465	1
2_MV411-DMSO-8h_2_734_R1_peak_25078_lociStitched	chr17	42009698	42026041	2	9378	24238.3033	1799.3643	466	1
6_MV411-DMSO-8h_2_734_R1_peak_38982_lociStitched	chr22	19937875	19948753	6	6043	23449.7046	1029.0588	467	1
7_MV411-DMSO-8h_2_734_R1_peak_53276_lociStitched	chr6	159033594	159063768	7	12678	25478.9256	3107.922	468	1
1_MV411-DMSO-8h_2_734_R1_peak_53197_lociStitched	chr6	156776460	156782910	1	6451	22980.705	617.265	469	1
4_MV411-DMSO-8h_2_734_R1_peak_54130_lociStitched	chr7	26197052	26205812	4	7385	23327.004	990.756	470	1
16_MV411-DMSO-8h_2_734_R1_peak_2740_lociStitched	chr1	94708818	94756751	16	17541	27604.6147	5296.5965	471	1
1_MV411-DMSO-8h_2_734_R1_peak_15953_lociStitched	chr13	36997804	37002314	1	4511	23279.267	998.514	472	1
17_MV411-DMSO-8h_2_734_R1_peak_36851_lociStitched	chr20	32497311	32555152	17	19298	28885.7954	6617.0104	473	1
2_MV411-DMSO-8h_2_734_R1_peak_31296_lociStitched	chr2	10119683	10126482	2	6596	22899.7119	652.0241	474	1
8_MV411-DMSO-8h_2_734_R1_peak_15070_lociStitched	chr12	123431948	123449724	8	12848	23985.1568	1759.824	475	1
6_MV411-DMSO-8h_2_734_R1_peak_28278_lociStitched	chr19	1922473	1943732	6	7601	25691.5015	3473.7206	476	1
10_MV411-DMSO-8h_2_734_R1_peak_50804_lociStitched	chr6	31550973	31565389	10	12405	23557.1856	1353.6624	477	1
12_MV411-DMSO-8h_2_734_R1_peak_38343_lociStitched	chr21	33197143	33218762	12	13012	24818.612	2628.8704	478	1
3_MV411-DMSO-8h_2_734_R1_peak_53666_lociStitched	chr7	2509866	2532056	3	10713	25198.964	3042.249	479	1
2_MV411-DMSO-8h_2_734_R1_peak_40355_lociStitched	chr22	50302148	50315184	2	8888	23644.6968	1585.1776	480	1
5_MV411-DMSO-8h_2_734_R1_peak_30525_lociStitched	chr19	48320573	48334514	5	9747	24465.0609	2410.3989	481	1
4_MV411-DMSO-8h_2_734_R1_peak_28309_lociStitched	chr19	2263508	2273840	4	8893	23738.8032	1686.1824	482	1
11_MV411-DMSO-8h_2_734_R1_peak_42108_lociStitched	chr3	58332278	58366666	11	14452	25275.18	3225.5944	483	1
15_MV411-DMSO-8h_2_734_R1_peak_41012_lociStitched	chr3	18193884	18226106	15	14187	25294.27	3260.8664	484	1
4_MV411-DMSO-8h_2_734_R1_peak_38560_lociStitched	chr21	37358034	37371276	4	6949	23394.6414	1374.5196	485	1
13_MV411-DMSO-8h_2_734_R1_peak_48571_lociStitched	chr5	139458565	139489016	13	11442	25386.9987	3373.9708	486	1
7_MV411-DMSO-8h_2_734_R1_peak_31069_lociStitched	chr19	56312900	56325237	7	8983	23920.2093	1923.3383	487	1
9_MV411-DMSO-8h_2_734_R1_peak_9482_lociStitched	chr11	14611619	14646960	9	10349	24706.8931	2710.6547	488	1
8_MV411-DMSO-8h_2_734_R1_peak_10956_lociStitched	chr11	72804445	72817005	8	10409	23296.288	1340.152	489	1
12_MV411-DMSO-8h_2_734_R1_peak_51445_lociStitched	chr6	42312914	42339845	12	14071	24870.7785	3000.1134	490	1
3_MV411-DMSO-8h_2_734_R1_peak_30454_lociStitched	chr19	46846166	46863200	3	8437	24758.919	2895.78	491	1
17_MV411-DMSO-8h_2_734_R1_peak_58681_lociStitched	chr8	113403113	113439931	17	14173	26324.87	4480.7506	492	1
6_MV411-DMSO-8h_2_734_R1_peak_53384_lociStitched	chr6	163398680	163418659	6	7585	24082.6866	2257.627	493	1
2_MV411-DMSO-8h_2_734_R1_peak_25522_lociStitched	chr17	50146809	50161614	2	6607	23538.4695	1715.8995	494	1
6_MV411-DMSO-8h_2_734_R1_peak_28206_lociStitched	chr19	1087018	1107572	6	9918	25203.3148	3448.9612	495	1
3_MV411-DMSO-8h_2_734_R1_peak_62051_lociStitched	chr9	134365496	134375872	3	7137	23098.0136	1385.196	496	1
11_MV411-DMSO-8h_2_734_R1_peak_8564_lociStitched	chr10	110843029	110874918	11	13062	25543.089	3839.4356	497	1
7_MV411-DMSO-8h_2_734_R1_peak_29191_lociStitched	chr19	15358567	15380789	7	8982	24955.306	3304.4114	498	1
15_MV411-DMSO-8h_2_734_R1_peak_9420_lociStitched	chr11	12148254	12187952	15	15568	26260.227	4632.7566	499	1
7_MV411-DMSO-8h_2_734_R1_peak_30168_lociStitched	chr19	42184566	42209291	7	10373	25543.3975	3948.5825	500	1
12_MV411-DMSO-8h_2_734_R1_peak_9078_lociStitched	chr11	1757645	1793324	12	15386	25792.3491	4199.4183	501	1
8_MV411-DMSO-8h_2_734_R1_peak_32391_lociStitched	chr2	55099772	55138199	8	11004	25769.1462	4192.3857	502	1
6_MV411-DMSO-8h_2_734_R1_peak_36040_lociStitched	chr20	1883319	1909566	6	7121	24656.4318	3091.8966	503	1
MV411-DMSO-8h_2_734_R1_peak_50818	chr6	31583720	31589773	1	6054	22328.3064	763.8886	504	1
10_MV411-DMSO-8h_2_734_R1_peak_31864_lociStitched	chr2	37634810	37675918	10	10154	25988.4776	4443.7748	505	1
10_MV411-DMSO-8h_2_734_R1_peak_17053_lociStitched	chr14	50037560	50065866	10	12262	24677.1708	3153.2884	506	1
8_MV411-DMSO-8h_2_734_R1_peak_35648_lociStitched	chr2	233221478	233252950	8	15309	24790.4944	3266.7936	507	1
22_MV411-DMSO-8h_2_734_R1_peak_35388_lociStitched	chr2	224881793	224954011	22	18495	28345.565	6846.2664	508	1
9_MV411-DMSO-8h_2_734_R1_peak_9516_lociStitched	chr11	16785738	16818251	9	13293	25330.8783	3856.0418	509	1
5_MV411-DMSO-8h_2_734_R1_peak_8274_lociStitched	chr10	100181258	100193061	5	8834	22550.8118	1089.4169	510	1
5_MV411-DMSO-8h_2_734_R1_peak_27891_lociStitched	chr18	63299316	63323034	5	11110	24346.527	2978.9808	511	1
14_MV411-DMSO-8h_2_734_R1_peak_25835_lociStitched	chr17	60371271	60399659	14	13234	23965.1496	2600.3408	512	1
22_MV411-DMSO-8h_2_734_R1_peak_48127_lociStitched	chr5	114402432	114436589	22	23635	24251.47	2889.6822	513	1
3_MV411-DMSO-8h_2_734_R1_peak_46983_lociStitched	chr5	32381914	32392368	3	10247	22364.2422	1008.811	514	1
8_MV411-DMSO-8h_2_734_R1_peak_56096_lociStitched	chr7	139095061	139134545	8	12978	25151.308	3822.0512	515	1
4_MV411-DMSO-8h_2_734_R1_peak_30749_lociStitched	chr19	50718291	50728453	4	7208	22908.1966	1636.082	516	1
4_MV411-DMSO-8h_2_734_R1_peak_54583_lociStitched	chr7	44974070	44983989	4	8269	22654.0041	1400.5628	517	1
6_MV411-DMSO-8h_2_734_R1_peak_63091_lociStitched	chrX	65595263	65611421	6	11875	21924.7902	680.2518	518	1
8_MV411-DMSO-8h_2_734_R1_peak_15822_lociStitched	chr13	32022413	32049735	8	11278	26939.492	5721.2268	519	1
7_MV411-DMSO-8h_2_734_R1_peak_58209_lociStitched	chr8	93688339	93706267	7	9455	23695.4376	2479.4424	520	1
10_MV411-DMSO-8h_2_734_R1_peak_50566_lociStitched	chr6	26533005	26578154	10	10694	25599.483	4397.5126	521	1
4_MV411-DMSO-8h_2_734_R1_peak_25286_lociStitched	chr17	45221003	45231492	4	9845	22746.4454	1547.1275	522	1
9_MV411-DMSO-8h_2_734_R1_peak_50200_lociStitched	chr6	14897969	14933033	9	10170	25084.7856	3892.104	523	1
8_MV411-DMSO-8h_2_734_R1_peak_1060_lociStitched	chr1	26618865	26649155	8	7306	23780.679	2595.853	524	1
12_MV411-DMSO-8h_2_734_R1_peak_49580_lociStitched	chr5	178525949	178562733	12	14199	24877.0192	3707.8272	525	1
8_MV411-DMSO-8h_2_734_R1_peak_4704_lociStitched	chr1	198917786	198937487	8	12443	22882.7115	1751.4189	526	1
12_MV411-DMSO-8h_2_734_R1_peak_37095_lociStitched	chr20	36929231	36969877	12	10781	25342.781	4243.4424	527	1
16_MV411-DMSO-8h_2_734_R1_peak_16716_lociStitched	chr14	22533080	22569071	16	13855	25312.4703	4225.3434	528	1
1_MV411-DMSO-8h_2_734_R1_peak_37415_lociStitched	chr20	47353874	47361082	1	7209	21980.0752	893.0712	529	1
5_MV411-DMSO-8h_2_734_R1_peak_23921_lociStitched	chr17	8192396	8227736	5	8891	24706.194	3647.088	530	1
10_MV411-DMSO-8h_2_734_R1_peak_53535_lociStitched	chr7	87821	144632	10	11193	27252.2367	6209.4423	531	1
16_MV411-DMSO-8h_2_734_R1_peak_23158_lociStitched	chr16	85898271	85948459	16	15386	26750.204	5746.526	532	1
7_MV411-DMSO-8h_2_734_R1_peak_14959_lociStitched	chr12	121620790	121665228	7	11003	25840.697	4857.0734	533	1
4_MV411-DMSO-8h_2_734_R1_peak_22356_lociStitched	chr16	54922161	54937002	4	8685	22319.3799	1350.531	534	1
17_MV411-DMSO-8h_2_734_R1_peak_49882_lociStitched	chr6	6856349	6900789	17	15969	25641.88	4675.088	535	1
9_MV411-DMSO-8h_2_734_R1_peak_36644_lociStitched	chr20	23047052	23064176	9	8213	22677.3132	1787.7456	536	1
3_MV411-DMSO-8h_2_734_R1_peak_13774_lociStitched	chr12	66233532	66247485	3	10581	22210.3854	1324.1397	537	1
1_MV411-DMSO-8h_2_734_R1_peak_59748_lociStitched	chr9	3524099	3529205	1	5107	21335.9316	458.0082	538	1
3_MV411-DMSO-8h_2_734_R1_peak_24621_lociStitched	chr17	31308010	31321701	3	11984	22143.8234	1302.0141	539	1
2_MV411-DMSO-8h_2_734_R1_peak_9551_lociStitched	chr11	18382135	18396991	2	6838	22252.8024	1421.7192	540	1
4_MV411-DMSO-8h_2_734_R1_peak_41362_lociStitched	chr3	40298302	40312298	4	10398	22250.8408	1444.3872	541	1
6_MV411-DMSO-8h_2_734_R1_peak_29072_lociStitched	chr19	13784819	13798046	6	10838	22997.7849	2199.6501	542	1
13_MV411-DMSO-8h_2_734_R1_peak_61224_lociStitched	chr9	112844885	112869351	13	12123	23780.952	3028.8908	543	1
14_MV411-DMSO-8h_2_734_R1_peak_59273_lociStitched	chr8	133217637	133257081	14	11827	27847.464	7103.8644	544	1
22_MV411-DMSO-8h_2_734_R1_peak_42899_lociStitched	chr3	127728484	127801389	22	18875	29358.8435	8617.371	545	1
3_MV411-DMSO-8h_2_734_R1_peak_31140_lociStitched	chr19	58569427	58576408	3	5614	22036.9227	1338.2577	546	1
9_MV411-DMSO-8h_2_734_R1_peak_46290_lociStitched	chr4	153650333	153666896	9	12894	22530.6489	1841.8056	547	1
4_MV411-DMSO-8h_2_734_R1_peak_22483_lociStitched	chr16	57535657	57550904	4	11441	22335.3303	1663.4477	548	1
7_MV411-DMSO-8h_2_734_R1_peak_23303_lociStitched	chr16	88781041	88801162	7	12271	22815.2019	2152.947	549	1
4_MV411-DMSO-8h_2_734_R1_peak_9720_lociStitched	chr11	34044478	34055670	4	6755	21759.4864	1101.2928	550	1
3_MV411-DMSO-8h_2_734_R1_peak_27982_lociStitched	chr18	75207335	75223742	3	6646	22462.8237	1812.9735	551	1
5_MV411-DMSO-8h_2_734_R1_peak_29751_lociStitched	chr19	34164598	34175899	5	5939	22137.5289	1524.5049	552	1
11_MV411-DMSO-8h_2_734_R1_peak_11748_lociStitched	chr11	118185038	118242146	11	14179	27080.6136	6521.7336	553	1
8_MV411-DMSO-8h_2_734_R1_peak_26876_lociStitched	chr17	82587775	82628338	8	9105	25254.5238	4713.4206	554	1
20_MV411-DMSO-8h_2_734_R1_peak_18056_lociStitched	chr14	91339656	91389250	20	15262	26180.6726	5738.0258	555	1
11_MV411-DMSO-8h_2_734_R1_peak_61556_lociStitched	chr9	125745611	125764199	11	13095	22207.0836	1765.86	556	1
MV411-DMSO-8h_2_734_R1_peak_63774	chrX	153968117	153975232	1	7116	20833.4315	403.4205	557	1
MV411-DMSO-8h_2_734_R1_peak_23302	chr16	88699447	88707395	1	7949	21386.4784	989.526	558	1
10_MV411-DMSO-8h_2_734_R1_peak_40534_lociStitched	chr3	5183665	5200411	10	11456	22136.5374	1739.9094	559	1
8_MV411-DMSO-8h_2_734_R1_peak_345_lociStitched	chr1	9626430	9657997	8	10645	23741.5407	3349.2587	560	1
6_MV411-DMSO-8h_2_734_R1_peak_46108_lociStitched	chr4	139167695	139191798	6	7114	22642.3582	2275.3232	561	1
9_MV411-DMSO-8h_2_734_R1_peak_29378_lociStitched	chr19	17738496	17765732	9	11947	24738.4588	4376.8252	562	1
16_MV411-DMSO-8h_2_734_R1_peak_36231_lociStitched	chr20	4956614	4999386	16	14826	24581.0684	4225.8736	563	1
8_MV411-DMSO-8h_2_734_R1_peak_43506_lociStitched	chr3	158791119	158814195	8	10182	22651.4016	2319.138	564	1
17_MV411-DMSO-8h_2_734_R1_peak_37737_lociStitched	chr20	53903949	53950100	17	14111	25179.9856	4882.7758	565	1
2_MV411-DMSO-8h_2_734_R1_peak_29951_lociStitched	chr19	39334826	39343673	2	8567	21679.5735	1400.4801	566	1
4_MV411-DMSO-8h_2_734_R1_peak_63348_lociStitched	chrX	107673138	107686644	4	9854	21184.161	906.2526	567	1
2_MV411-DMSO-8h_2_734_R1_peak_41690_lociStitched	chr3	48557090	48567183	2	9113	21670.6803	1405.9549	568	1
23_MV411-DMSO-8h_2_734_R1_peak_61928_lociStitched	chr9	131620453	131679186	23	16187	27140.5193	6877.6343	569	1
7_MV411-DMSO-8h_2_734_R1_peak_32097_lociStitched	chr2	42949342	42975665	7	9558	23556.4527	3327.2272	570	1
9_MV411-DMSO-8h_2_734_R1_peak_33291_lociStitched	chr2	98454249	98478526	9	8699	23116.5594	2898.6738	571	1
9_MV411-DMSO-8h_2_734_R1_peak_35548_lociStitched	chr2	231383157	231422137	9	14883	24444.358	4229.33	572	1
5_MV411-DMSO-8h_2_734_R1_peak_3543_lociStitched	chr1	150560770	150580771	5	8913	22287.1143	2076.1038	573	1
10_MV411-DMSO-8h_2_734_R1_peak_10694_lociStitched	chr11	66432387	66470071	10	12922	24181.8228	3986.9672	574	1
7_MV411-DMSO-8h_2_734_R1_peak_8426_lociStitched	chr10	103178376	103203245	7	11015	22459.1939	2275.5135	575	1
8_MV411-DMSO-8h_2_734_R1_peak_30216_lociStitched	chr19	43664334	43701947	8	8769	26475.7907	6326.5066	576	1
8_MV411-DMSO-8h_2_734_R1_peak_23102_lociStitched	chr16	85523467	85538382	8	8615	21999.625	1852.443	577	1
6_MV411-DMSO-8h_2_734_R1_peak_33399_lociStitched	chr2	101463195	101477489	6	8461	21786.9148	1676.6862	578	1
7_MV411-DMSO-8h_2_734_R1_peak_60162_lociStitched	chr9	35634333	35653597	7	12134	22109.2928	2005.3824	579	1
6_MV411-DMSO-8h_2_734_R1_peak_49491_lociStitched	chr5	177477975	177502966	6	11287	23349.0913	3273.821	580	1
9_MV411-DMSO-8h_2_734_R1_peak_53678_lociStitched	chr7	2631909	2646093	9	10684	21690.1728	1626.9048	581	1
16_MV411-DMSO-8h_2_734_R1_peak_60403_lociStitched	chr9	76558497	76610584	16	17606	22647.4276	2593.9326	582	1
6_MV411-DMSO-8h_2_734_R1_peak_53456_lociStitched	chr6	167079309	167096276	6	9828	21432.7144	1384.5072	583	1
13_MV411-DMSO-8h_2_734_R1_peak_4761_lociStitched	chr1	200879991	200908299	13	12423	23594.718	3569.6388	584	1
5_MV411-DMSO-8h_2_734_R1_peak_62982_lociStitched	chrX	49148501	49177608	5	9732	21501.3409	1484.457	585	1
2_MV411-DMSO-8h_2_734_R1_peak_40932_lociStitched	chr3	17738074	17748519	2	7326	21112.4785	1097.7695	586	1
8_MV411-DMSO-8h_2_734_R1_peak_38247_lociStitched	chr21	29063879	29081225	8	11360	21694.6422	1694.7042	587	1
4_MV411-DMSO-8h_2_734_R1_peak_35855_lociStitched	chr2	240610554	240628378	4	10789	22205.1392	2274.3424	588	1
5_MV411-DMSO-8h_2_734_R1_peak_56776_lociStitched	chr8	17898616	17928834	5	8515	24252.9668	4357.4356	589	1
4_MV411-DMSO-8h_2_734_R1_peak_19962_lociStitched	chr15	72774499	72797372	4	7367	22333.1972	2440.5491	590	1
2_MV411-DMSO-8h_2_734_R1_peak_46120_lociStitched	chr4	139294956	139303192	2	7996	20632.0036	825.2472	591	1
2_MV411-DMSO-8h_2_734_R1_peak_62734_lociStitched	chrX	38801360	38817844	2	7766	20497.854	721.9992	592	1
1_MV411-DMSO-8h_2_734_R1_peak_31057_lociStitched	chr19	55653061	55657927	1	4867	20509.2168	746.4444	593	1
3_MV411-DMSO-8h_2_734_R1_peak_54693_lociStitched	chr7	50303434	50314915	3	8423	21073.3755	1312.2783	594	1
5_MV411-DMSO-8h_2_734_R1_peak_61754_lociStitched	chr9	129333614	129352091	5	9984	22142.8368	2416.7916	595	1
13_MV411-DMSO-8h_2_734_R1_peak_35129_lociStitched	chr2	216475089	216502024	13	10945	22905.524	3186.4105	596	1
13_MV411-DMSO-8h_2_734_R1_peak_36242_lociStitched	chr20	5046358	5093480	13	12789	24522.2888	4820.5806	597	1
3_MV411-DMSO-8h_2_734_R1_peak_34192_lociStitched	chr2	156331368	156343330	3	6446	20691.8676	990.4536	598	1
14_MV411-DMSO-8h_2_734_R1_peak_35414_lociStitched	chr2	225003241	225031939	14	16404	22229.4708	2531.1636	599	1
10_MV411-DMSO-8h_2_734_R1_peak_4693_lociStitched	chr1	198656431	198696096	10	11163	23215.9245	3530.185	600	1
1_MV411-DMSO-8h_2_734_R1_peak_26776_lociStitched	chr17	81509735	81515858	1	6124	20352.852	671.0808	601	1
3_MV411-DMSO-8h_2_734_R1_peak_43019_lociStitched	chr3	129179622	129196588	3	6814	21037.84	1358.9766	602	1
6_MV411-DMSO-8h_2_734_R1_peak_686_lociStitched	chr1	19309588	19322471	6	11659	21182.2286	1507.311	603	1
10_MV411-DMSO-8h_2_734_R1_peak_54963_lociStitched	chr7	74631974	74661079	10	9529	22533.091	2861.0215	604	1
7_MV411-DMSO-8h_2_734_R1_peak_8792_lociStitched	chr10	124637581	124651463	7	10944	21258.8948	1601.9828	605	1
9_MV411-DMSO-8h_2_734_R1_peak_44597_lociStitched	chr4	2785435	2804674	9	11530	22222.9689	2587.6455	606	1
2_MV411-DMSO-8h_2_734_R1_peak_15556_lociStitched	chr13	27250490	27260019	2	5388	21225.8475	1598.0133	607	1
7_MV411-DMSO-8h_2_734_R1_peak_59667_lociStitched	chr9	208759	223486	7	10203	21248.1156	1639.1151	608	1
1_MV411-DMSO-8h_2_734_R1_peak_58421_lociStitched	chr8	100719187	100724681	1	5495	20358.5664	765.8636	609	1
6_MV411-DMSO-8h_2_734_R1_peak_51115_lociStitched	chr6	35705931	35732723	6	10720	22754.4456	3244.5112	610	1
2_MV411-DMSO-8h_2_734_R1_peak_22022_lociStitched	chr16	30182705	30187414	2	4573	20161.1126	668.2071	611	1
8_MV411-DMSO-8h_2_734_R1_peak_47730_lociStitched	chr5	78900100	78922093	8	9623	21660.9057	2194.9014	612	1
5_MV411-DMSO-8h_2_734_R1_peak_15477_lociStitched	chr13	24270378	24281729	5	9001	21429.5529	1983.0197	613	1
13_MV411-DMSO-8h_2_734_R1_peak_815_lociStitched	chr1	21903718	21940387	13	14523	23585.5008	4161.9315	614	1
4_MV411-DMSO-8h_2_734_R1_peak_23978_lociStitched	chr17	10012608	10034196	4	9468	21652.764	2236.5168	615	1
1_MV411-DMSO-8h_2_734_R1_peak_30448_lociStitched	chr19	46783669	46788661	1	4993	20499.1488	1098.24	616	1
9_MV411-DMSO-8h_2_734_R1_peak_965_lociStitched	chr1	25079688	25105205	9	11523	22559.5797	3159.0046	617	1
7_MV411-DMSO-8h_2_734_R1_peak_25633_lociStitched	chr17	56908142	56920585	7	8844	21032.4029	1673.5835	618	1
14_MV411-DMSO-8h_2_734_R1_peak_50437_lociStitched	chr6	25146601	25185462	14	14733	22690.9379	3357.5904	619	1
5_MV411-DMSO-8h_2_734_R1_peak_25322_lociStitched	chr17	46178136	46195714	5	6397	22000.6248	2699.9808	620	1
14_MV411-DMSO-8h_2_734_R1_peak_28622_lociStitched	chr19	6556673	6604133	14	13050	26530.14	7232.904	621	1
17_MV411-DMSO-8h_2_734_R1_peak_53945_lociStitched	chr7	17027595	17069900	17	13084	23259.289	3976.67	622	1
2_MV411-DMSO-8h_2_734_R1_peak_47225_lociStitched	chr5	43037770	43043600	2	5305	19972.997	729.333	623	1
MV411-DMSO-8h_2_734_R1_peak_25220	chr17	44216353	44222004	1	5652	19810.1456	601.2664	624	1
1_MV411-DMSO-8h_2_734_R1_peak_28396_lociStitched	chr19	3365188	3370790	1	5603	20289.8838	1112.5572	625	1
3_MV411-DMSO-8h_2_734_R1_peak_12649_lociStitched	chr12	13089995	13102902	3	7248	20473.0834	1297.1535	626	1
10_MV411-DMSO-8h_2_734_R1_peak_25812_lociStitched	chr17	59828283	59856306	10	12011	21989.6481	2816.3115	627	1
8_MV411-DMSO-8h_2_734_R1_peak_9955_lociStitched	chr11	46209805	46249177	8	8605	23335.7844	4193.118	628	1
2_MV411-DMSO-8h_2_734_R1_peak_25934_lociStitched	chr17	63696815	63703036	2	6076	19996.1603	864.719	629	1
19_MV411-DMSO-8h_2_734_R1_peak_9690_lociStitched	chr11	33165799	33235015	19	14701	25118.4864	6021.792	630	1
15_MV411-DMSO-8h_2_734_R1_peak_24119_lociStitched	chr17	15913927	15967005	15	12830	24771.5026	5684.6538	631	1
4_MV411-DMSO-8h_2_734_R1_peak_8682_lociStitched	chr10	119777103	119788881	4	8022	20159.2248	1134.2214	632	1
5_MV411-DMSO-8h_2_734_R1_peak_61761_lociStitched	chr9	129402322	129416829	5	5671	20829.1506	1858.3467	633	1
7_MV411-DMSO-8h_2_734_R1_peak_29640_lociStitched	chr19	29662295	29691122	7	9905	23759.2134	4799.6955	634	1
MV411-DMSO-8h_2_734_R1_peak_31033	chr19	55383174	55387932	1	4759	19753.3128	812.1906	635	1
10_MV411-DMSO-8h_2_734_R1_peak_15926_lociStitched	chr13	36395646	36422886	10	9748	23976.648	5036.676	636	1
4_MV411-DMSO-8h_2_734_R1_peak_54414_lociStitched	chr7	39948345	39955763	4	6424	19497.4712	607.5342	637	1
3_MV411-DMSO-8h_2_734_R1_peak_57924_lociStitched	chr8	66918040	66926921	3	5419	20349.0353	1469.8055	638	1
25_MV411-DMSO-8h_2_734_R1_peak_3447_lociStitched	chr1	149585400	149636832	25	12522	19359.0048	483.4608	639	1
3_MV411-DMSO-8h_2_734_R1_peak_3654_lociStitched	chr1	152028983	152049238	3	8928	21081.404	2211.846	640	1
9_MV411-DMSO-8h_2_734_R1_peak_19225_lociStitched	chr15	51620232	51635416	9	9317	20607.7248	1770.4544	641	1
2_MV411-DMSO-8h_2_734_R1_peak_13583_lociStitched	chr12	56320664	56339903	2	7565	21026.3031	2233.6479	642	1
6_MV411-DMSO-8h_2_734_R1_peak_35481_lociStitched	chr2	230658728	230679465	6	9617	20921.5593	2142.1321	643	1
12_MV411-DMSO-8h_2_734_R1_peak_50751_lociStitched	chr6	30496144	30532976	12	9921	22014.4864	3255.9488	644	1
2_MV411-DMSO-8h_2_734_R1_peak_34657_lociStitched	chr2	184596448	184602428	2	5876	19271.746	582.452	645	1
6_MV411-DMSO-8h_2_734_R1_peak_40587_lociStitched	chr3	9395493	9423223	6	6653	21041.524	2412.51	646	1
MV411-DMSO-8h_2_734_R1_peak_50475	chr6	26052352	26058144	1	5793	19192.9504	565.8784	647	1
MV411-DMSO-8h_2_734_R1_peak_48450	chr5	135431972	135440482	1	8511	19508.324	907.166	648	1
12_MV411-DMSO-8h_2_734_R1_peak_28016_lociStitched	chr18	76545861	76573883	12	12654	22109.358	3539.1786	649	1
2_MV411-DMSO-8h_2_734_R1_peak_25166_lociStitched	chr17	43359688	43370182	2	6593	19563.9642	995.8806	650	1
9_MV411-DMSO-8h_2_734_R1_peak_6356_lociStitched	chr10	6916961	6930701	9	9252	19628.964	1082.712	651	1
10_MV411-DMSO-8h_2_734_R1_peak_51772_lociStitched	chr6	52287167	52328358	10	13381	22679.7646	4139.6955	652	1
8_MV411-DMSO-8h_2_734_R1_peak_62457_lociStitched	chrX	13076963	13093401	8	13145	19521.7688	1007.6494	653	1
15_MV411-DMSO-8h_2_734_R1_peak_50251_lociStitched	chr6	15872157	15907938	15	15395	22241.4696	3735.5364	654	1
8_MV411-DMSO-8h_2_734_R1_peak_55522_lociStitched	chr7	101716779	101747750	8	9774	21781.9043	3310.7999	655	1
MV411-DMSO-8h_2_734_R1_peak_9278	chr11	8681597	8686751	1	5155	18995.067	533.439	656	1
2_MV411-DMSO-8h_2_734_R1_peak_30312_lociStitched	chr19	44939233	44948758	2	6771	19952.97	1509.7125	657	1
11_MV411-DMSO-8h_2_734_R1_peak_38173_lociStitched	chr21	25169102	25199569	11	14940	21247.6858	2812.1041	658	1
2_MV411-DMSO-8h_2_734_R1_peak_61393_lociStitched	chr9	121071186	121077417	2	5716	19096.7688	662.3553	659	1
1_MV411-DMSO-8h_2_734_R1_peak_4843_lociStitched	chr1	202158354	202163337	1	4984	19016.6229	599.4549	660	1
4_MV411-DMSO-8h_2_734_R1_peak_9536_lociStitched	chr11	17273194	17293519	4	6913	20274.1875	1871.9325	661	1
3_MV411-DMSO-8h_2_734_R1_peak_40334_lociStitched	chr22	49959551	49971951	3	8675	19596.96	1197.84	662	1
6_MV411-DMSO-8h_2_734_R1_peak_55392_lociStitched	chr7	99369027	99386502	6	9865	20295.465	1897.785	663	1
15_MV411-DMSO-8h_2_734_R1_peak_37550_lociStitched	chr20	49748123	49795319	15	15237	23602.7196	5248.1952	664	1
7_MV411-DMSO-8h_2_734_R1_peak_46654_lociStitched	chr5	955303	968076	7	9967	19943.7622	1600.4569	665	1
7_MV411-DMSO-8h_2_734_R1_peak_39661_lociStitched	chr22	36853158	36881899	7	7955	21710.9514	3382.8157	666	1
11_MV411-DMSO-8h_2_734_R1_peak_52494_lociStitched	chr6	122705643	122723326	11	11682	19974.7168	1653.3605	667	1
2_MV411-DMSO-8h_2_734_R1_peak_7282_lociStitched	chr10	68327852	68335699	2	6103	19143.5412	850.6148	668	1
9_MV411-DMSO-8h_2_734_R1_peak_17646_lociStitched	chr14	75169658	75189471	9	10730	20330.1193	2050.6455	669	1
2_MV411-DMSO-8h_2_734_R1_peak_37454_lociStitched	chr20	47997661	48008414	2	10678	19505.942	1229.0679	670	1
10_MV411-DMSO-8h_2_734_R1_peak_7175_lociStitched	chr10	62613225	62639348	10	11489	21125.6701	2863.0808	671	1
2_MV411-DMSO-8h_2_734_R1_peak_59804_lociStitched	chr9	6405620	6415671	2	6317	19317.0169	1079.4774	672	1
17_MV411-DMSO-8h_2_734_R1_peak_5366_lociStitched	chr1	221697643	221734172	17	14754	21979.4993	3751.5283	673	1
4_MV411-DMSO-8h_2_734_R1_peak_9187_lociStitched	chr11	3831196	3842338	4	10208	19557.5526	1353.753	674	1
2_MV411-DMSO-8h_2_734_R1_peak_15898_lociStitched	chr13	33541174	33548575	2	3572	19627.452	1452.8163	675	1
10_MV411-DMSO-8h_2_734_R1_peak_1968_lociStitched	chr1	46578093	46597215	10	12051	20187.0954	2030.7564	676	1
MV411-DMSO-8h_2_734_R1_peak_30636	chr19	49486500	49491220	1	4721	19090.512	982.704	677	1
11_MV411-DMSO-8h_2_734_R1_peak_33242_lociStitched	chr2	96861731	96889282	11	9610	21495.2902	3388.773	678	1
11_MV411-DMSO-8h_2_734_R1_peak_39424_lociStitched	chr22	30252883	30283846	11	10021	22113.7746	4031.3826	679	1
5_MV411-DMSO-8h_2_734_R1_peak_57826_lociStitched	chr8	61725775	61736999	5	8800	19731.792	1649.928	680	1
16_MV411-DMSO-8h_2_734_R1_peak_37386_lociStitched	chr20	46542760	46576758	16	13583	22299.2882	4225.9514	681	1
MV411-DMSO-8h_2_734_R1_peak_6064	chr1	244833305	244837996	1	4692	18634.0593	572.7711	682	1
7_MV411-DMSO-8h_2_734_R1_peak_27849_lociStitched	chr18	62715287	62739236	7	9273	21197.2599	3163.6629	683	1
8_MV411-DMSO-8h_2_734_R1_peak_47572_lociStitched	chr5	72451906	72476737	8	10615	20942.4654	2927.5749	684	1
14_MV411-DMSO-8h_2_734_R1_peak_30846_lociStitched	chr19	51783637	51830354	14	13204	25600.916	7759.6937	685	1
6_MV411-DMSO-8h_2_734_R1_peak_214_lociStitched	chr1	6582266	6610182	6	6712	21182.6608	3349.92	686	1
11_MV411-DMSO-8h_2_734_R1_peak_20076_lociStitched	chr15	75028387	75047983	11	14129	20136.8496	2361.318	687	1
15_MV411-DMSO-8h_2_734_R1_peak_61603_lociStitched	chr9	127553702	127586965	15	13836	21474.5928	3712.1508	688	1
5_MV411-DMSO-8h_2_734_R1_peak_19841_lociStitched	chr15	70094936	70114211	5	7401	19758.8025	2002.6725	689	1
8_MV411-DMSO-8h_2_734_R1_peak_37475_lociStitched	chr20	48711632	48724999	8	9289	19227.0928	1474.3801	690	1
13_MV411-DMSO-8h_2_734_R1_peak_20203_lociStitched	chr15	76982561	77031189	13	12959	23535.952	5791.5948	691	1
5_MV411-DMSO-8h_2_734_R1_peak_42203_lociStitched	chr3	71439618	71456349	5	9978	19386.2097	1642.9842	692	1
7_MV411-DMSO-8h_2_734_R1_peak_13362_lociStitched	chr12	52175379	52204033	7	12505	21281.3258	3550.2306	693	1
7_MV411-DMSO-8h_2_734_R1_peak_4781_lociStitched	chr1	201012782	201028927	7	14142	19645.236	1921.255	694	1
18_MV411-DMSO-8h_2_734_R1_peak_35534_lociStitched	chr2	231294189	231324056	18	15356	20790.4187	3079.2877	695	1
14_MV411-DMSO-8h_2_734_R1_peak_58086_lociStitched	chr8	81063376	81109338	14	9979	25288.2924	7579.1338	696	1
6_MV411-DMSO-8h_2_734_R1_peak_26448_lociStitched	chr17	76244738	76269850	6	9504	20865.5608	3159.0896	697	1
1_MV411-DMSO-8h_2_734_R1_peak_33070_lociStitched	chr2	85537439	85541830	1	4392	18245.9223	544.484	698	1
6_MV411-DMSO-8h_2_734_R1_peak_55905_lociStitched	chr7	128923707	128949147	6	7939	20794.656	3134.208	699	1
3_MV411-DMSO-8h_2_734_R1_peak_21986_lociStitched	chr16	29743579	29758547	3	6090	19283.2744	1624.028	700	1
14_MV411-DMSO-8h_2_734_R1_peak_17789_lociStitched	chr14	77588798	77620667	14	10445	20784.9618	3135.9096	701	1
MV411-DMSO-8h_2_734_R1_peak_50532	chr6	26269063	26276047	1	6985	18247.0968	606.2112	702	1
4_MV411-DMSO-8h_2_734_R1_peak_26903_lociStitched	chr17	83046953	83056234	4	7117	18772.6787	1134.1382	703	1
8_MV411-DMSO-8h_2_734_R1_peak_26928_lociStitched	chr17	83193574	83208000	8	9027	19000.4846	1376.2404	704	1
15_MV411-DMSO-8h_2_734_R1_peak_53289_lociStitched	chr6	159084208	159122107	15	8637	21663.0684	4047.6132	705	1
MV411-DMSO-8h_2_734_R1_peak_50857	chr6	31831564	31838271	1	6708	18358.4004	753.1961	706	1
4_MV411-DMSO-8h_2_734_R1_peak_40348_lociStitched	chr22	50188938	50205165	4	7033	19384.7742	1788.2154	707	1
9_MV411-DMSO-8h_2_734_R1_peak_29412_lociStitched	chr19	18104222	18141707	9	10619	23600.556	6008.8455	708	1
3_MV411-DMSO-8h_2_734_R1_peak_24879_lociStitched	chr17	38685541	38706485	3	6704	19909.3664	2335.256	709	1
4_MV411-DMSO-8h_2_734_R1_peak_40150_lociStitched	chr22	44179745	44200748	4	5628	19961.2512	2404.8435	710	1
1_MV411-DMSO-8h_2_734_R1_peak_23854_lociStitched	chr17	7578407	7585669	1	7263	18343.0858	800.2724	711	1
3_MV411-DMSO-8h_2_734_R1_peak_36932_lociStitched	chr20	33684547	33697618	3	7384	18856.2246	1346.313	712	1
3_MV411-DMSO-8h_2_734_R1_peak_9700_lociStitched	chr11	33867405	33874785	3	5593	18427.86	947.592	713	1
13_MV411-DMSO-8h_2_734_R1_peak_34761_lociStitched	chr2	196232828	196276294	13	12658	21554.7894	4077.1108	714	1
3_MV411-DMSO-8h_2_734_R1_peak_52379_lociStitched	chr6	110858880	110877641	3	6680	19230.025	1767.2862	715	1
11_MV411-DMSO-8h_2_734_R1_peak_37708_lociStitched	chr20	53735270	53759942	11	11985	20021.328	2585.6256	716	1
8_MV411-DMSO-8h_2_734_R1_peak_63689_lociStitched	chrX	149501603	149532497	8	8999	18826.8036	1405.677	717	1
1_MV411-DMSO-8h_2_734_R1_peak_43150_lociStitched	chr3	136193258	136198331	1	5074	17931.0258	522.0117	718	1
10_MV411-DMSO-8h_2_734_R1_peak_15253_lociStitched	chr12	131850960	131885957	10	9716	21320.1724	3940.6622	719	1
9_MV411-DMSO-8h_2_734_R1_peak_53843_lociStitched	chr7	6421718	6443486	9	10352	19713.1008	2337.8832	720	1
8_MV411-DMSO-8h_2_734_R1_peak_1643_lociStitched	chr1	39926543	39961301	8	10141	21438.7344	4087.5408	721	1
12_MV411-DMSO-8h_2_734_R1_peak_61098_lociStitched	chr9	110142300	110193678	12	11943	22364.8434	5024.7684	722	1
20_MV411-DMSO-8h_2_734_R1_peak_19264_lociStitched	chr15	52076809	52116647	20	17105	21763.4994	4437.9532	723	1
9_MV411-DMSO-8h_2_734_R1_peak_49316_lociStitched	chr5	172763841	172778256	9	8570	18889.416	1564.0275	724	1
10_MV411-DMSO-8h_2_734_R1_peak_39184_lociStitched	chr22	24133535	24158040	10	10831	20236.229	2911.194	725	1
10_MV411-DMSO-8h_2_734_R1_peak_7456_lociStitched	chr10	71358458	71384299	10	13514	20143.0595	2863.1828	726	1
1_MV411-DMSO-8h_2_734_R1_peak_50392_lociStitched	chr6	24718160	24722579	1	4420	17659.6497	387.9882	727	1
12_MV411-DMSO-8h_2_734_R1_peak_27876_lociStitched	chr18	63074668	63112724	12	8927	22624.292	5362.0904	728	1
11_MV411-DMSO-8h_2_734_R1_peak_4355_lociStitched	chr1	178118497	178138024	11	12467	19128.6492	1876.5447	729	1
4_MV411-DMSO-8h_2_734_R1_peak_19346_lociStitched	chr15	55399468	55409436	4	7896	18133.7856	883.1648	730	1
3_MV411-DMSO-8h_2_734_R1_peak_52836_lociStitched	chr6	139370467	139379858	3	5687	18194.1234	951.3083	731	1
MV411-DMSO-8h_2_734_R1_peak_50504	chr6	26202803	26207986	1	5184	17660.5542	464.3968	732	1
1_MV411-DMSO-8h_2_734_R1_peak_39369_lociStitched	chr22	29266483	29270634	1	4152	17734.7324	542.5357	733	1
7_MV411-DMSO-8h_2_734_R1_peak_28614_lociStitched	chr19	6515803	6538947	7	7881	21091.1272	3899.764	734	1
12_MV411-DMSO-8h_2_734_R1_peak_31875_lociStitched	chr2	37706470	37738586	12	11122	19699.9544	2511.4712	735	1
4_MV411-DMSO-8h_2_734_R1_peak_29609_lociStitched	chr19	28594741	28610176	4	6429	19827.801	2685.69	736	1
1_MV411-DMSO-8h_2_734_R1_peak_23121_lociStitched	chr16	85610857	85617287	1	6431	17945.487	819.182	737	1
10_MV411-DMSO-8h_2_734_R1_peak_4530_lociStitched	chr1	183577517	183609903	10	14221	20850.1068	3734.1058	738	1
6_MV411-DMSO-8h_2_734_R1_peak_19001_lociStitched	chr15	43235805	43252306	6	10241	19116.4085	2008.1717	739	1
6_MV411-DMSO-8h_2_734_R1_peak_728_lociStitched	chr1	20151989	20179104	6	10106	20235.9245	3145.34	740	1
6_MV411-DMSO-8h_2_734_R1_peak_28891_lociStitched	chr19	10408085	10428220	6	10370	20406.8225	3322.275	741	1
6_MV411-DMSO-8h_2_734_R1_peak_8900_lociStitched	chr10	132318947	132333557	6	8293	18808.914	1751.739	742	1
3_MV411-DMSO-8h_2_734_R1_peak_12382_lociStitched	chr12	6778012	6793524	3	5921	18798.9928	1786.9824	743	1
10_MV411-DMSO-8h_2_734_R1_peak_15880_lociStitched	chr13	32880247	32907218	10	9482	22396.7184	5431.9594	744	1
8_MV411-DMSO-8h_2_734_R1_peak_20148_lociStitched	chr15	75691849	75706392	8	12130	18414.3466	1457.2086	745	1
4_MV411-DMSO-8h_2_734_R1_peak_38210_lociStitched	chr21	25559492	25566932	4	6814	17786.064	830.304	746	1
11_MV411-DMSO-8h_2_734_R1_peak_36779_lociStitched	chr20	31661361	31685861	11	8663	19815.6	2883.65	747	1
2_MV411-DMSO-8h_2_734_R1_peak_1932_lociStitched	chr1	46288425	46305667	2	5023	18890.3352	1960.4154	748	1
4_MV411-DMSO-8h_2_734_R1_peak_51488_lociStitched	chr6	42920813	42932725	4	6027	18517.204	1593.8256	749	1
14_MV411-DMSO-8h_2_734_R1_peak_12942_lociStitched	chr12	31731298	31751868	14	14791	19288.489	2365.55	750	1
8_MV411-DMSO-8h_2_734_R1_peak_39930_lociStitched	chr22	40460545	40493969	8	10400	20231.5472	3312.3184	751	1
3_MV411-DMSO-8h_2_734_R1_peak_60362_lociStitched	chr9	70406681	70422004	3	7138	17417.6541	510.2559	752	1
5_MV411-DMSO-8h_2_734_R1_peak_23252_lociStitched	chr16	87947744	87956986	5	6916	18142.9702	1238.428	753	1
4_MV411-DMSO-8h_2_734_R1_peak_57392_lociStitched	chr8	38166699	38182781	4	5887	19412.5822	2516.833	754	1
3_MV411-DMSO-8h_2_734_R1_peak_17758_lociStitched	chr14	77032809	77045368	3	7471	18437.8679	1568.6191	755	1
MV411-DMSO-8h_2_734_R1_peak_50883	chr6	32188470	32193801	1	5332	17508.0702	710.0892	756	1
12_MV411-DMSO-8h_2_734_R1_peak_7860_lociStitched	chr10	80485600	80530179	12	14874	22325.1632	5527.796	757	1
10_MV411-DMSO-8h_2_734_R1_peak_30762_lociStitched	chr19	51114837	51139915	10	9510	21135.7384	4371.0954	758	1
10_MV411-DMSO-8h_2_734_R1_peak_31898_lociStitched	chr2	37796302	37832711	10	12387	20352.631	3651.8227	759	1
4_MV411-DMSO-8h_2_734_R1_peak_57581_lociStitched	chr8	47958883	47970381	4	5346	18426.6948	1741.947	760	1
4_MV411-DMSO-8h_2_734_R1_peak_44456_lociStitched	chr3	197949151	197960056	4	7663	18051.0465	1396.9305	761	1
6_MV411-DMSO-8h_2_734_R1_peak_60942_lociStitched	chr9	105187076	105200182	6	11110	18126.9086	1479.6674	762	1
10_MV411-DMSO-8h_2_734_R1_peak_9993_lociStitched	chr11	46616454	46642533	10	8060	19126.3386	2493.1524	763	1
2_MV411-DMSO-8h_2_734_R1_peak_22585_lociStitched	chr16	66548131	66555263	2	6241	17439.1664	830.878	764	1
14_MV411-DMSO-8h_2_734_R1_peak_32454_lociStitched	chr2	60094541	60118105	14	14660	18990.2276	2389.3896	765	1
4_MV411-DMSO-8h_2_734_R1_peak_30265_lociStitched	chr19	44584169	44593912	4	8439	18162.9006	1562.7772	766	1
5_MV411-DMSO-8h_2_734_R1_peak_18292_lociStitched	chr14	100057284	100079732	5	10593	18959.5808	2361.5296	767	1
11_MV411-DMSO-8h_2_734_R1_peak_15151_lociStitched	chr12	124852017	124881566	11	9611	19981.0338	3404.0448	768	1
6_MV411-DMSO-8h_2_734_R1_peak_19379_lociStitched	chr15	57282701	57307114	6	10695	19239.8853	2675.6648	769	1
MV411-DMSO-8h_2_734_R1_peak_29226	chr19	16113906	16121561	1	7656	17645.5405	1144.4225	770	1
9_MV411-DMSO-8h_2_734_R1_peak_18694_lociStitched	chr15	31256219	31275061	9	9729	19107.6722	2626.5748	771	1
1_MV411-DMSO-8h_2_734_R1_peak_60758_lociStitched	chr9	96416688	96421708	1	5021	16977.64	497.984	772	1
3_MV411-DMSO-8h_2_734_R1_peak_39987_lociStitched	chr22	41443400	41459116	3	5373	18386.1484	1929.9248	773	1
5_MV411-DMSO-8h_2_734_R1_peak_10344_lociStitched	chr11	61954529	61973408	5	10305	18699.6495	2244.7131	774	1
4_MV411-DMSO-8h_2_734_R1_peak_58313_lociStitched	chr8	96641854	96657808	4	7028	18945.375	2512.755	775	1
8_MV411-DMSO-8h_2_734_R1_peak_1592_lociStitched	chr1	37995097	38016671	8	11597	18741.3338	2319.205	776	1
4_MV411-DMSO-8h_2_734_R1_peak_33737_lociStitched	chr2	113886492	113902891	4	6826	17988.0631	1566.1045	777	1
4_MV411-DMSO-8h_2_734_R1_peak_32695_lociStitched	chr2	68230852	68254171	4	5247	18624.8853	2208.3093	778	1
3_MV411-DMSO-8h_2_734_R1_peak_13407_lociStitched	chr12	53200664	53222248	3	10380	19103.9984	2693.6832	779	1
6_MV411-DMSO-8h_2_734_R1_peak_35219_lociStitched	chr2	218216350	218231250	6	7650	17948.54	1540.66	780	1
4_MV411-DMSO-8h_2_734_R1_peak_20435_lociStitched	chr15	84724272	84752038	4	8431	19114.1144	2709.9616	781	1
1_MV411-DMSO-8h_2_734_R1_peak_57576_lociStitched	chr8	47734206	47739133	1	4928	17269.135	871.5863	782	1
12_MV411-DMSO-8h_2_734_R1_peak_23448_lociStitched	chr17	1183744	1214310	12	10379	19470.542	3081.0528	783	1
12_MV411-DMSO-8h_2_734_R1_peak_17701_lociStitched	chr14	75589468	75620109	12	11806	19993.2525	3606.4457	784	1
7_MV411-DMSO-8h_2_734_R1_peak_11966_lociStitched	chr11	125068876	125083880	7	7724	18343.8904	1983.5288	785	1
1_MV411-DMSO-8h_2_734_R1_peak_1072_lociStitched	chr1	26785459	26789292	1	3834	16835.6859	481.8081	786	1
9_MV411-DMSO-8h_2_734_R1_peak_59464_lociStitched	chr8	141307346	141330176	9	7169	20597.226	4255.512	787	1
17_MV411-DMSO-8h_2_734_R1_peak_33215_lociStitched	chr2	96214304	96261575	17	13346	21333.4023	5001.2718	788	1
10_MV411-DMSO-8h_2_734_R1_peak_4911_lociStitched	chr1	203056089	203077033	10	9664	19153.288	2827.44	789	1
14_MV411-DMSO-8h_2_734_R1_peak_22963_lociStitched	chr16	81451935	81520668	14	12559	24283.3689	7959.2814	790	1
11_MV411-DMSO-8h_2_734_R1_peak_47858_lociStitched	chr5	88812961	88830963	11	16352	17818.3796	1501.3668	791	1
15_MV411-DMSO-8h_2_734_R1_peak_20904_lociStitched	chr15	101233862	101252873	15	14241	18457.7799	2184.3639	792	1
14_MV411-DMSO-8h_2_734_R1_peak_32161_lociStitched	chr2	43292950	43335220	14	12207	20188.152	3918.429	793	1
6_MV411-DMSO-8h_2_734_R1_peak_10135_lociStitched	chr11	57422826	57434336	6	6737	17503.257	1241.929	794	1
9_MV411-DMSO-8h_2_734_R1_peak_63831_lociStitched	chrX	154717488	154748816	9	10813	17756.7104	1506.8768	795	1
8_MV411-DMSO-8h_2_734_R1_peak_23173_lociStitched	chr16	85974850	85987632	8	11139	17786.153	1549.1784	796	1
16_MV411-DMSO-8h_2_734_R1_peak_45626_lociStitched	chr4	86907456	86941114	16	13927	19730.3196	3493.7004	797	1
5_MV411-DMSO-8h_2_734_R1_peak_14994_lociStitched	chr12	122062672	122090972	5	8838	19348.71	3121.49	798	1
3_MV411-DMSO-8h_2_734_R1_peak_51536_lociStitched	chr6	43769375	43775649	3	5601	16845.69	636.811	799	1
1_MV411-DMSO-8h_2_734_R1_peak_23775_lociStitched	chr17	7011650	7016271	1	4622	16880.9751	680.2112	800	1
4_MV411-DMSO-8h_2_734_R1_peak_47084_lociStitched	chr5	36874071	36882789	4	6786	17049.7926	858.723	801	1
14_MV411-DMSO-8h_2_734_R1_peak_63095_lociStitched	chrX	65645301	65699515	14	11301	18579.1378	2390.8374	802	1
7_MV411-DMSO-8h_2_734_R1_peak_34019_lociStitched	chr2	137957302	137982425	7	10089	18508.1141	2321.3652	803	1
5_MV411-DMSO-8h_2_734_R1_peak_8451_lociStitched	chr10	103756185	103772785	5	8604	17934.64	1762.92	804	1
8_MV411-DMSO-8h_2_734_R1_peak_19553_lociStitched	chr15	63887311	63908989	8	10027	18883.7058	2718.4212	805	1
11_MV411-DMSO-8h_2_734_R1_peak_20024_lociStitched	chr15	74535876	74559209	11	10657	18801.7314	2636.629	806	1
8_MV411-DMSO-8h_2_734_R1_peak_6930_lociStitched	chr10	43104864	43141276	8	11123	20073.9356	3925.2136	807	1
9_MV411-DMSO-8h_2_734_R1_peak_26011_lociStitched	chr17	64440683	64458567	9	8830	18261.3524	2117.4656	808	1
13_MV411-DMSO-8h_2_734_R1_peak_510_lociStitched	chr1	12593813	12634879	13	12822	21070.9646	4940.2398	809	1
4_MV411-DMSO-8h_2_734_R1_peak_8959_lociStitched	chr10	133253158	133262810	4	6217	17357.1916	1226.7692	810	1
16_MV411-DMSO-8h_2_734_R1_peak_5127_lociStitched	chr1	207824121	207874008	16	11211	21556.1727	5462.6265	811	1
10_MV411-DMSO-8h_2_734_R1_peak_18685_lociStitched	chr15	31211891	31237511	10	8471	18945.99	2895.06	812	1
2_MV411-DMSO-8h_2_734_R1_peak_50482_lociStitched	chr6	26120465	26126934	2	6129	16632.4459	610.6736	813	1
6_MV411-DMSO-8h_2_734_R1_peak_1182_lociStitched	chr1	27883741	27905798	6	8895	18347.0126	2331.4249	814	1
10_MV411-DMSO-8h_2_734_R1_peak_42978_lociStitched	chr3	128673363	128715222	10	8668	20724.3909	4730.067	815	1
4_MV411-DMSO-8h_2_734_R1_peak_14916_lociStitched	chr12	121124141	121146506	4	7429	18272.205	2312.541	816	1
2_MV411-DMSO-8h_2_734_R1_peak_51502_lociStitched	chr6	43170251	43176468	2	6113	16661.56	704.3861	817	1
9_MV411-DMSO-8h_2_734_R1_peak_8525_lociStitched	chr10	110199987	110222937	9	10228	18720.315	2788.425	818	1
3_MV411-DMSO-8h_2_734_R1_peak_61810_lociStitched	chr9	129883854	129900711	3	7444	17738.6211	1815.4989	819	1
8_MV411-DMSO-8h_2_734_R1_peak_32785_lociStitched	chr2	69683302	69714776	8	7411	19325.036	3411.7816	820	1
4_MV411-DMSO-8h_2_734_R1_peak_28083_lociStitched	chr18	79393156	79406501	4	8127	17317.8065	1434.5875	821	1
1_MV411-DMSO-8h_2_734_R1_peak_13213_lociStitched	chr12	49055770	49061626	1	5857	16581.8496	700.3776	822	1
1_MV411-DMSO-8h_2_734_R1_peak_22346_lociStitched	chr16	54282859	54287567	1	4709	16428.566	576.2592	823	1
4_MV411-DMSO-8h_2_734_R1_peak_31060_lociStitched	chr19	56111883	56135342	4	4670	19475.6618	3661.9499	824	1
3_MV411-DMSO-8h_2_734_R1_peak_38785_lociStitched	chr21	44865823	44882925	3	9037	17746.7454	1951.3382	825	1
13_MV411-DMSO-8h_2_734_R1_peak_55130_lociStitched	chr7	77305900	77352070	13	9961	20536.416	4746.276	826	1
5_MV411-DMSO-8h_2_734_R1_peak_41747_lociStitched	chr3	49407680	49417075	5	6202	16847.114	1058.8165	827	1
10_MV411-DMSO-8h_2_734_R1_peak_14772_lociStitched	chr12	116661480	116687905	10	10116	18933.5125	3155.145	828	1
8_MV411-DMSO-8h_2_734_R1_peak_49250_lociStitched	chr5	170332867	170366534	8	10949	19722.1286	3949.1391	829	1
10_MV411-DMSO-8h_2_734_R1_peak_27094_lociStitched	chr18	9683693	9719981	10	9564	19287.072	3523.5648	830	1
2_MV411-DMSO-8h_2_734_R1_peak_12477_lociStitched	chr12	9636451	9652352	2	6078	17627.8486	1884.2685	831	1
MV411-DMSO-8h_2_734_R1_peak_29434	chr19	18277371	18281634	1	4264	16574.544	832.9902	832	1
9_MV411-DMSO-8h_2_734_R1_peak_14673_lociStitched	chr12	113200331	113233855	9	9446	19189.1376	3456.3244	833	1
8_MV411-DMSO-8h_2_734_R1_peak_11631_lociStitched	chr11	114079650	114099212	8	8668	17971.6094	2253.5424	834	1
8_MV411-DMSO-8h_2_734_R1_peak_16643_lociStitched	chr14	20786490	20817230	8	11080	18991.172	3276.884	835	1
5_MV411-DMSO-8h_2_734_R1_peak_56106_lociStitched	chr7	139353682	139363125	5	5769	16565.8549	857.4244	836	1
8_MV411-DMSO-8h_2_734_R1_peak_49463_lociStitched	chr5	177294854	177309279	8	10800	17269.61	1579.5375	837	1
1_MV411-DMSO-8h_2_734_R1_peak_46129_lociStitched	chr4	139554279	139562228	1	7950	16589.563	923.6738	838	1
16_MV411-DMSO-8h_2_734_R1_peak_41607_lociStitched	chr3	46924970	46965208	16	12404	19933.9052	4273.2756	839	1
1_MV411-DMSO-8h_2_734_R1_peak_39820_lociStitched	chr22	38503806	38507498	1	3693	15967.1616	306.8052	840	1
2_MV411-DMSO-8h_2_734_R1_peak_29989_lociStitched	chr19	40420615	40434909	2	5376	17921.8172	2285.6106	841	1
2_MV411-DMSO-8h_2_734_R1_peak_59024_lociStitched	chr8	125428895	125436311	2	6165	17293.3704	1663.4088	842	1
3_MV411-DMSO-8h_2_734_R1_peak_49000_lociStitched	chr5	154753668	154758851	3	5049	16282.9128	654.0946	843	1
15_MV411-DMSO-8h_2_734_R1_peak_45200_lociStitched	chr4	48193064	48228769	15	13200	18980.778	3374.1225	844	1
12_MV411-DMSO-8h_2_734_R1_peak_51397_lociStitched	chr6	41704599	41725218	12	11105	17996.2632	2412.423	845	1
7_MV411-DMSO-8h_2_734_R1_peak_44039_lociStitched	chr3	185930149	185943657	7	8205	16967.3988	1389.9732	846	1
7_MV411-DMSO-8h_2_734_R1_peak_45167_lociStitched	chr4	47365024	47383136	7	9307	17333.184	1784.032	847	1
13_MV411-DMSO-8h_2_734_R1_peak_17931_lociStitched	chr14	89331386	89368983	13	10710	19095.5163	3556.6762	848	1
MV411-DMSO-8h_2_734_R1_peak_29044	chr19	13101484	13105682	1	4199	16316.7864	786.7052	849	1
13_MV411-DMSO-8h_2_734_R1_peak_54685_lociStitched	chr7	50262295	50286461	13	10581	18085.8344	2556.7628	850	1
10_MV411-DMSO-8h_2_734_R1_peak_44364_lociStitched	chr3	196159735	196202991	10	11306	20062.1328	4550.5312	851	1
7_MV411-DMSO-8h_2_734_R1_peak_54639_lociStitched	chr7	47556312	47587111	7	9601	18842.8282	3350.9312	852	1
10_MV411-DMSO-8h_2_734_R1_peak_4503_lociStitched	chr1	182601885	182633828	10	9659	18827.2042	3341.2378	853	1
7_MV411-DMSO-8h_2_734_R1_peak_62137_lociStitched	chr9	136614572	136624023	7	6257	16931.4665	1447.8932	854	1
7_MV411-DMSO-8h_2_734_R1_peak_15744_lociStitched	chr13	30662923	30697938	7	5465	23029.3655	7549.234	855	1
9_MV411-DMSO-8h_2_734_R1_peak_32131_lociStitched	chr2	43157273	43180007	9	10479	18244.035	2782.6416	856	1
2_MV411-DMSO-8h_2_734_R1_peak_41868_lociStitched	chr3	52052065	52063868	2	7853	16858.2249	1402.1964	857	1
7_MV411-DMSO-8h_2_734_R1_peak_23444_lociStitched	chr17	1090055	1116154	7	9861	18311.0584	2870.89	858	1
MV411-DMSO-8h_2_734_R1_peak_50617	chr6	27808425	27814506	1	6082	15926.139	494.9934	859	1
4_MV411-DMSO-8h_2_734_R1_peak_3139_lociStitched	chr1	115975600	115982846	4	6053	16248.4304	841.9852	860	1
5_MV411-DMSO-8h_2_734_R1_peak_30083_lociStitched	chr19	41322960	41335747	5	8101	17547.6001	2145.6586	861	1
16_MV411-DMSO-8h_2_734_R1_peak_31544_lociStitched	chr2	25263274	25316621	16	11989	21562.8574	6161.5785	862	1
1_MV411-DMSO-8h_2_734_R1_peak_59059_lociStitched	chr8	127734303	127739590	1	5288	16377.5399	977.0376	863	1
4_MV411-DMSO-8h_2_734_R1_peak_4343_lociStitched	chr1	178054937	178069171	4	5785	16942.7302	1542.9656	864	1
9_MV411-DMSO-8h_2_734_R1_peak_40068_lociStitched	chr22	42721629	42770929	9	11089	20168.63	4772.24	865	1
4_MV411-DMSO-8h_2_734_R1_peak_54622_lociStitched	chr7	47216299	47229858	4	7840	16676.2141	1303.0199	866	1
4_MV411-DMSO-8h_2_734_R1_peak_59950_lociStitched	chr9	25988492	26002082	4	12289	16867.908	1500.336	867	1
MV411-DMSO-8h_2_734_R1_peak_33072	chr2	85576863	85580619	1	3757	15899.8992	537.4836	868	1
1_MV411-DMSO-8h_2_734_R1_peak_40146_lociStitched	chr22	44023586	44027845	1	4260	15851.998	504.6915	869	1
MV411-DMSO-8h_2_734_R1_peak_50530	chr6	26248183	26254235	1	6053	15862.8972	520.472	870	1
2_MV411-DMSO-8h_2_734_R1_peak_26755_lociStitched	chr17	81284850	81296244	2	6010	16959.969	1628.2026	871	1
MV411-DMSO-8h_2_734_R1_peak_26847	chr17	82227685	82232523	1	4839	15805.746	476.0592	872	1
MV411-DMSO-8h_2_734_R1_peak_10711	chr11	66615587	66619667	1	4081	15874.872	554.88	873	1
1_MV411-DMSO-8h_2_734_R1_peak_42888_lociStitched	chr3	127589075	127593505	1	4431	15879.778	564.825	874	1
4_MV411-DMSO-8h_2_734_R1_peak_14555_lociStitched	chr12	110577396	110606579	4	7252	18128.4796	2816.1595	875	1
7_MV411-DMSO-8h_2_734_R1_peak_52856_lociStitched	chr6	139625090	139649274	7	8644	18007.4064	2701.3528	876	1
5_MV411-DMSO-8h_2_734_R1_peak_24933_lociStitched	chr17	39325514	39339131	5	6524	16284.5703	1015.8282	877	1
7_MV411-DMSO-8h_2_734_R1_peak_696_lociStitched	chr1	19468824	19488608	7	7565	17732.3992	2467.0648	878	1
5_MV411-DMSO-8h_2_734_R1_peak_36869_lociStitched	chr20	32569503	32586042	5	10339	17260.1004	1996.2573	879	1
1_MV411-DMSO-8h_2_734_R1_peak_36215_lociStitched	chr20	4810335	4815960	1	5626	15908.625	653.0625	880	1
1_MV411-DMSO-8h_2_734_R1_peak_1918_lociStitched	chr1	45684694	45689477	1	4784	15751.8539	520.8687	881	1
7_MV411-DMSO-8h_2_734_R1_peak_46688_lociStitched	chr5	1479939	1503964	7	7408	18359.905	3130.4575	882	1
2_MV411-DMSO-8h_2_734_R1_peak_60099_lociStitched	chr9	34121712	34127655	2	5291	15781.0422	558.0477	883	1
6_MV411-DMSO-8h_2_734_R1_peak_17258_lociStitched	chr14	61101920	61129003	6	8984	18218.7341	3017.0462	884	1
6_MV411-DMSO-8h_2_734_R1_peak_53321_lociStitched	chr6	159974330	159990939	6	9509	16947.8236	1755.5713	885	1
5_MV411-DMSO-8h_2_734_R1_peak_61636_lociStitched	chr9	127832224	127839362	5	6358	15991.2614	818.7286	886	1
6_MV411-DMSO-8h_2_734_R1_peak_21826_lociStitched	chr16	27367038	27386322	6	7765	17619.7908	2487.636	887	1
19_MV411-DMSO-8h_2_734_R1_peak_21760_lociStitched	chr16	23852824	23882628	19	13473	18341.3816	3212.8712	888	1
3_MV411-DMSO-8h_2_734_R1_peak_48027_lociStitched	chr5	100889900	100904931	3	8154	16209.4304	1088.2444	889	1
4_MV411-DMSO-8h_2_734_R1_peak_50364_lociStitched	chr6	21582753	21610905	4	7711	17775.1728	2691.3312	890	1
1_MV411-DMSO-8h_2_734_R1_peak_31058_lociStitched	chr19	55674416	55680138	1	5723	16075.959	992.1948	891	1
1_MV411-DMSO-8h_2_734_R1_peak_8299_lociStitched	chr10	100995984	101001021	1	5038	15600.0927	532.4109	892	1
1_MV411-DMSO-8h_2_734_R1_peak_27000_lociStitched	chr18	3244512	3249769	1	5258	15544.4233	483.1183	893	1
2_MV411-DMSO-8h_2_734_R1_peak_6249_lociStitched	chr10	3780990	3786626	2	5486	15431.9316	387.1932	894	1
9_MV411-DMSO-8h_2_734_R1_peak_27035_lociStitched	chr18	5439190	5476156	9	10674	18179.8788	3142.11	895	1
4_MV411-DMSO-8h_2_734_R1_peak_39566_lociStitched	chr22	35396090	35411457	4	7674	16896.0165	1908.5814	896	1
MV411-DMSO-8h_2_734_R1_peak_44082	chr3	186782530	186787301	1	4772	15393.6315	419.3709	897	1
MV411-DMSO-8h_2_734_R1_peak_23375	chr16	89718041	89723297	1	5257	15393.2472	449.388	898	1
4_MV411-DMSO-8h_2_734_R1_peak_14847_lociStitched	chr12	119575359	119596487	4	7575	16874.9336	1933.212	899	1
3_MV411-DMSO-8h_2_734_R1_peak_19824_lociStitched	chr15	69718111	69729543	3	9583	16120.2632	1184.3552	900	1
10_MV411-DMSO-8h_2_734_R1_peak_48761_lociStitched	chr5	142972114	143004420	10	7420	17674.6126	2778.316	901	1
MV411-DMSO-8h_2_734_R1_peak_30367	chr19	45467091	45470599	1	3509	15528.8636	641.2624	902	1
MV411-DMSO-8h_2_734_R1_peak_50640	chr6	27893346	27896663	1	3318	15177.2652	294.5496	903	1
4_MV411-DMSO-8h_2_734_R1_peak_50305_lociStitched	chr6	16752284	16762763	4	6044	15851.5833	971.4033	904	1
11_MV411-DMSO-8h_2_734_R1_peak_12049_lociStitched	chr11	128703805	128757894	11	9941	21046.0299	6166.146	905	1
10_MV411-DMSO-8h_2_734_R1_peak_17722_lociStitched	chr14	76767664	76794734	10	10368	18158.556	3294.419	906	1
6_MV411-DMSO-8h_2_734_R1_peak_11229_lociStitched	chr11	78413496	78425648	6	8352	15902.1072	1041.4264	907	1
1_MV411-DMSO-8h_2_734_R1_peak_58530_lociStitched	chr8	102653219	102657123	1	3905	15518.4	664.8512	908	1
4_MV411-DMSO-8h_2_734_R1_peak_10830_lociStitched	chr11	68826160	68842340	4	7396	16537.578	1687.574	909	1
4_MV411-DMSO-8h_2_734_R1_peak_8641_lociStitched	chr10	119072596	119090794	4	4777	16283.5704	1443.1014	910	1
9_MV411-DMSO-8h_2_734_R1_peak_14789_lociStitched	chr12	117057277	117076830	9	11929	17153.8469	2320.9411	911	1
11_MV411-DMSO-8h_2_734_R1_peak_47166_lociStitched	chr5	40483336	40504247	11	10235	17107.2891	2285.5723	912	1
3_MV411-DMSO-8h_2_734_R1_peak_49600_lociStitched	chr5	179620779	179634894	3	4718	16100.9805	1319.7525	913	1
9_MV411-DMSO-8h_2_734_R1_peak_62291_lociStitched	chrX	1316196	1341799	9	10679	17517.5726	2736.9607	914	1
4_MV411-DMSO-8h_2_734_R1_peak_39830_lociStitched	chr22	38750593	38764729	4	6697	16492.4712	1716.1104	915	1
1_MV411-DMSO-8h_2_734_R1_peak_47910_lociStitched	chr5	91379182	91384518	1	5337	15352.2056	582.1576	916	1
5_MV411-DMSO-8h_2_734_R1_peak_5482_lociStitched	chr1	225443940	225468845	5	5862	17488.291	2759.474	917	1
9_MV411-DMSO-8h_2_734_R1_peak_32702_lociStitched	chr2	68362213	68388695	9	9574	17721.7544	3024.2444	918	1
1_MV411-DMSO-8h_2_734_R1_peak_50936_lociStitched	chr6	33270910	33275738	1	4829	15279.1716	587.0848	919	1
6_MV411-DMSO-8h_2_734_R1_peak_50300_lociStitched	chr6	16707219	16732572	6	8900	17186.7987	2520.0882	920	1
6_MV411-DMSO-8h_2_734_R1_peak_62046_lociStitched	chr9	134320446	134344429	6	9224	17747.42	3096.2053	921	1
5_MV411-DMSO-8h_2_734_R1_peak_61262_lociStitched	chr9	113402780	113417844	5	7307	16388.1256	1742.9048	922	1
13_MV411-DMSO-8h_2_734_R1_peak_37692_lociStitched	chr20	53677410	53709893	13	11634	17885.1398	3287.2796	923	1
