MV411	chrUn_KI270467v1
E1	E2	E3	E4	E5	E6	E7	E8
0.0212	0	0	0.9786	0.0002	0	0	0
0.004	0.0022	0.004	0.9897	0	0	0	0
0.0032	0.0039	0.0052	0.9876	0	0.0001	0	0
0.0141	0.0066	0.0059	0.9732	0	0.0001	0	0
0.1119	0.0112	0.0059	0.8709	0	0.0002	0	0
0.9823	0.0155	0	0.0022	0	0	0	0
0.5108	0.442	0.0204	0.0256	0.001	0.0002	0	0
0.4475	0.5522	0	0	0	0.0001	0.0002	0
0.4598	0.5038	0.0148	0.0203	0	0.0009	0.0003	0
0.7005	0.2995	0	0	0	0	0	0
0.6966	0.0105	0.0017	0.0011	0	0	0.29	0
0.0797	0.0626	0.1896	0.6675	0	0.0004	0	0.0001
0.0112	0.037	0.2099	0.7403	0	0.0013	0.0001	0.0001
0.0029	0.0227	0.2186	0.7545	0	0.0011	0.0001	0.0001
0.0016	0.0148	0.2227	0.7598	0	0.0009	0	0.0001
0.0013	0.0106	0.2244	0.7626	0	0.0008	0	0.0001
0.0012	0.0086	0.2249	0.7644	0	0.0008	0	0.0001
0.0012	0.0079	0.2244	0.7655	0	0.0009	0	0.0001
0.0015	0.0084	0.2232	0.7659	0	0.0009	0	0.0001
