Min.	1st Qu.	Median	Mean	3rd Qu.	Max.	num_peaks	measure	sample
1.75597	4.50004	5.69331	7.92660632933105	9.28579	51.4524	53053	fold	HL60_1_53_R1
1.3016	3.82712	6.27653	13.5404278419694	15.89724	153.11499	53053	-log10(qvalue)	HL60_1_53_R1
3.20957	5.94584	8.53045	15.9902494164326	18.49883	161.90703	53053	-log10(pvalue)	HL60_1_53_R1
138	210	381	702.509641302094	812	18001	53053	length	HL60_1_53_R1
1.78789	4.06115	4.76952	5.63655313083944	6.06142	32.85936	55442	fold	HL60_2_77_R1
1.31397	3.29961	4.6465	7.82698753075286	8.27575	98.62925	55442	-log10(qvalue)	HL60_2_77_R1
3.18684	5.50908	7.01348	10.3495081225425	10.92847	108.12025	55442	-log10(pvalue)	HL60_2_77_R1
210	273	416	653.235308971538	753	17807	55442	length	HL60_2_77_R1
1.46799	5.0415	6.38119	8.61253624859284	9.45605	96.71729	36421	fold	D9_2_304_R1
1.30991	4.99566	8.14422	16.7540566126685	17.3225	460.71759	36421	-log10(qvalue)	D9_2_304_R1
3.64491	7.76652	11.1057	19.8629016150023	20.627	470.20862	36421	-log10(pvalue)	D9_2_304_R1
155	203	281	314.2065017435	379	2252	36421	length	D9_2_304_R1
3.60992	6.36396	7.67044	8.97988224480778	10.049005	59.16938	2263	fold	M6_1_124_R1
1.48165	5.86122	9.02028	13.2377367786125	15.23407	186.61028	2263	-log10(qvalue)	M6_1_124_R1
5.08049	9.91139	13.28943	17.6296753380468	19.8364	195.1013	2263	-log10(pvalue)	M6_1_124_R1
176	211	260	279.369421122404	321.5	790	2263	length	M6_1_124_R1
1.87129	3.09017	3.53929	4.11282586416698	4.32383	37.80769	68702	fold	D9_2_160_R1
1.33002	3.7953	5.38356	9.47272394457221	8.97856	280.06131	68702	-log10(qvalue)	D9_2_160_R1
3.06188	5.9223	7.67034	11.8987367297895	11.52646	289.26559	68702	-log10(pvalue)	D9_2_160_R1
245	305	438	692.101132427004	726	23089	68702	length	D9_2_160_R1
1.66355	4.41325	5.57675	7.641174254789	8.79713	47.57082	69430	fold	D9_1_2_R1
1.30713	4.09821	6.71843	13.9502436222094	15.6371	164.2896	69430	-log10(qvalue)	D9_1_2_R1
3.08667	6.1815	8.95243	16.3910183656921	18.22342	172.38268	69430	-log10(pvalue)	D9_1_2_R1
193	249	402	642.902880599165	763	12521	69430	length	D9_1_2_R1
1.32517	5.08518	6.94442	11.8344789193459	12.42558	128.95557	25318	fold	D9_1_155_R1
1.37785	6.42545	12.30939	37.7611029070227	33.0237575	665.71313	25318	-log10(qvalue)	D9_1_155_R1
3.81307	9.23728	15.310885	40.9181989422545	36.3644175	675.20422	25318	-log10(pvalue)	D9_1_155_R1
182	245	328	382.139702978118	460	2589	25318	length	D9_1_155_R1
2.47218	5.40735	7.12353	11.3535694598294	11.61955	173.2829	37988	fold	M6_2_302_R1
1.3411	5.52391	9.6518	25.1169838385806	21.65435	717.7381	37988	-log10(qvalue)	M6_2_302_R1
3.60944	8.18342	12.50753	28.1122747862483	24.83638	725.83118	37988	-log10(pvalue)	M6_2_302_R1
176	228	315	374.485969253448	453	2391	37988	length	M6_2_302_R1
1.97704	5.99568	7.23508	8.47727641174039	8.88181	124.32118	2419	fold	D9_1_156_R1
1.75027	5.401085	7.73218	12.0779721372468	11.78904	506.67526	2419	-log10(qvalue)	D9_1_156_R1
5.35046	9.460345	11.99102	16.4205691194709	16.32439	515.05237	2419	-log10(pvalue)	D9_1_156_R1
157	187	240	279.787928896238	323	6050	2419	length	D9_1_156_R1
1.8527	5.06212	6.07894	6.32796687640449	7.21778	20.46902	445	fold	D9_2_27_R1
1.35309	3.93348	5.58964	7.17598901123595	8.36079	41.15816	445	-log10(qvalue)	D9_2_27_R1
5.90393	9.12938	11.07598	12.7302596629213	14.19935	49.13074	445	-log10(pvalue)	D9_2_27_R1
59	65	79	93.4067415730337	104	470	445	length	D9_2_27_R1
1.89941	3.37214	4.31802	7.77231319545128	7.28877	69.99736	122496	fold	D0_3_351_R1
1.34384	4.32213	7.21075	28.2605345123106	19.85788	443.01852	122496	-log10(qvalue)	D0_3_351_R1
2.74074	5.91332	8.9078	30.1595056896552	21.81348	452.50958	122496	-log10(pvalue)	D0_3_351_R1
189	270	460	976.304777298851	1084	32609	122496	length	D0_3_351_R1
1.67721	3.56512	4.21577	7.49345469869808	6.94441	66.56944	16130	fold	D0_1_7_R1
1.33163	3.94469	5.812535	23.954221083695	16.80778	595.53625	16130	-log10(qvalue)	D0_1_7_R1
3.3224	6.11659	8.04594	26.3573923087415	19.24218	605.02734	16130	-log10(pvalue)	D0_1_7_R1
280	348	553	1763.57904525728	1868.75	140601	16130	length	D0_1_7_R1
1.68685	3.50604	4.47186	9.17706101717016	8.24698	83.06109	100465	fold	D0_4_352_R1
1.35603	4.26114	7.1709	35.0705747487185	22.45007	541.28143	100465	-log10(qvalue)	D0_4_352_R1
2.80045	5.89418	8.90122	37.0160760271736	24.43918	550.77246	100465	-log10(pvalue)	D0_4_352_R1
198	278	476	1055.33903349425	1181	26488	100465	length	D0_4_352_R1
1.9607	5.60733	8.55674	16.8096775659344	18.06423	144.51381	167477	fold	D9_3_153_R1
1.32505	7.0736	15.1095	54.6264670281889	48.24058	622.18671	167477	-log10(qvalue)	D9_3_153_R1
3.00526	9.04819	17.265	56.9542574432907	50.73171	631.67773	167477	-log10(pvalue)	D9_3_153_R1
161	218	288	357.740125509771	421	3890	167477	length	D9_3_153_R1
1.33163	4.7294	6.20916	8.96581324709053	9.99081	104.86926	81630	fold	D9_1_154_R1
1.30204	4.85956	8.62097	20.093392338356	20.01477	501.64911	81630	-log10(qvalue)	D9_1_154_R1
3.23519	7.16728	11.12454	22.7563915953694	22.877555	509.63855	81630	-log10(pvalue)	D9_1_154_R1
159	216	310	386.15506553963	469	3088	81630	length	D9_1_154_R1
2.81298	5.57018	6.89339	7.99504437637759	9.14653	44.93012	13157	fold	M6_1_123_R1
1.3309	4.99193	7.79462	11.2075256996276	13.34174	121.76312	13157	-log10(qvalue)	M6_1_123_R1
4.11731	8.19641	11.22369	14.7690465569659	17.12217	131.25417	13157	-log10(pvalue)	M6_1_123_R1
177	228	289	328.004636315269	380	1608	13157	length	M6_1_123_R1
1.88944	3.42725	4.16337	5.63586555538592	5.97702	50.20879	117900	fold	D9_4_353_R1
1.31222	4.05303	6.29951	15.1431510572519	13.74448	291.88037	117900	-log10(qvalue)	D9_4_353_R1
2.81263	5.82944	8.20348	17.2327789135708	15.9294	301.37143	117900	-log10(pvalue)	D9_4_353_R1
197	263	419	750.603715012723	847	17876	117900	length	D9_4_353_R1
2.26251	6.42629	8.97343	12.5880056013534	14.75666	143.34691	42263	fold	M6_1_109_R1
1.35946	7.50985	13.23648	25.8316014229941	29.73436	519.67542	42263	-log10(qvalue)	M6_1_109_R1
3.70311	10.25134	16.17611	28.9285269715827	33.03607	529.16644	42263	-log10(pvalue)	M6_1_109_R1
153	195	252	278.731325272697	326	1700	42263	length	M6_1_109_R1
2.19977	6.06304	7.34931	8.20910347625	9.24192	47.65341	8000	fold	M6_1_171_R1
1.43153	5.46055	7.69823	10.46073584	12.21715	140.89044	8000	-log10(qvalue)	M6_1_171_R1
4.55561	9.08008	11.52744	14.41518158	16.39212	150.38148	8000	-log10(pvalue)	M6_1_171_R1
144	171	216	229.57825	268	1402	8000	length	M6_1_171_R1
3.02248	6.45551	8.8705	10.8795691436789	13.37769	99.41954	7649	fold	M6_1_127_R1
1.33856	6.86569	13.40472	19.7737965707936	25.36768	396.75491	7649	-log10(qvalue)	M6_1_127_R1
4.33257	10.20969	16.98596	23.4973895607269	29.33085	404.75458	7649	-log10(pvalue)	M6_1_127_R1
175	261	348	392.122238201072	472	2078	7649	length	M6_1_127_R1
1.89121	3.94555	5.02462	7.3195448799228	7.87345	60.01314	82905	fold	HEL9217_1_593_R1
1.31072	4.14071	6.69348	16.5668598595983	15.6493	321.42792	82905	-log10(qvalue)	HEL9217_1_593_R1
2.97706	6.04547	8.73018	18.7978005266269	17.99158	330.31689	82905	-log10(pvalue)	HEL9217_1_593_R1
191	256	425	766.717037573126	896	22532	82905	length	HEL9217_1_593_R1
1.46322	6.50373	8.1509	10.9536799914566	12.43041	76.93398	2341	fold	M6_1_125_R1
1.51256	6.20088	10.08268	19.2624125715506	21.10221	245.04738	2341	-log10(qvalue)	M6_1_125_R1
5.08049	10.19656	14.26012	23.5817769756514	25.60793	254.53841	2341	-log10(pvalue)	M6_1_125_R1
158	188	238	286.187953865869	334	2050	2341	length	M6_1_125_R1
1.90324	3.98502	5.14445	8.03310889189473	9.10331	56.12932	66537	fold	KG1_2_207_R1
1.3308	4.5851	7.69807	21.3357421566948	22.59404	337.39035	66537	-log10(qvalue)	KG1_2_207_R1
2.95371	6.42456	9.65776	23.532444157837	24.91473	345.73526	66537	-log10(pvalue)	KG1_2_207_R1
215	301	536	1041.87268737695	1273	29752	66537	length	KG1_2_207_R1
2.33213	4.70126	5.8071	6.97839852467675	8.08387	38.96329	47332	fold	M6_4_356_R1
1.32399	4.40189	6.62908	10.1588901174681	12.40026	106.79174	47332	-log10(qvalue)	M6_4_356_R1
3.27998	6.6724	9.09495	12.8104245662554	15.25735	116.28276	47332	-log10(pvalue)	M6_4_356_R1
206	294	465	665.973041494127	817	10512	47332	length	M6_4_356_R1
1.91835	4.03237	4.80432	6.16613043572763	6.50677	46.15417	88335	fold	KG1_1_58_R1
1.30256	4.0019	6.28644	12.1186514173317	11.39132	197.19695	88335	-log10(qvalue)	KG1_1_58_R1
3.02492	5.989825	8.40275	14.3959638010981	13.7529	205.99211	88335	-log10(pvalue)	KG1_1_58_R1
152	204	325	619.451440538858	660	27683	88335	length	KG1_1_58_R1
1.88567	3.90625	4.9824	7.31395088494949	7.96355	54.30916	84841	fold	HEL9217_2_594_R1
1.32099	4.30774	7.21412	18.5126656056624	17.8046	299.92496	84841	-log10(qvalue)	HEL9217_2_594_R1
2.95763	6.17368	9.21244	20.7085850752584	20.11249	308.07358	84841	-log10(pvalue)	HEL9217_2_594_R1
185	261	442	809.890760363504	948	20902	84841	length	HEL9217_2_594_R1
2.11414	4.24973	5.30067	8.20552330860133	8.37606	80.8366	81406	fold	Kasumi1_1_56_R1
1.3011	3.99533	6.59688	18.5266403013291	15.6507	313.86429	81406	-log10(qvalue)	Kasumi1_1_56_R1
3.03847	5.94584	8.66151	20.7690728834484	17.97797	323.35532	81406	-log10(pvalue)	Kasumi1_1_56_R1
135	191	328	666.124069478908	732	26914	81406	length	Kasumi1_1_56_R1
4.09375	6.82194	10.38262	17.0180260455192	20.184405	99.59742	703	fold	M6_1_128_R1
1.41894	6.83414	15.52722	40.8166392745377	47.534025	347.49121	703	-log10(qvalue)	M6_1_128_R1
5.46653	11.21702	20.12248	45.5985058890469	52.536635	356.98227	703	-log10(pvalue)	M6_1_128_R1
164	218	299	343.361308677098	430.5	1421	703	length	M6_1_128_R1
2.05791	4.15231	5.36338	6.34840987843667	7.66092	26.00289	22951	fold	MONOMAC1_4_778_R1
1.31545	5.2423	9.61829	14.5204568397891	18.95034	120.98137	22951	-log10(qvalue)	MONOMAC1_4_778_R1
3.44155	7.66459	12.26759	17.3352412504902	21.98504	129.39325	22951	-log10(pvalue)	MONOMAC1_4_778_R1
288	439	666	956.666637619276	1126.5	26788	22951	length	MONOMAC1_4_778_R1
2.06309	4.04437	5.06712	7.08230974128748	7.66519	63.10951	52568	fold	MONOMAC6_2_206_R1
1.31235	4.21021	6.72711	15.9869388688936	15.48859	395.84518	52568	-log10(qvalue)	MONOMAC6_2_206_R1
3.13402	6.3579	9.02313	18.4725860846903	18.11634	404.1601	52568	-log10(pvalue)	MONOMAC6_2_206_R1
239	303	470	743.707902145792	890	18943	52568	length	MONOMAC6_2_206_R1
1.88005	6.42503	8.94478	13.3035635566833	15.6082325	104.43539	64040	fold	M6_2_122_R1
1.31009	7.12066	13.51746	28.9749295619925	32.73161	365.83798	64040	-log10(qvalue)	M6_2_122_R1
3.43745	9.61688	16.21722	31.8336061442848	35.78636	375.32901	64040	-log10(pvalue)	M6_2_122_R1
157	207	268	310.452482823235	366	1999	64040	length	M6_2_122_R1
1.65311	5.61127	7.99346	13.2245703454182	13.82577	178.29521	42036	fold	DFAM71927V3_1_741_R1
1.30242	5.49342	10.53376	28.9851964056999	25.79211	648.35101	42036	-log10(qvalue)	DFAM71927V3_1_741_R1
3.50269	8.04958	13.301	31.9012887070606	28.91343	656.80066	42036	-log10(pvalue)	DFAM71927V3_1_741_R1
163	228	331	415.431558664002	515	3416	42036	length	DFAM71927V3_1_741_R1
1.9775	5.94014	8.85168	14.1427606947241	17.64293	258.45242	19864	fold	DFAM71927V3_1_743_R1
1.32288	5.57978	11.50067	26.5491296863673	32.43821	932.55469	19864	-log10(qvalue)	DFAM71927V3_1_743_R1
3.75772	8.38304	14.51854	29.7449074672775	35.88082	941.74469	19864	-log10(pvalue)	DFAM71927V3_1_743_R1
192	258	401	485.61316955296	630	3110	19864	length	DFAM71927V3_1_743_R1
1.93072	5.88244	8.22284	11.6206007431168	13.5016975	159.33691	22446	fold	DFAM71927V3_1_742_R1
1.30881	5.62715	10.10284	19.5642877929252	21.8565	527.86365	22446	-log10(qvalue)	DFAM71927V3_1_742_R1
3.7022	8.38455	13.07324	22.6954207734117	25.21055	534.95154	22446	-log10(pvalue)	DFAM71927V3_1_742_R1
193	257	379	493.432861088835	619	3657	22446	length	DFAM71927V3_1_742_R1
2.80332	5.2972	6.349	8.31039521268926	8.82867	229.81131	2774	fold	DFAM71927V3_1_750_R1
1.3756	4.37549	5.93167	10.6062441023792	10.6950625	744.0871	2774	-log10(qvalue)	DFAM71927V3_1_750_R1
4.43986	8.16997	9.89332	14.679667555876	14.971665	752.53668	2774	-log10(pvalue)	DFAM71927V3_1_750_R1
298	298	311	377.644196106705	437	2827	2774	length	DFAM71927V3_1_750_R1
2.29191	5.4906	7.59797	13.1708714782914	13.83139	173.97707	25658	fold	DFAM71927V3_1_748_R1
1.31416	4.84595	8.92072	23.7706878088705	22.09977	573.18982	25658	-log10(qvalue)	DFAM71927V3_1_748_R1
3.80292	7.73241	11.99707	27.0045483385299	25.52496	582.68079	25658	-log10(pvalue)	DFAM71927V3_1_748_R1
150	182	258	311.76654454751	379	3777	25658	length	DFAM71927V3_1_748_R1
2.37008	5.88079	7.05161	8.42040381150874	9.51407	220.04906	9836	fold	DFAM71927V3_1_739_R1
1.32769	5.06049	7.291205	10.4913666886946	12.06679	750.461	9836	-log10(qvalue)	DFAM71927V3_1_739_R1
4.00773	8.29979	10.73321	14.0613103649858	15.8544	759.95197	9836	-log10(pvalue)	DFAM71927V3_1_739_R1
294	320	408	442.767791785279	511	2937	9836	length	DFAM71927V3_1_739_R1
2.10559	4.41134	5.49167	8.86181577735699	8.92466	97.66198	60204	fold	MONOMAC6_1_196_R1
1.30321	4.17472	6.68054	19.0254907803468	16.41436	438.23029	60204	-log10(qvalue)	MONOMAC6_1_196_R1
3.14095	6.32055	8.96023	21.4948573204438	18.99004	447.72125	60204	-log10(pvalue)	MONOMAC6_1_196_R1
205	256	390	634.528486479304	752	14408	60204	length	MONOMAC6_1_196_R1
2.02395	4.36191	5.80083	10.0213704495807	10.95102	80.32357	64638	fold	MONOMAC1_2_592_R1
1.30218	4.75497	8.92279	29.3970623300535	28.2564	360.27078	64638	-log10(qvalue)	MONOMAC1_2_592_R1
3.01855	6.6833	10.9853	31.676851996813	30.66039	369.46078	64638	-log10(pvalue)	MONOMAC1_2_592_R1
190	278	479	869.908211887744	1054	24797	64638	length	MONOMAC1_2_592_R1
1.98119	4.06938	5.33579	6.53100396723829	7.9621775	29.45695	31256	fold	MONOMAC1_3_777_R1
1.32305	5.04515	9.25126	15.2433350172767	20.12274	163.3439	31256	-log10(qvalue)	MONOMAC1_3_777_R1
3.2932	7.28745	11.7011	17.8783031088431	22.98327	172.83498	31256	-log10(pvalue)	MONOMAC1_3_777_R1
275	425	676	1017.06203608907	1216	43288	31256	length	MONOMAC1_3_777_R1
2.30785	4.57847	6.21989	10.0575817553237	12.06166	65.04044	57995	fold	M6_3_355_R1
1.31667	4.02642	8.10529	21.5003502539874	25.39779	210.47685	57995	-log10(qvalue)	M6_3_355_R1
3.02101	5.92119	10.15548	23.7838444184844	27.847	219.96783	57995	-log10(pvalue)	M6_3_355_R1
201	311	570	1009.80608673161	1258	25046	57995	length	M6_3_355_R1
1.82217	5.58808	7.34591	9.67515819442119	11.07715	206.25056	29863	fold	MV411-DMSO-8h_2_724_R1
1.33793	5.25599	8.75885	15.8311136285705	17.83025	811.88245	29863	-log10(qvalue)	MV411-DMSO-8h_2_724_R1
3.69553	7.99956	11.70452	18.931118760004	21.14907	820.22736	29863	-log10(pvalue)	MV411-DMSO-8h_2_724_R1
163	213.5	307	409.490037839467	503	3319	29863	length	MV411-DMSO-8h_2_724_R1
1.68524	5.82026	6.87849	8.05940819459459	8.9941	56.68687	7400	fold	MV411_1_115_R1
1.33257	5.21829	7.44643	11.0229649310811	12.33932	157.31099	7400	-log10(qvalue)	MV411_1_115_R1
4.44167	8.8876	11.32657	15.0219874810811	16.53914	166.64833	7400	-log10(pvalue)	MV411_1_115_R1
137	160	209	222.162027027027	262.25	913	7400	length	MV411_1_115_R1
1.79813	4.51586	5.89701	9.07303531000017	10.25423	65.47993	59629	fold	MV411-DMSO_1_183_R1
1.36687	4.624	7.79179	19.3516154676416	20.23573	289.75229	59629	-log10(qvalue)	MV411-DMSO_1_183_R1
3.17985	6.70868	10.02074	21.7865555748042	22.80645	299.24329	59629	-log10(pvalue)	MV411-DMSO_1_183_R1
200	271	446	725.440624528334	875	17480	59629	length	MV411-DMSO_1_183_R1
1.91738	3.38855	4.05914	5.0721588751939	5.313	35.36551	83161	fold	MV411_1_293_R1
1.35713	3.98874	5.81009	10.6991452656894	9.91848	218.10844	83161	-log10(qvalue)	MV411_1_293_R1
2.6624	5.48356	7.38537	12.400541000469	11.65244	225.56601	83161	-log10(pvalue)	MV411_1_293_R1
294	386	617	1737.72108320006	1333	203211	83161	length	MV411_1_293_R1
1.4445	4.78531	5.674565	6.90732946734768	7.118075	70.51854	5482	fold	MV411_1_117_R1
1.31734	4.19049	6.01544	10.6959794582269	9.79999	270.18527	5482	-log10(qvalue)	MV411_1_117_R1
4.31026	7.63729	9.63986	14.4186891900766	13.66574	279.37531	5482	-log10(pvalue)	MV411_1_117_R1
165	204.25	288	430.302626778548	462	6196	5482	length	MV411_1_117_R1
1.77781	3.6232	4.529	6.78746450722797	7.33332	50.65344	102380	fold	D9_5_354_R1
1.31506	4.3454	7.0394	19.7449840427818	17.88376	281.09048	102380	-log10(qvalue)	D9_5_354_R1
2.82657	6.08755	8.90292	21.8124331143778	20.03564	290.58154	102380	-log10(pvalue)	D9_5_354_R1
197	273	457	874.727300253956	1004	24066	102380	length	D9_5_354_R1
1.58055	5.7131	8.666005	14.6202183866449	16.9358	139.78198	51396	fold	DFAM71927V3_1_751_R1
1.31107	6.18259	13.51568	36.5080116915713	38.2091	546.62396	51396	-log10(qvalue)	DFAM71927V3_1_751_R1
3.42878	8.62621	16.181	39.3473193993696	41.26662	555.81403	51396	-log10(pvalue)	DFAM71927V3_1_751_R1
155	222	326	424.172056191143	531	4270	51396	length	DFAM71927V3_1_751_R1
1.9819	3.54624	4.52844	8.36130552073169	8.58325	65.79829	85063	fold	D9_3_157_R1
1.32468	4.49326	7.76907	34.6537359841529	27.25924	474.83856	85063	-log10(qvalue)	D9_3_157_R1
2.81804	6.17104	9.54859	36.6621697385467	29.34065	484.32962	85063	-log10(pvalue)	D9_3_157_R1
203	289	506	1115.58342640161	1261	28820	85063	length	D9_3_157_R1
3.07909	6.06453	7.5476	8.82462483457844	10.06347	71.75101	937	fold	DFAM71927V3_1_745_R1
1.32867	4.63817	7.54709	12.4156359871932	14.9691	181.65532	937	-log10(qvalue)	DFAM71927V3_1_745_R1
5.53288	9.44217	12.57406	17.5375644717182	20.32844	190.84534	937	-log10(pvalue)	DFAM71927V3_1_745_R1
48	48	55	92.4685165421558	91	1695	937	length	DFAM71927V3_1_745_R1
2.28722	5.7569	6.67539	7.00438722222222	7.744335	22.79191	486	fold	MV411_1_601_R1
1.34136	3.4522475	5.0385	5.90229041152263	6.81869	38.32516	486	-log10(qvalue)	MV411_1_601_R1
5.9593	8.65259	10.56652	11.492160781893	12.62328	47.81621	486	-log10(pvalue)	MV411_1_601_R1
50	58	78.5	93.4362139917695	112.75	554	486	length	MV411_1_601_R1
1.63254	4.95463	6.40617	9.38559167105898	9.73913	135.29021	26941	fold	MV411_1_106_R1
1.3223	5.52458	9.54188	22.7224767651535	20.55894	639.81537	26941	-log10(qvalue)	MV411_1_106_R1
3.76686	8.38815	12.60142	25.9191872729297	23.93404	649.3064	26941	-log10(pvalue)	MV411_1_106_R1
175	224	295	338.023384432649	403	2066	26941	length	MV411_1_106_R1
3.18158	5.34919	5.48937	6.10710590192644	6.399695	30.13475	571	fold	MV411_1_650_R1
1.53259	3.99151	4.40901	5.89832651488616	5.97237	62.0073	571	-log10(qvalue)	MV411_1_650_R1
5.08173	8.39157	9.0804	10.5863833975482	10.860215	71.49814	571	-log10(pvalue)	MV411_1_650_R1
299	299	299	339.133099824869	300	2600	571	length	MV411_1_650_R1
1.63681	3.78266	4.54051	5.22414068687492	5.72622	72.61132	22697	fold	MV411-MEF2D-NT-SC-63_1_760_R1
1.3176	4.62026	7.07295	11.2015699361149	11.74808	490.33908	22697	-log10(qvalue)	MV411-MEF2D-NT-SC-63_1_760_R1
3.6454	7.38156	10.07981	14.3381965744372	15.1432	499.83014	22697	-log10(pvalue)	MV411-MEF2D-NT-SC-63_1_760_R1
238	314	438	562.398510816407	681	5801	22697	length	MV411-MEF2D-NT-SC-63_1_760_R1
1.39636	3.33977	3.81555	3.9103597594449	4.35309	9.58791	65141	fold	MV411_1_137_R1
1.33304	3.35424	4.3461	4.82990225357302	5.79608	31.99748	65141	-log10(qvalue)	MV411_1_137_R1
3.2419	5.86436	7.14029	7.74902920111758	8.99496	40.88648	65141	-log10(pvalue)	MV411_1_137_R1
232	276	366	453.337206981778	533	3714	65141	length	MV411_1_137_R1
1.55873	4.67391	6.23624	9.47693297619048	9.9393575	99.05007	66780	fold	MV411_1_582_R1
1.31359	5.70837	10.15222	25.8303972309075	23.5825	457.10797	66780	-log10(qvalue)	MV411_1_582_R1
3.44992	8.23358	12.87185	28.6918474785864	26.62851	466.59903	66780	-log10(pvalue)	MV411_1_582_R1
141	187	250	288.947648996706	346	3749	66780	length	MV411_1_582_R1
1.63341	4.04223	5.66885	10.4981888580904	12.2608175	70.96593	63928	fold	MV411-DMSO-8h_2_734_R1
1.30199	4.71202	9.85502	37.5054626376549	39.4189625	348.57031	63928	-log10(qvalue)	MV411-DMSO-8h_2_734_R1
3.01501	6.60524	11.88344	39.7627540498686	41.810985	357.45932	63928	-log10(pvalue)	MV411-DMSO-8h_2_734_R1
163	270	502	927.099283569015	1202	41881	63928	length	MV411-DMSO-8h_2_734_R1
1.80206	3.72832	4.45783	5.88456842883231	5.95657	56.77173	110612	fold	MOLM13_1_48_R1
1.30466	3.65775	5.40014	12.5778258151918	10.2945	253.8047	110612	-log10(qvalue)	MOLM13_1_48_R1
2.97128	5.5821	7.43962	14.7574432489242	12.54053	263.29572	110612	-log10(pvalue)	MOLM13_1_48_R1
135	178	280	559.935838787835	576	35764	110612	length	MOLM13_1_48_R1
1.92827	4.87604	7.50597	11.80827359061	14.56438	64.50719	167498	fold	MV411-PU1-NT-SC-1_1_761_R1
1.31134	8.769825	20.16509	50.7864745465617	60.01279	370.52466	167498	-log10(qvalue)	MV411-PU1-NT-SC-1_1_761_R1
2.85376	10.638655	22.24598	53.0491235027881	62.47241	380.01572	167498	-log10(pvalue)	MV411-PU1-NT-SC-1_1_761_R1
227	316	411	483.859777430178	567	6219	167498	length	MV411-PU1-NT-SC-1_1_761_R1
1.72983	5.22498	7.4478	11.2931613576264	13.40642	127.88762	78733	fold	MV411_1_639_R1
1.33934	6.21108	11.958	27.5035228340086	31.29313	506.97305	78733	-log10(qvalue)	MV411_1_639_R1
3.21619	8.37585	14.30851	30.0468465652268	34.02552	516.46411	78733	-log10(pvalue)	MV411_1_639_R1
163	234	341	496.319268921545	571	6822	78733	length	MV411_1_639_R1
1.25335	4.44545	5.19673	5.58918363744782	6.1020075	86.14208	3354	fold	MV411_1_771_R1
1.31811	4.00046	5.68968	7.84275071556351	8.4891075	403.80658	3354	-log10(qvalue)	MV411_1_771_R1
4.4963	7.94258	9.89791	12.1146597942755	13.0187575	413.29764	3354	-log10(pvalue)	MV411_1_771_R1
174	196	237	261.034585569469	297	2893	3354	length	MV411_1_771_R1
1.8767	5.02744	6.43724	8.69556552010211	9.44456	116.6171	15670	fold	MV411_2_116_R1
1.31212	5.60714	9.336215	19.5736521384812	19.3191875	543.54865	15670	-log10(qvalue)	MV411_2_116_R1
4.00555	8.74706	12.669595	23.0436876190172	22.9701625	553.03967	15670	-log10(pvalue)	MV411_2_116_R1
171	214	276	312.260561582642	369	1585	15670	length	MV411_2_116_R1
1.91217	3.66494	4.32205	4.76695627698574	5.33396	30.63866	17185	fold	MV411-IRF2BP2-CT-GFP-8_1_762_R1
1.35517	3.98286	6.06604	8.35246280826302	9.75619	142.30325	17185	-log10(qvalue)	MV411-IRF2BP2-CT-GFP-8_1_762_R1
3.86263	6.89751	9.22533	11.6355402688391	13.27997	151.10487	17185	-log10(pvalue)	MV411-IRF2BP2-CT-GFP-8_1_762_R1
235	309	413	498.502647657841	586	5122	17185	length	MV411-IRF2BP2-CT-GFP-8_1_762_R1
1.51282	5.90929	7.85474	10.3187401652788	12.02964	173.88493	31704	fold	MV411-DMSO-8h_1_728_R1
1.33819	5.47252	9.32222	16.0864424372319	18.50064	607.31366	31704	-log10(qvalue)	MV411-DMSO-8h_1_728_R1
3.87908	8.45583	12.52176	19.4209921795357	22.04703	615.01935	31704	-log10(pvalue)	MV411-DMSO-8h_1_728_R1
126	155	201	219.088726974514	257	1891	31704	length	MV411-DMSO-8h_1_728_R1
1.40647	4.42368	5.50234	6.91163205569487	7.54656	96.61547	37885	fold	MV411_1_587_R1
1.30801	4.59218	7.24119	13.0170827000132	13.38718	442.50171	37885	-log10(qvalue)	MV411_1_587_R1
3.66734	7.40704	10.25568	16.1491018012406	16.72053	451.99277	37885	-log10(pvalue)	MV411_1_587_R1
138	174	235	287.276204302494	337	5926	37885	length	MV411_1_587_R1
1.50221	5.64075	7.60349	13.0315462259094	13.29208	147.74672	45142	fold	MV411_1_583_R1
1.31203	5.48717	9.93851	28.2648095004652	24.4195825	518.79547	45142	-log10(qvalue)	MV411_1_583_R1
3.63035	8.17965	12.81686	31.2954991283062	27.6265575	528.2865	45142	-log10(pvalue)	MV411_1_583_R1
126	164	225	282.976164104382	335	4288	45142	length	MV411_1_583_R1
1.28531	5.00779	6.46144	8.88601882623798	9.70228	89.22501	12379	fold	MV411_1_640_R1
1.30937	6.17715	10.55696	22.5339501066322	22.31185	412.71429	12379	-log10(qvalue)	MV411_1_640_R1
4.16139	9.46254	14.03749	26.1496280030697	26.11582	422.20535	12379	-log10(pvalue)	MV411_1_640_R1
152	193	246	275.804830761774	325	1660	12379	length	MV411_1_640_R1
1.78026	4.08161	5.08181	6.0509137174903	6.95614	67.49055	32721	fold	MV411_2_768_R1
1.30789	6.10394	10.21845	16.3113212166499	18.95481	436.60541	32721	-log10(qvalue)	MV411_2_768_R1
3.5118	8.71601	13.05355	19.2882402845268	22.15421	446.09647	32721	-log10(pvalue)	MV411_2_768_R1
261	341	438	510.294948198405	581	8717	32721	length	MV411_2_768_R1
1.4185	4.82657	5.69315	6.19850964850136	6.929455	24.5939	3670	fold	MV411_1_430_R1
1.32547	4.09827	5.885505	7.87319392643052	9.18455	68.20145	3670	-log10(qvalue)	MV411_1_430_R1
4.73015	8.07284	10.09343	12.180566013624	13.72328	75.85999	3670	-log10(pvalue)	MV411_1_430_R1
132	155	198	227.072479564033	264.75	1583	3670	length	MV411_1_430_R1
1.7121	7.10598	20.53288	21.4953912074514	33.49963	64.66505	22063	fold	MV411_1_138_R1
1.36802	14.82329	82.5769	92.8517040928251	160.95343	347.02786	22063	-log10(qvalue)	MV411_1_138_R1
3.35284	16.98213	85.16397	95.6918780954539	164.31628	356.51892	22063	-log10(pvalue)	MV411_1_138_R1
198	547	1270	1447.10048497484	2028	32282	22063	length	MV411_1_138_R1
1.9744	6.00398	7.27139	7.35550558510638	8.67241	17.39362	188	fold	MV411_1_433_R1
1.3292	4.2107275	6.15911	7.29961021276596	9.29441	26.26375	188	-log10(qvalue)	MV411_1_433_R1
6.26659	9.658865	11.83963	13.1341138829787	15.36898	35.75479	188	-log10(pvalue)	MV411_1_433_R1
47	60	92.5	121.5	150	561	188	length	MV411_1_433_R1
1.4818	5.26134	6.11383	6.68942069241012	7.5578975	26.10001	3004	fold	MV411_2_431_R1
1.33383	4.4508625	6.19848	8.14072146138482	9.80186	86.29959	3004	-log10(qvalue)	MV411_2_431_R1
4.77476	8.49298	10.472	12.5223258655127	14.43572	95.31352	3004	-log10(pvalue)	MV411_2_431_R1
141	164	207	236.493342210386	273	6836	3004	length	MV411_2_431_R1
1.78016	4.3616	5.70458	8.8218735675564	9.50764	86.70966	77476	fold	MV411_1_577_R1
1.31278	4.36086	7.71581	20.4655782830812	18.8557	383.03549	77476	-log10(qvalue)	MV411_1_577_R1
3.32368	6.78592	10.35593	23.2679604983479	21.87432	392.52655	77476	-log10(pvalue)	MV411_1_577_R1
123	161	232	315.047666374103	372	3501	77476	length	MV411_1_577_R1
1.58021	3.68976	4.35482	4.7919883768035	5.37001	34.68949	114638	fold	MV411_1_89_R1
1.31101	3.81023	5.28626	6.88196993117465	7.98568	173.14009	114638	-log10(qvalue)	MV411_1_89_R1
2.68931	5.54043	7.19897	8.91433448428968	10.19027	182.6311	114638	-log10(pvalue)	MV411_1_89_R1
293	367	556	1002.79647237391	1021	47428	114638	length	MV411_1_89_R1
2.0749	4.24871	5.80712	9.57589594053146	11.032375	59.69836	60099	fold	MONOMAC1_1_591_R1
1.30499	4.71029	8.93923	26.5255912689063	28.270555	250.48148	60099	-log10(qvalue)	MONOMAC1_1_591_R1
3.03847	6.63869	11.01202	28.8211249027438	30.7035	258.48117	60099	-log10(pvalue)	MONOMAC1_1_591_R1
187	297	520	924.706867002779	1145	23908	60099	length	MONOMAC1_1_591_R1
1.7994	3.89544	4.29441	4.68251617330267	5.06408	21.47204	41315	fold	MV411_1_71_R1
1.30442	3.17557	4.05729	5.10188389398524	5.50631	88.33626	41315	-log10(qvalue)	MV411_1_71_R1
3.16782	5.63586	6.69595	7.81292323514462	8.35023	95.28447	41315	-log10(pvalue)	MV411_1_71_R1
295	320	401	608.628730485296	592	17533	41315	length	MV411_1_71_R1
1.41745	5.62799	7.02099	8.74918732530121	9.9578475	72.85074	3320	fold	MV411_2_614_R1
1.50254	6.47125	10.124595	16.9134802620482	19.3632775	312.25766	3320	-log10(qvalue)	MV411_2_614_R1
4.90173	10.37773	14.230005	21.1508939307229	23.79695	321.74869	3320	-log10(pvalue)	MV411_2_614_R1
164	193	239	259.432530120482	300	4852	3320	length	MV411_2_614_R1
1.18273	4.49443	5.84132	7.66778694061585	8.70141	98.01382	46797	fold	MV411_1_767_R1
1.35421	7.86737	13.38128	26.0321109363848	28.34223	681.82294	46797	-log10(qvalue)	MV411_1_767_R1
3.44155	10.36393	16.08644	28.8733281597111	31.39417	691.31403	46797	-log10(pvalue)	MV411_1_767_R1
248	317	403	453.49789516422	525	3051	46797	length	MV411_1_767_R1
1.449	5.51026	8.04141	16.540896023828	16.7714	150.59979	66896	fold	MV411_2_429_R1
1.3023	6.29129	12.59959	48.4537101464961	40.17548	600.02966	66896	-log10(qvalue)	MV411_2_429_R1
3.42632	8.75166	15.24173	51.2640946633581	43.15556	609.52069	66896	-log10(pvalue)	MV411_2_429_R1
148	199	268	308.674928246831	371	2902	66896	length	MV411_2_429_R1
1.6485	5.64877	7.72247	10.4509599662697	12.39302	74.91425	57515	fold	MV411_1_72_R1
1.32626	6.1431	10.87207	20.0927709075893	23.90957	283.82739	57515	-log10(qvalue)	MV411_1_72_R1
3.52165	8.75643	13.69364	23.0733856564375	27.104025	293.31842	57515	-log10(pvalue)	MV411_1_72_R1
151	191	249	278.281039728766	330	6855	57515	length	MV411_1_72_R1
1.81199	6.3644625	7.92012	9.17906140301318	10.57148	46.85828	2124	fold	MV411_1_590_R1
1.42737	5.98585	9.44133	13.5798738418079	15.82763	131.21349	2124	-log10(qvalue)	MV411_1_590_R1
5.11819	10.16681	13.83676	18.1058494161959	20.55107	140.70451	2124	-log10(pvalue)	MV411_1_590_R1
118	147	191	224.13418079096	260	6480	2124	length	MV411_1_590_R1
1.9815	4.2885	5.373	6.6230880531586	7.68047	43.7453	21671	fold	MV411_1_359_R1
1.31752	5.01951	8.39974	14.2055731327581	16.84198	174.01523	21671	-log10(qvalue)	MV411_1_359_R1
3.70222	7.75457	11.33079	17.3068685879747	20.14977	183.50629	21671	-log10(pvalue)	MV411_1_359_R1
180	254	388	531.509528863458	639	12857	21671	length	MV411_1_359_R1
2.29553	4.96773	6.48731	8.11367833761097	9.704555	54.02812	23767	fold	MV411_1_357_R1
1.30973	6.84054	12.45103	21.2140659086128	26.18826	271.28528	23767	-log10(qvalue)	MV411_1_357_R1
3.75708	9.6696	15.50724	24.423908550932	29.6308	279.11359	23767	-log10(pvalue)	MV411_1_357_R1
171	236	340	418.460554550427	519	3709	23767	length	MV411_1_357_R1
1.47429	5.19481	6.1169	7.9661386551348	7.8556	141.41275	6417	fold	MV411_1_320_R1
1.38916	4.65756	6.6801	13.930769658719	11.10383	619.36237	6417	-log10(qvalue)	MV411_1_320_R1
4.44137	8.26142	10.45143	17.7686737260402	15.1104	627.55237	6417	-log10(pvalue)	MV411_1_320_R1
160	182	229	274.790556334736	303	4338	6417	length	MV411_1_320_R1
3.04206	7.17515	13.87887	16.3213805162971	23.1269775	77.67913	37614	fold	MV411_1_570_R1
1.32879	8.42392	23.06263	30.1370629720317	45.10875	200.46904	37614	-log10(qvalue)	MV411_1_570_R1
3.7184	11.19076	26.14856	33.3798943470516	48.6661	209.71494	37614	-log10(pvalue)	MV411_1_570_R1
141	212	292	299.941298452704	372	1601	37614	length	MV411_1_570_R1
1.39636	5.45645	8.00298	12.989058874456	14.75253	132.34018	60895	fold	MV411_1_319_R1
1.39159	6.81184	13.90169	36.6686604849331	37.63128	572.84546	60895	-log10(qvalue)	MV411_1_319_R1
3.49174	9.26756	16.56126	39.4911878797931	40.65063	581.63751	60895	-log10(pvalue)	MV411_1_319_R1
164	220	298	351.708596764923	423	5927	60895	length	MV411_1_319_R1
2.89034	5.58403	6.87532	7.95680347639485	8.9595	71.9081	2563	fold	MV411_1_118_R1
1.36206	6.24844	9.56544	14.0477386110027	16.024885	355.87955	2563	-log10(qvalue)	MV411_1_118_R1
4.91265	10.26258	13.78873	18.3859898166211	20.589285	364.29141	2563	-log10(pvalue)	MV411_1_118_R1
142	179	233	270.394069449863	315	1510	2563	length	MV411_1_118_R1
1.48562	5.1854	6.11947	7.18802174719487	7.66129	84.4905	4367	fold	MV411_2_427_R1
1.32758	4.48112	6.43481	10.1951460453401	10.1263	349.29211	4367	-log10(qvalue)	MV411_2_427_R1
4.60179	8.35747	10.52931	14.3824425005725	14.5177	358.78317	4367	-log10(pvalue)	MV411_2_427_R1
144	162	203	232.260819784749	265	6469	4367	length	MV411_2_427_R1
1.58121	4.2394	5.42465	6.55954167255465	7.839135	30.85595	18116	fold	MV411_3_136_R1
1.37724	5.59046	9.89735	15.920572819607	20.33445	156.8792	18116	-log10(qvalue)	MV411_3_136_R1
3.76777	8.33361	12.84756	19.0488238319717	23.68239	166.37025	18116	-log10(pvalue)	MV411_3_136_R1
207	299	456	602.93298741444	725	13180	18116	length	MV411_3_136_R1
1.88886	5.69758	6.96441	8.59928052173913	10.12903	38.74529	115	fold	MV411_3_623_R1
1.30462	3.85075	6.12325	10.6549186086957	11.79234	84.53976	115	-log10(qvalue)	MV411_3_623_R1
6.37361	9.38109	11.8675	16.5711055652174	17.918175	94.03079	115	-log10(pvalue)	MV411_3_623_R1
47	64.5	97	132.339130434783	173	541	115	length	MV411_3_623_R1
1.30009	5.05703	7.5099	16.898647105601	20.55112	131.69998	27263	fold	MV411_2_325_R1
1.30457	6.02937	13.26836	60.4968517940065	65.5703	612.23724	27263	-log10(qvalue)	MV411_2_325_R1
3.61949	8.64712	16.05391	63.4867755811906	68.75976	621.72827	27263	-log10(pvalue)	MV411_2_325_R1
163	224	347	475.373326486447	632	4323	27263	length	MV411_2_325_R1
1.58684	4.54062	5.30354	5.79456325985304	6.4465	42.95867	8982	fold	MV411_2_358_R1
1.33649	4.15073	5.78868	7.38601276775774	8.56703	210.3647	8982	-log10(qvalue)	MV411_2_358_R1
4.15903	7.50349	9.377225	11.0965526452906	12.51447	218.577	8982	-log10(pvalue)	MV411_2_358_R1
191	234	324	410.743932309063	492	4155	8982	length	MV411_2_358_R1
1.81228	6.87856	8.142795	9.73149303278688	10.4699725	77.06843	244	fold	MV411_1_324_R1
2.23435	6.55135	9.369755	14.6999569672131	14.9961425	237.99765	244	-log10(qvalue)	MV411_1_324_R1
6.8767	11.57316	14.54537	19.997835204918	20.4235975	247.48863	244	-log10(pvalue)	MV411_1_324_R1
150	167.75	211	264.959016393443	259.25	6845	244	length	MV411_1_324_R1
1.85223	4.944105	6.07675	7.45406927662957	8.26912	40.61978	1258	fold	MV411_1_773_R1
1.70255	6.0227625	10.08846	17.2686759220986	18.49971	201.94441	1258	-log10(qvalue)	MV411_1_773_R1
5.53144	10.268705	14.5433	21.8485354292528	23.2486025	211.43547	1258	-log10(pvalue)	MV411_1_773_R1
184	223	280	299.968203497615	349.75	967	1258	length	MV411_1_773_R1
2.14364	3.82331	5.68101	6.8460718556701	7.25198	75.11492	97	fold	MV411_1_565_R1
2.79188	6.07621	9.11041	17.0819532989691	15.07208	243.47998	97	-log10(qvalue)	MV411_1_565_R1
7.57973	11.13281	14.27412	22.4288380412371	20.37343	252.97099	97	-log10(pvalue)	MV411_1_565_R1
209	212	239	446.123711340206	382	7555	97	length	MV411_1_565_R1
1.42373	5.37705	6.80567	8.37271626961098	9.56116	89.34672	20333	fold	MV411_3_585_R1
1.31657	5.08049	8.17437	13.0709462135445	14.94497	294.50113	20333	-log10(qvalue)	MV411_3_585_R1
3.90726	8.07708	11.39057	16.4324747459794	18.52908	303.99216	20333	-log10(pvalue)	MV411_3_585_R1
147	191	271	345.824816800275	422	2722	20333	length	MV411_3_585_R1
1.44918	6.1223	7.87153	10.6361633203343	11.89001	87.46289	3590	fold	MV411_1_581_R1
1.30195	6.43412	10.96822	21.0269025431755	22.6082475	311.69373	3590	-log10(qvalue)	MV411_1_581_R1
4.77775	10.3978	15.12437	25.3220182451253	27.0918225	321.18478	3590	-log10(pvalue)	MV411_1_581_R1
117	143	182	200.833426183844	236	930	3590	length	MV411_1_581_R1
1.55476	4.907395	6.16598	7.26288558139535	7.6392	100.71178	430	fold	MV411_2_772_R1
1.40913	3.483855	6.026185	12.053216255814	12.650905	344.39352	430	-log10(qvalue)	MV411_2_772_R1
5.86222	8.41153	11.181535	17.2977056046512	18.069525	353.88458	430	-log10(pvalue)	MV411_2_772_R1
70	79	101	145.911627906977	144.5	2662	430	length	MV411_2_772_R1
2.23465	5.96391	6.65099	6.78360859122402	7.46958	13.5071	866	fold	MV411_3_568_R1
1.32576	4.12053	5.51622	6.77420474595843	7.3312	76.03029	866	-log10(qvalue)	MV411_3_568_R1
4.96882	8.61035	10.26811	11.5483116281755	12.34566	85.52126	866	-log10(pvalue)	MV411_3_568_R1
224	224	241	273.088914549654	282	2784	866	length	MV411_3_568_R1
1.65096	5.57069	6.62426	7.32033263033175	8.27647	49.32006	2110	fold	MV411_2_129_R1
1.30634	5.2708875	7.70232	10.0413478388626	11.88725	166.42894	2110	-log10(qvalue)	MV411_2_129_R1
4.96726	9.52483	12.20208	14.6366427298578	16.70792	175.92	2110	-log10(pvalue)	MV411_2_129_R1
129	149	181	202.977251184834	234	1503	2110	length	MV411_2_129_R1
1.4079	5.24414	6.93473	9.15439925285547	10.58443	88.61175	44476	fold	MV411_3_300_R1
1.32756	5.65259	9.96895	18.1302733869952	20.55343	331.26617	44476	-log10(qvalue)	MV411_3_300_R1
3.58044	8.29847	12.82774	21.1350005425398	23.769865	339.39548	44476	-log10(pvalue)	MV411_3_300_R1
158	207	284	332.783096501484	397	3084	44476	length	MV411_3_300_R1
1.74225	5.69573	6.88367	7.87266076551168	8.68865	65.50112	2482	fold	MV411_2_604_R1
1.40749	4.67187	7.06227	10.4753544721998	10.97174	247.62029	2482	-log10(qvalue)	MV411_2_604_R1
5.06348	8.88564	11.48032	14.9644977598711	15.656665	255.88087	2482	-log10(pvalue)	MV411_2_604_R1
104	118	150	177.424657534247	197	5414	2482	length	MV411_2_604_R1
1.72637	5.5816275	7.10428	8.6133038172043	9.861725	56.19012	372	fold	MV411_2_774_R1
1.49585	5.6894625	9.623875	15.411762016129	17.7333575	139.37764	372	-log10(qvalue)	MV411_2_774_R1
6.09772	10.7386275	14.85565	20.7833585215054	23.215745	148.8687	372	-log10(pvalue)	MV411_2_774_R1
69	77	107	152.819892473118	178.25	2658	372	length	MV411_2_774_R1
1.44662	5.61765	7.33479	9.35266743101134	10.89533	72.98811	26816	fold	MV411_2_112_R1
1.32926	6.21953	10.28322	17.2789276987619	20.468025	252.39832	26816	-log10(qvalue)	MV411_2_112_R1
3.86133	9.21234	13.47693	20.6178742381414	24.01704	261.88934	26816	-log10(pvalue)	MV411_2_112_R1
157	190	241	261.283114558473	304	6849	26816	length	MV411_2_112_R1
1.81044	4.65741	6.20489	9.5600001663544	10.20689	108.74885	193743	fold	MV411_3_299_R1
1.34997	6.56735	11.66458	29.4290633737993	27.25148	583.75092	193743	-log10(qvalue)	MV411_3_299_R1
2.98877	8.60611	13.88534	31.7977714273548	29.78998	593.24194	193743	-log10(pvalue)	MV411_3_299_R1
168	208	265	297.36237180182	341	6324	193743	length	MV411_3_299_R1
1.54362	5.92807	7.51959	9.21530784184514	10.53703	54.29224	1821	fold	MV411_4_627_R1
1.52416	7.18542	11.41375	18.6742678802856	21.10278	191.6712	1821	-log10(qvalue)	MV411_4_627_R1
5.37271	11.48421	15.91739	23.303836501922	25.92626	201.16228	1821	-log10(pvalue)	MV411_4_627_R1
110	135	170	187.381109280615	220	943	1821	length	MV411_4_627_R1
1.7303	6.014	7.76108	11.4042146614889	11.63432	155.55914	6824	fold	MV411_3_425_R1
1.30792	5.35012	8.73059	19.3430932268464	17.4951	547.05695	6824	-log10(qvalue)	MV411_3_425_R1
4.29336	8.82583	12.37949	23.1212301802462	21.44674	555.84894	6824	-log10(pvalue)	MV411_3_425_R1
177	200	261	312.382180539273	367	3886	6824	length	MV411_3_425_R1
1.99052	3.73777	4.37178	5.12339975205315	5.37874	41.66504	114702	fold	MV411_1_70_R1
1.3414	3.28627	4.47451	7.00139478021307	6.87972	185.42351	114702	-log10(qvalue)	MV411_1_70_R1
3.00615	5.3812	6.7341	9.37002305879584	9.3832	194.91452	114702	-log10(pvalue)	MV411_1_70_R1
186	222	316	486.354257118446	536	17433	114702	length	MV411_1_70_R1
1.92208	4.03414	4.81443	6.57229180590312	6.66606	74.16486	60341	fold	MV411_2_88_R1
1.31106	3.2462	4.79882	10.3901355197958	9.1673	300.8663	60341	-log10(qvalue)	MV411_2_88_R1
3.22573	5.52983	7.21284	12.9565874546328	11.82439	310.35733	60341	-log10(pvalue)	MV411_2_88_R1
172	204	299	495.11988531844	558	13499	60341	length	MV411_2_88_R1
1.47701	3.9809225	4.98121	7.33502420817601	7.10889	115.5093	27544	fold	MV411_2_435_R1
1.36271	4.56376	7.40778	20.921619122858	15.32359	639.79346	27544	-log10(qvalue)	MV411_2_435_R1
3.58993	7.10842	10.13036	23.8101234635492	18.38649	649.28455	27544	-log10(pvalue)	MV411_2_435_R1
179	248	407	604.684613708975	769	17881	27544	length	MV411_2_435_R1
2.0169	5.82841	9.87175	15.0338738042214	19.21899	106.49113	12034	fold	MV411_3_426_R1
1.32237	8.82262	23.75207	53.367874644341	67.12528	523.31934	12034	-log10(qvalue)	MV411_3_426_R1
4.07613	11.89062	27.0568	56.8243344980887	70.82186	532.81042	12034	-log10(pvalue)	MV411_3_426_R1
148	240	357	414.667276051188	524	4183	12034	length	MV411_3_426_R1
1.34208	5.10538	6.94777	10.1161338904776	11.6009	134.99918	108051	fold	MV411_2_301_R1
1.30324	5.20606	9.47166	19.8787959604261	21.28274	487.15027	108051	-log10(qvalue)	MV411_2_301_R1
3.2217	7.50181	11.96658	22.5277447511823	24.1314	496.64127	108051	-log10(pvalue)	MV411_2_301_R1
141	188	267	297.367039638689	362	2948	108051	length	MV411_2_301_R1
1.48048	5.41441	6.755215	8.76369478950246	9.543075	75.89342	7316	fold	MV411_4_321_R1
1.34915	5.42004	8.743355	16.8985935729907	17.0643375	338.20432	7316	-log10(qvalue)	MV411_4_321_R1
4.4604	8.98401	12.50075	20.7870722744669	21.13899	347.69537	7316	-log10(pvalue)	MV411_4_321_R1
145	175	228	253.530481137233	299	1193	7316	length	MV411_4_321_R1
2.0014	6.26958	8.41415	14.0661028642747	14.12823	200.75632	18228	fold	MV411_4_717_R1
1.40496	6.05005	10.12659	26.1227891705069	23.06004	636.52496	18228	-log10(qvalue)	MV411_4_717_R1
4.15764	9.23273	13.49004	29.6269896362739	26.73785	646.01599	18228	-log10(pvalue)	MV411_4_717_R1
131	153	201	224.778253236779	263	1587	18228	length	MV411_4_717_R1
1.87592	5.49134	6.37633	6.7870751961459	7.50483	54.41002	1453	fold	MV411_3_575_R1
1.52529	3.99638	5.49586	7.0456667928424	8.09283	175.28252	1453	-log10(qvalue)	MV411_3_575_R1
5.31483	8.34701	10.06692	11.7005228079835	12.95744	184.77356	1453	-log10(pvalue)	MV411_3_575_R1
136	153	193	236.229869236063	256	6856	1453	length	MV411_3_575_R1
1.48883	4.43095	5.49919	6.61707670865633	7.4789	42.93909	9288	fold	OCIAML2_1_168_R1
1.3118	6.56303	10.396135	17.3756745133506	19.7899925	203.11188	9288	-log10(qvalue)	OCIAML2_1_168_R1
4.3709	10.11591	14.147675	21.2640248826443	23.8789075	212.60297	9288	-log10(pvalue)	OCIAML2_1_168_R1
129	162	205	213.962424633936	247	972	9288	length	OCIAML2_1_168_R1
1.47892	6.10974	7.28603	8.07757035357737	9.2716125	33.21841	7212	fold	MV411_5_589_R1
1.323	5.45184	7.84555	9.95589535635053	12.02572	76.64935	7212	-log10(qvalue)	MV411_5_589_R1
4.53933	9.23618	11.85083	14.0889811758181	16.38004	85.18613	7212	-log10(pvalue)	MV411_5_589_R1
126	141	169	182.507903494176	206	1823	7212	length	MV411_5_589_R1
2.34162	5.13224	6.88541	9.93646611163717	11.73083	125.01225	61252	fold	MV411_DMSO_8h_1_690_R1
1.30212	4.6056	7.79657	15.6270046124208	17.98933	383.01688	61252	-log10(qvalue)	MV411_DMSO_8h_1_690_R1
3.26181	6.91327	10.29822	18.3068201188533	20.87121	392.50787	61252	-log10(pvalue)	MV411_DMSO_8h_1_690_R1
203	254	365	485.180026774636	584	4014	61252	length	MV411_DMSO_8h_1_690_R1
1.91677	3.90583	4.73697	6.16865347461233	6.92786	34.13892	58749	fold	NB4_1_193_R1
1.30581	3.99832	6.11495	12.0337478455804	13.25402	207.03052	58749	-log10(qvalue)	NB4_1_193_R1
3.08522	6.11023	8.36591	14.4840063876832	15.83127	216.52153	58749	-log10(pvalue)	NB4_1_193_R1
232	287	438	719.650496178658	859	18273	58749	length	NB4_1_193_R1
1.32844	5.19244	6.77847	8.98786680293792	10.34539	87.43321	43296	fold	MV411_4_424_R1
1.32454	5.6437	9.53625	17.874581126432	20.01746	349.72839	43296	-log10(qvalue)	MV411_4_424_R1
3.61463	8.34355	12.45017	20.9340021385347	23.29037	359.21945	43296	-log10(pvalue)	MV411_4_424_R1
149	199	269	314.803746304508	377	2302	43296	length	MV411_4_424_R1
1.50256	4.74292	5.69201	6.5777077261114	7.25876	49.41469	7828	fold	MV411_9_718_R1
1.32357	4.09588	6.19208	9.4437337148697	10.31877	227.16666	7828	-log10(qvalue)	MV411_9_718_R1
4.36084	7.6621	9.9791	13.3351130467552	14.41682	235.01427	7828	-log10(pvalue)	MV411_9_718_R1
142	171	223	262.332268778743	306	2304	7828	length	MV411_9_718_R1
1.99015	5.62671	7.01071	8.26600556451613	9.8047525	35.38442	372	fold	MV411_2_770_R1
1.33194	4.7832825	8.726235	13.1410033870968	16.92068	93.63374	372	-log10(qvalue)	MV411_2_770_R1
5.83711	9.6547875	13.82928	18.4208241129032	22.3854625	103.12482	372	-log10(pvalue)	MV411_2_770_R1
70	84	134	206.413978494624	280	2657	372	length	MV411_2_770_R1
1.79223	5.88431	8.77096	15.0606628941782	17.0178	162.88918	117301	fold	MV411_3_428_R1
1.31689	6.29764	12.79405	34.4352384047877	35.34827	565.7525	117301	-log10(qvalue)	MV411_3_428_R1
3.23961	8.56214	15.25852	37.0671561968781	38.17273	575.24353	117301	-log10(pvalue)	MV411_3_428_R1
136	183	246	281.098737436169	340	5496	117301	length	MV411_3_428_R1
1.17373	4.79649	7.1029	10.6227649427402	12.71979	103.6412	77716	fold	MV411_7_764_R1
1.33261	9.14905	20.68304	48.7839493094086	55.28238	785.37634	77716	-log10(qvalue)	MV411_7_764_R1
3.15209	11.31445	23.06837	51.3314513330588	58.04963	794.86743	77716	-log10(pvalue)	MV411_7_764_R1
259	352	460	536.715785681198	624	4945	77716	length	MV411_7_764_R1
1.70793	4.03389	4.95613	6.93386548250265	7.70398	38.45316	63181	fold	NB4_2_203_R1
1.32468	3.85042	6.12068	14.5463440653044	15.7405	156.53128	63181	-log10(qvalue)	NB4_2_203_R1
3.21287	6.01053	8.41215	17.0392882798626	18.34486	164.237	63181	-log10(pvalue)	NB4_2_203_R1
168	227	351	565.229752615502	688	10684	63181	length	NB4_2_203_R1
2.7917	5.782855	6.76402	7.85818570361146	8.45503	45.32692	803	fold	MV411_9_716_R1
1.44035	4.12276	6.38412	10.2677107970112	10.5071	124.79015	803	-log10(qvalue)	MV411_9_716_R1
5.50068	8.8927	11.37849	15.356901867995	15.794	133.58223	803	-log10(pvalue)	MV411_9_716_R1
77	78	99	131.768368617684	154	1591	803	length	MV411_9_716_R1
1.33666	3.63453	4.56472	5.39574060312812	6.32619	26.80641	56008	fold	OCIAML2_1_45_R1
1.30706	4.16906	6.91298	11.2848270057849	13.94239	130.84149	56008	-log10(qvalue)	OCIAML2_1_45_R1
3.28604	6.45068	9.389555	13.9389185098557	16.79589	140.3326	56008	-log10(pvalue)	OCIAML2_1_45_R1
152	238	384	594.736555492073	682	14901	56008	length	OCIAML2_1_45_R1
1.30254	5.17718	7.02752	10.0541258354843	11.46878	92.7533	138309	fold	OCIAML2_2_41_R1
1.30478	5.92175	10.42827	22.8936405337324	24.26127	387.86566	138309	-log10(qvalue)	OCIAML2_2_41_R1
3.24227	8.26659	12.96283	25.5788660196372	27.12958	396.12631	138309	-log10(pvalue)	OCIAML2_2_41_R1
118	145	186	215.696476729642	248	3136	138309	length	OCIAML2_2_41_R1
2.07339	3.65706	4.35175	5.53919704137194	5.63058	42.54263	137557	fold	OCIAML2_2_50_R1
1.30647	3.32801	4.83847	9.67297225259347	8.51911	208.18578	137557	-log10(qvalue)	OCIAML2_2_50_R1
2.91763	5.24336	6.88094	11.8466771659021	10.77224	217.67683	137557	-log10(pvalue)	OCIAML2_2_50_R1
137	174	265	494.537413581279	511	28063	137557	length	OCIAML2_2_50_R1
1.96415	4.51626	5.89671	10.0950568979679	10.26405	92.57435	74751	fold	NOMO1_3_186_R1
1.30407	4.30158	8.02884	25.7217461549678	21.87025	451.06711	74751	-log10(qvalue)	NOMO1_3_186_R1
2.98199	6.21663	10.08017	27.9727460312237	24.23245	460.55807	74751	-log10(pvalue)	NOMO1_3_186_R1
202	280	460	804.217174352183	958	32582	74751	length	NOMO1_3_186_R1
1.57929	4.71806	5.59306	7.1454383750581	7.20857	138.84477	15059	fold	MV411_8_715_R1
1.31151	4.11755	6.26702	12.6673234404675	10.31437	604.3327	15059	-log10(qvalue)	MV411_8_715_R1
4.01136	7.32223	9.66123	16.1262876558868	13.95358	613.52271	15059	-log10(pvalue)	MV411_8_715_R1
159	190	244	296.220598977356	332	11378	15059	length	MV411_8_715_R1
1.87298	3.94867	5.03063	6.81770419672929	8.0313725	49.59313	49286	fold	SKNO1_2_216_R1
1.32819	4.62779	8.09425	16.8154768222213	19.67971	254.35725	49286	-log10(qvalue)	SKNO1_2_216_R1
3.21628	6.80321	10.4409	19.3587647609869	22.40958	262.28009	49286	-log10(pvalue)	SKNO1_2_216_R1
214	297	486	736.840603822587	898	16138	49286	length	SKNO1_2_216_R1
1.47178	5.22877	6.60944	8.5357751110686	9.70824	108.12025	41821	fold	SKNO1_1_305_R1
1.31693	5.40804	8.58765	15.1343246311662	16.70992	431.41394	41821	-log10(qvalue)	SKNO1_1_305_R1
3.65812	8.1694	11.55094	18.2344800047823	20.00905	440.90497	41821	-log10(pvalue)	SKNO1_1_305_R1
149	187	257	281.715645249994	338	2012	41821	length	SKNO1_1_305_R1
1.9635	3.53761	4.10967	4.74348621247492	5.07546	28.78442	152498	fold	OCIAML2_3_67_R1
1.30429	3.32993	4.60902	7.23209590696271	7.3074	147.25064	152498	-log10(qvalue)	OCIAML2_3_67_R1
2.83293	5.22978	6.66377	9.40367603483324	9.59995	156.44064	152498	-log10(pvalue)	OCIAML2_3_67_R1
172	213	309	520.569417303833	542	30789	152498	length	OCIAML2_3_67_R1
1.53005	5.2488475	6.84831	8.53297455516659	10.10982	58.54073	16568	fold	SKNO1_2_637_R1
1.3725	6.8465825	11.72816	19.6741877275471	23.77289	260.44754	16568	-log10(qvalue)	SKNO1_2_637_R1
4.11731	9.99505	15.08892	23.18369	27.49483	269.9386	16568	-log10(pvalue)	SKNO1_2_637_R1
157	202	260	291.522694350555	342	1387	16568	length	SKNO1_2_637_R1
2.26751	4.23546	5.033	6.01204011247254	6.42699	40.50714	64638	fold	NOMO1_2_92_R1
1.30382	3.45576	4.84781	8.2498541384325	8.59352	147.63663	64638	-log10(qvalue)	NOMO1_2_92_R1
3.20347	5.7444	7.30362	10.8428484894335	11.31963	157.12762	64638	-log10(pvalue)	NOMO1_2_92_R1
182	224	325	491.55269346205	560	11332	64638	length	NOMO1_2_92_R1
1.46898	5.48671	7.77281	11.4472523895336	13.17	98.46455	75747	fold	SKNO1_2_631_R1
1.32601	6.97273	13.85018	31.9470941795715	34.14742	421.7341	75747	-log10(qvalue)	SKNO1_2_631_R1
3.44725	9.46042	16.54146	34.7943514647445	37.18806	431.22516	75747	-log10(pvalue)	SKNO1_2_631_R1
144	188	240	265.715566293055	310	2185	75747	length	SKNO1_2_631_R1
1.17436	4.6261	6.787645	9.7912464619763	11.6653	97.21313	73086	fold	MV411_6_763_R1
1.32614	8.27303	18.27621	41.0682318545275	46.60948	711.30798	73086	-log10(qvalue)	MV411_6_763_R1
3.18684	10.49375	20.71604	43.6674666948526	49.4289	720.79907	73086	-log10(pvalue)	MV411_6_763_R1
248	337	441	513.769846482226	598	3861	73086	length	MV411_6_763_R1
1.6406	6.287245	7.70771	9.99649464446207	10.67051	81.54256	3783	fold	MV411_4_569_R1
1.45746	6.14785	9.42622	16.7271743986254	16.52949	302.82932	3783	-log10(qvalue)	MV411_4_569_R1
4.85719	10.04874	13.50201	20.9267426011102	20.8982	312.32034	3783	-log10(pvalue)	MV411_4_569_R1
126	144	185	223.109172614327	252	6849	3783	length	MV411_4_569_R1
2.08011	4.74694	6.39868	8.40570561130518	10.19639	50.14426	53533	fold	SKNO1_1_638_R1
1.33066	6.0219	10.98456	20.3638629092336	25.5749	208.66463	53533	-log10(qvalue)	SKNO1_1_638_R1
3.39796	8.41215	13.58947	23.1517081007976	28.58845	218.06187	53533	-log10(pvalue)	SKNO1_1_638_R1
164	231	331	467.481628154596	569	3958	53533	length	SKNO1_1_638_R1
1.31013	5.30247	6.98599	9.49809797412997	10.61315	96.8948	16235	fold	SKNO1_1_308_R1
1.30774	5.91252	10.35001	20.9560500227903	21.79612	483.69687	16235	-log10(qvalue)	SKNO1_1_308_R1
3.94828	8.95771	13.59834	24.3435061675393	25.3858	493.1879	16235	-log10(pvalue)	SKNO1_1_308_R1
167	219	302	359.321897135818	430	4259	16235	length	SKNO1_1_308_R1
1.28381	3.74978	5.10366	8.36632096301889	10.0086275	63.41457	54298	fold	MV411_DMSO_8h_2_702_R1
1.3081	5.03944	9.89954	30.9082292029172	34.74493	401.81558	54298	-log10(qvalue)	MV411_DMSO_8h_2_702_R1
3.04989	7.00476	12.01239	33.2450913845814	37.24561	411.00562	54298	-log10(pvalue)	MV411_DMSO_8h_2_702_R1
218	330	582	975.016851449409	1266	36687	54298	length	MV411_DMSO_8h_2_702_R1
1.4104	4.95969	6.41036	8.07177826140622	9.35012	75.61752	22685	fold	SKNO1_2_636_R1
1.33328	5.4791	9.30091	15.9902147890677	18.71401	419.3638	22685	-log10(qvalue)	SKNO1_2_636_R1
3.85796	8.39927	12.44773	19.2869142525898	22.23665	428.37772	22685	-log10(pvalue)	SKNO1_2_636_R1
147	203	290	367.097641613401	454	2447	22685	length	SKNO1_2_636_R1
1.93528	4.19295	5.29969	7.56206718964252	8.26463	63.03421	79054	fold	TF1_2_204_R1
1.31904	4.16898	6.80312	15.8178992478559	15.6079275	335.37204	79054	-log10(qvalue)	TF1_2_204_R1
3.01264	6.1387	8.91523	18.1178879708807	18.027725	343.21951	79054	-log10(pvalue)	TF1_2_204_R1
200	262	419	713.813798163281	843	13265	79054	length	TF1_2_204_R1
1.70992	6.37663	8.23942	10.9486453607271	12.41524	80.90678	5281	fold	MV411_3_607_R1
1.32418	6.66947	11.32108	20.8718807176671	23.50699	286.28738	5281	-log10(qvalue)	MV411_3_607_R1
4.5988	10.43067	15.27787	24.9767968888468	27.81727	295.77844	5281	-log10(pvalue)	MV411_3_607_R1
125	155	198	219.169096761977	257	3556	5281	length	MV411_3_607_R1
1.52715	4.99726	6.76064	9.44894621686695	11.0415	109.49461	46102	fold	MV411_2_584_R1
1.32817	5.45159	9.9816	20.349916061993	22.8905	442.84802	46102	-log10(qvalue)	MV411_2_584_R1
3.48821	7.94166	12.6765	23.222660324064	25.98185	452.33908	46102	-log10(pvalue)	MV411_2_584_R1
141	196	290	420.178734111318	511	4587	46102	length	MV411_2_584_R1
1.70329	4.88885	5.78374	7.47934181406828	7.31114	61.16483	2431	fold	MV411_7_714_R1
1.47676	4.323175	6.60335	14.4049403002879	11.14238	242.92471	2431	-log10(qvalue)	MV411_7_714_R1
5.08049	8.30334	10.73452	18.5954399259564	15.45244	252.11475	2431	-log10(pvalue)	MV411_7_714_R1
118	141	180	252.345536816125	253	4383	2431	length	MV411_7_714_R1
2.03618	4.77647	5.9443	7.53289298104656	8.52793	50.99139	38832	fold	UT7_3_187_R1
1.34811	4.59879	7.48638	13.7074522821384	15.40033	291.62714	38832	-log10(qvalue)	UT7_3_187_R1
3.44155	7.04721	10.11049	16.4948684105892	18.36732	301.11816	38832	-log10(pvalue)	UT7_3_187_R1
192	254	393	556.912623609394	683	10151	38832	length	UT7_3_187_R1
2.16994	5.0812	7.08168	9.28220695208496	11.47636	47.8049	40864	fold	SKNO1_1_635_R1
1.31723	6.62777	13.12996	23.755554791993	30.55405	185.6212	40864	-log10(qvalue)	SKNO1_1_635_R1
3.59698	9.25272	15.97543	26.76751717037	33.79376	195.11227	40864	-log10(pvalue)	SKNO1_1_635_R1
161	226	305	370.153802858262	446	2895	40864	length	SKNO1_1_635_R1
2.07774	4.51813	5.78944	8.73886372092723	9.27117	80.7683	77392	fold	UCSDAML1_2_188_R1
1.31146	4.37463	6.995	17.2436985976587	16.49465	262.3692	77392	-log10(qvalue)	UCSDAML1_2_188_R1
3.09229	6.43949	9.19641	19.6396403350475	18.98937	271.8602	77392	-log10(pvalue)	UCSDAML1_2_188_R1
171	221	346	585.096612052925	687	14609	77392	length	UCSDAML1_2_188_R1
1.71248	4.45397	5.70501	8.3618465135255	9.5696875	51.38453	67650	fold	U937_2_90_R1
1.31243	3.9498	6.56295	15.1515523628973	16.5933575	203.22659	67650	-log10(qvalue)	U937_2_90_R1
3.07697	5.93331	8.68703	17.4898236957871	19.06184	212.71762	67650	-log10(pvalue)	U937_2_90_R1
162	235	414	746.057087952698	919	25450	67650	length	U937_2_90_R1
1.76791	3.77504	4.65964	5.24295745196351	6.1399925	27.18696	30914	fold	P31FUJ_4_776_R1
1.30603	4.56974	7.59906	10.5757632810377	13.50108	111.44397	30914	-log10(qvalue)	P31FUJ_4_776_R1
3.35729	6.95964	10.22378	13.3465662017209	16.50863	120.93504	30914	-log10(pvalue)	P31FUJ_4_776_R1
283	424	635	837.012162774148	1011	16822	30914	length	P31FUJ_4_776_R1
1.779	4.00608	4.83879	6.25891659696053	6.81441	34.33179	88897	fold	U937_1_73_R1
1.30148	3.0756	4.74897	8.88494929266454	9.21084	99.22248	88897	-log10(qvalue)	U937_1_73_R1
2.96871	4.98931	6.80592	11.1243570779666	11.55734	107.16943	88897	-log10(pvalue)	U937_1_73_R1
173	243	400	700.495955994016	814	19753	88897	length	U937_1_73_R1
2.32383	4.69315	6.12892	8.78714835258575	10.24806	75.51283	39389	fold	OCIAML3_2_205_R1
1.33069	4.74815	8.28494	18.47609045368	21.08835	267.86212	39389	-log10(qvalue)	OCIAML3_2_205_R1
3.3944	7.11926	10.82036	21.2163201637513	24.01239	277.35312	39389	-log10(pvalue)	OCIAML3_2_205_R1
180	239	379	583.015486557161	736	10892	39389	length	OCIAML3_2_205_R1
1.18201	4.48093	6.4397	9.14418557980649	10.92197	85.57539	70696	fold	MV411_8_765_R1
1.31222	8.03656	16.887735	37.6305094822904	43.1882575	625.66479	70696	-log10(qvalue)	MV411_8_765_R1
3.15615	10.22378	19.296045	40.2003086772943	45.9807075	633.5224	70696	-log10(pvalue)	MV411_8_765_R1
257	362	484	571.768572479348	674	5263	70696	length	MV411_8_765_R1
1.71319	5.95752	7.88185	11.1018397511892	12.21924	147.5688	10932	fold	SKNO1_1_231_R1
1.30512	5.9915275	10.06465	21.1869370956824	21.12755	655.03766	10932	-log10(qvalue)	SKNO1_1_231_R1
4.11298	9.2652925	13.53563	24.7898094804244	24.92761	664.52869	10932	-log10(pvalue)	SKNO1_1_231_R1
183	223	287	321.048207098427	372	7654	10932	length	SKNO1_1_231_R1
1.36991	5.22472	7.07483	10.2444651477332	11.42907	126.31987	30528	fold	SKNO1_1_230_R1
1.30149	5.92763	10.66586	23.5972317541274	24.17237	509.52521	30528	-log10(qvalue)	SKNO1_1_230_R1
3.57711	8.58231	13.52801	26.6066770944707	27.39041	518.41418	30528	-log10(pvalue)	SKNO1_1_230_R1
199	273	386	466.397372903564	570	6932	30528	length	SKNO1_1_230_R1
2.02656	4.03239	5.05744	6.47349945460113	7.5232	43.0108	32655	fold	OCIAML3_1_195_R1
1.31302	4.80327	8.16131	15.564000681672	18.508645	219.25471	32655	-log10(qvalue)	OCIAML3_1_195_R1
3.37229	7.19857	10.74063	18.3352619883632	21.48783	228.74574	32655	-log10(pvalue)	OCIAML3_1_195_R1
226	306	487	703.92959730516	886	24613	32655	length	OCIAML3_1_195_R1
1.91575	4.11204	5.19664	8.11316658984766	8.30716	67.09125	85005	fold	SKNO1_1_197_R1
1.30464	4.36974	6.84599	19.1263492552203	16.79657	298.29819	85005	-log10(qvalue)	SKNO1_1_197_R1
2.96645	6.28404	8.88605	21.3602276015529	19.11306	305.83493	85005	-log10(pvalue)	SKNO1_1_197_R1
186	248	400	722.286630198224	833	27764	85005	length	SKNO1_1_197_R1
1.59613	3.76989	4.81511	6.62904525291516	7.61899	39.96641	74610	fold	TF1_1_194_R1
1.33504	4.04476	6.79999	16.4844928338024	18.04168	192.9734	74610	-log10(qvalue)	TF1_1_194_R1
2.93511	5.86499	8.76364	18.6621285180271	20.3587	200.74014	74610	-log10(pvalue)	TF1_1_194_R1
220	326	567	990.071572175312	1215	18911	74610	length	TF1_1_194_R1
1.66425	5.23068	6.41451	8.23370749381698	8.84961	80.04303	10917	fold	SKNO1_1_232_R1
1.39304	4.93293	7.74545	14.392511412476	14.45069	328.09952	10917	-log10(qvalue)	SKNO1_1_232_R1
4.18325	8.19717	11.19568	17.9710158834845	18.21493	337.59055	10917	-log10(pvalue)	SKNO1_1_232_R1
190	230	297	351.584134835578	409	7543	10917	length	SKNO1_1_232_R1
1.79049	3.94866	5.20638	8.91090055546145	9.71858	70.02253	82652	fold	PLB985_1_597_R1
1.31023	4.52595	8.09417	26.2348521142864	24.54995	327.47818	82652	-log10(qvalue)	PLB985_1_597_R1
2.87547	6.28498	9.97069	28.3417259319799	26.74394	336.96921	82652	-log10(pvalue)	PLB985_1_597_R1
188	270	474	975.000532352514	1125	36799	82652	length	PLB985_1_597_R1
1.84382	4.55911	5.88015	7.75027108922702	8.96139	56.20709	41075	fold	UT7_4_214_R1
1.31491	4.90841	8.52173	16.624379134997	18.71628	281.8053	41075	-log10(qvalue)	UT7_4_214_R1
3.2932	7.21192	10.99847	19.2787974454047	21.56085	290.3421	41075	-log10(pvalue)	UT7_4_214_R1
229	318	504	711.80314059647	861	15017	41075	length	UT7_4_214_R1
1.91348	4.47418	5.73095	8.22082765762841	9.17132	76.644	52370	fold	U937_3_213_R1
1.30273	4.51971	7.90883	17.8989092140538	18.71105	387.60352	52370	-log10(qvalue)	U937_3_213_R1
3.15615	6.6833	10.25134	20.4190594999045	21.41406	397.09454	52370	-log10(pvalue)	U937_3_213_R1
250	350	556	761.513022722933	957	11141	52370	length	U937_3_213_R1
1.37873	4.95922	6.15129	7.22001505751391	8.11957	57.88222	16170	fold	SKNO1_1_233_R1
1.30281	5.22658	7.95128	11.9788684483612	13.60538	271.57803	16170	-log10(qvalue)	SKNO1_1_233_R1
3.89801	8.30212	11.24722	15.400509380334	17.24864	281.06909	16170	-log10(pvalue)	SKNO1_1_233_R1
199	249	331	385.701360544218	456	2768	16170	length	SKNO1_1_233_R1
1.81215	3.85784	4.98822	8.25512111290763	8.67952	58.65936	91535	fold	PLB985_2_598_R1
1.30665	4.4003	7.45436	22.9738120547332	20.38811	325.72775	91535	-log10(qvalue)	PLB985_2_598_R1
2.85936	6.16567	9.33184	25.0670557801934	22.55874	333.95691	91535	-log10(pvalue)	PLB985_2_598_R1
183	257	439	893.080952641066	1005	27889	91535	length	PLB985_2_598_R1
2.21844	5.23357	6.87804	8.33162513182539	10.08181	36.41879	20823	fold	SKNO1_1_633_R1
1.36541	6.5511	11.82572	18.2244899889545	23.59887	127.79507	20823	-log10(qvalue)	SKNO1_1_633_R1
4.01543	9.573335	15.06774	21.6246730917735	27.21928	137.19006	20823	-log10(pvalue)	SKNO1_1_633_R1
153	205	265	298.815588531912	352	1542	20823	length	SKNO1_1_633_R1
