sample	exon	Intergenic	intron	promoter-TSS	TTS
D0_1_7_R1	1551	6008	6064	2078	421
D0_3_351_R1	6892	37663	65388	9736	2816
D0_4_352_R1	5819	30006	53800	8446	2390
D9_1_154_R1	4036	26186	36443	13260	1701
D9_1_155_R1	1241	7267	10071	6255	483
D9_1_156_R1	48	140	191	2008	26
D9_1_2_R1	4789	19813	32195	10955	1676
D9_2_160_R1	6938	17436	33736	8057	2535
D9_2_27_R1	8	243	170	15	8
D9_2_304_R1	1727	10651	15234	8092	712
D9_3_153_R1	5252	62407	85555	10954	3268
D9_3_157_R1	4666	24331	46200	7992	1870
D9_4_353_R1	6095	32863	65589	10841	2512
D9_5_354_R1	5679	30141	53743	10465	2352
DFAM71927V3_1_739_R1	609	2339	3028	3660	183
DFAM71927V3_1_741_R1	2733	11349	15999	11061	873
DFAM71927V3_1_742_R1	2112	4017	6689	9091	517
DFAM71927V3_1_743_R1	1407	3206	4312	10492	427
DFAM71927V3_1_745_R1	32	464	324	71	15
DFAM71927V3_1_748_R1	1708	5646	8284	9485	521
DFAM71927V3_1_750_R1	80	1224	1261	151	38
DFAM71927V3_1_751_R1	3624	15139	19706	11789	1122
HEL9217_1_593_R1	4687	23453	42757	10072	1936
HEL9217_2_594_R1	4531	24185	44139	10033	1953
HL60_1_53_R1	3419	15240	23326	9781	1284
HL60_2_77_R1	4746	15783	25465	7775	1673
Kasumi1_1_56_R1	5814	21713	40722	10949	2207
KG1_1_58_R1	5745	26871	42963	10455	2301
KG1_2_207_R1	3945	20154	32397	8497	1542
M6_1_109_R1	1294	15786	21176	3241	765
M6_1_123_R1	618	2921	3746	5644	228
M6_1_124_R1	80	649	774	724	36
M6_1_125_R1	86	405	499	1298	50
M6_1_127_R1	256	450	708	6125	110
M6_1_128_R1	48	38	63	549	5
M6_1_171_R1	266	2693	3605	1287	148
M6_2_122_R1	1947	23980	32131	4810	1165
M6_2_302_R1	1981	10710	14257	10301	738
M6_3_355_R1	3673	15958	28810	8260	1293
M6_4_356_R1	2994	11098	22743	9500	997
MOLM13_1_48_R1	6779	36206	53522	11308	2793
MONOMAC1_1_591_R1	4044	18159	27527	8872	1497
MONOMAC1_2_592_R1	4216	19712	29891	9166	1653
MONOMAC1_3_777_R1	2148	7770	13516	7111	710
MONOMAC1_4_778_R1	1656	5137	9474	6150	527
MONOMAC6_1_196_R1	4567	15563	28913	9740	1421
MONOMAC6_2_206_R1	3409	13097	26714	8237	1111
MV411_1_106_R1	1184	8817	9678	6738	522
MV411_1_115_R1	230	3078	3126	829	129
MV411_1_117_R1	886	452	1257	2617	268
MV411_1_118_R1	43	152	240	2102	26
MV411_1_137_R1	2241	23101	36990	1545	1260
MV411_1_138_R1	2630	4131	7829	6922	546
MV411_1_293_R1	3205	3322	73203	2259	1172
MV411_1_319_R1	2666	22093	23932	11076	1124
MV411_1_320_R1	371	1814	1998	2074	159
MV411_1_324_R1	2	101	85	49	3
MV411_1_357_R1	1250	6559	6769	8759	430
MV411_1_359_R1	2201	3976	8008	6983	498
MV411_1_430_R1	152	1204	1114	1124	71
MV411_1_433_R1	6	79	71	14	7
MV411_1_565_R1	5	34	6	38	3
MV411_1_570_R1	1736	16294	15420	3137	1008
MV411_1_577_R1	6369	25835	28735	14409	2119
MV411_1_581_R1	83	1553	1575	316	59
MV411_1_582_R1	2225	26399	28227	8761	1160
MV411_1_583_R1	2662	13585	16309	11604	975
MV411_1_587_R1	1714	13835	14253	6902	818
MV411_1_590_R1	55	140	101	1805	14
MV411_1_601_R1	12	195	148	104	11
MV411_1_639_R1	4643	28388	32415	11386	1884
MV411_1_640_R1	461	5515	5358	792	227
MV411_1_650_R1	7	277	261	9	4
MV411_1_70_R1	9680	35775	54976	10708	3563
MV411_1_71_R1	1456	19685	17518	2101	548
MV411_1_72_R1	1511	25111	26764	3110	982
MV411_1_767_R1	1486	17182	18144	9159	806
MV411_1_771_R1	98	1453	1304	405	71
MV411_1_773_R1	29	579	541	74	22
MV411_1_89_R1	12555	8538	86573	1934	4888
MV411_2_112_R1	724	11751	12319	1545	450
MV411_2_116_R1	662	5205	5419	4078	305
MV411_2_129_R1	58	797	783	414	49
MV411_2_301_R1	3751	44071	47026	11414	1783
MV411_2_325_R1	1602	6318	7342	11379	621
MV411_2_358_R1	1033	1295	2264	4207	181
MV411_2_427_R1	201	1254	1237	1567	100
MV411_2_429_R1	2296	27293	28440	7711	1144
MV411_2_431_R1	124	994	933	892	53
MV411_2_435_R1	2413	6883	9384	8231	628
MV411_2_584_R1	3468	13615	16359	11531	1122
MV411_2_604_R1	89	915	778	606	43
MV411_2_614_R1	85	1417	1474	284	56
MV411_2_768_R1	1286	11196	11963	7602	665
MV411_2_770_R1	22	91	26	207	7
MV411_2_772_R1	25	202	105	58	6
MV411_2_774_R1	17	222	77	20	5
MV411_2_88_R1	5168	16492	27901	9087	1692
MV411_3_136_R1	1835	3216	6654	5977	429
MV411_3_299_R1	4447	92068	88955	5390	2818
MV411_3_300_R1	1917	15046	16163	10511	837
MV411_3_425_R1	248	2140	1962	2327	134
MV411_3_426_R1	543	1167	1594	8521	207
MV411_3_428_R1	4043	49091	51465	10783	1901
MV411_3_568_R1	14	421	380	24	9
MV411_3_575_R1	161	292	381	581	24
MV411_3_585_R1	1803	3746	5332	9003	439
MV411_3_607_R1	280	835	945	3121	79
MV411_3_623_R1	4	40	33	28	2
MV411_4_321_R1	225	2997	3244	696	153
MV411_4_424_R1	2172	14360	15868	9994	893
MV411_4_569_R1	130	1396	1271	877	87
MV411_4_627_R1	34	838	817	92	20
MV411_4_717_R1	454	8580	8077	786	255
MV411_5_589_R1	201	3049	3121	688	141
MV411_6_763_R1	2891	27764	29971	11003	1440
MV411_7_714_R1	140	851	780	560	91
MV411_7_764_R1	3026	29729	32467	10946	1534
MV411_8_715_R1	785	5321	5846	2670	410
MV411_8_765_R1	2925	26954	28778	10630	1394
MV411_9_716_R1	21	465	243	19	11
MV411_9_718_R1	434	2448	2415	2323	185
MV411_DMSO_8h_1_690_R1	3469	21163	23465	11736	1406
MV411_DMSO_8h_2_702_R1	3359	16842	24777	8150	1162
MV411-DMSO_1_183_R1	3803	18550	26592	9367	1313
MV411-DMSO-8h_1_728_R1	743	14224	14505	1679	525
MV411-DMSO-8h_2_724_R1	2278	7464	9450	9960	693
MV411-DMSO-8h_2_734_R1	3695	21614	28687	8560	1369
MV411-IRF2BP2-CT-GFP-8_1_762_R1	1184	4668	5066	5950	317
MV411-MEF2D-NT-SC-63_1_760_R1	1790	5715	7016	7693	475
MV411-PU1-NT-SC-1_1_761_R1	4907	75773	73099	11187	2490
NB4_1_193_R1	4332	15394	27160	10195	1667
NB4_2_203_R1	5414	14940	28873	11948	2005
NOMO1_2_92_R1	4968	20359	28498	9078	1735
NOMO1_3_186_R1	4317	24765	34982	9092	1595
OCIAML2_1_168_R1	321	3634	3866	1284	179
OCIAML2_1_45_R1	3293	17408	24670	9456	1175
OCIAML2_2_41_R1	3224	61013	66021	5594	2387
OCIAML2_2_50_R1	7901	49554	64914	11925	3259
OCIAML2_3_67_R1	8345	56635	72581	11345	3590
OCIAML3_1_195_R1	2700	7259	13966	8015	713
OCIAML3_2_205_R1	3683	8560	16295	9920	929
P31FUJ_4_776_R1	2015	7970	13548	6691	689
PLB985_1_597_R1	4731	26765	40399	8574	2183
PLB985_2_598_R1	5305	30421	44271	9174	2363
SKNO1_1_197_R1	5766	25663	40464	10805	2307
SKNO1_1_230_R1	2153	8458	10885	8270	756
SKNO1_1_231_R1	370	4021	4762	1547	227
SKNO1_1_232_R1	558	3071	3531	3499	254
SKNO1_1_233_R1	960	3561	4550	6737	361
SKNO1_1_305_R1	1651	15143	17503	6734	788
SKNO1_1_308_R1	1278	4042	5477	5016	420
SKNO1_1_633_R1	1199	5808	7247	6105	461
SKNO1_1_635_R1	2514	12485	15385	9536	939
SKNO1_1_638_R1	4301	15623	19864	12259	1480
SKNO1_2_216_R1	3193	12542	22900	9540	1111
SKNO1_2_631_R1	2512	31829	33017	7127	1229
SKNO1_2_636_R1	1892	4291	6115	9823	543
SKNO1_2_637_R1	1038	4344	5399	5398	380
TF1_1_194_R1	4354	20709	38209	9498	1840
TF1_2_204_R1	4922	20611	40108	11366	2047
U937_1_73_R1	6638	28379	40539	10622	2719
U937_2_90_R1	4596	20802	30952	9474	1826
U937_3_213_R1	3311	15848	22972	9064	1175
UCSDAML1_2_188_R1	5352	19920	38980	10958	2182
UT7_3_187_R1	3070	7877	18077	8868	940
UT7_4_214_R1	2639	10359	18711	8455	909
