state (Emission order)	Genome %	CpGIsland.hg38.bed.gz	RefSeqExon.hg38.bed.gz	RefSeqGene.hg38.bed	RefSeqGene.hg38.bed.gz	RefSeqTES.hg38.bed.gz	RefSeqTSS.hg38.bed	RefSeqTSS.hg38.bed.gz	RefSeqTSS2kb.hg38.bed.gz
1	0.56251	2.32450	2.98724	1.32934	1.32934	2.42369	1.85883	1.85883	2.04354
2	2.83161	6.76346	3.09320	1.64474	1.64474	3.25815	5.80267	5.80267	6.86851
3	1.27645	1.08426	0.86924	0.95666	0.95666	0.75711	1.67412	1.67412	1.14141
4	7.45500	2.11713	2.17040	1.25232	1.25232	2.47646	1.59065	1.59065	2.20615
5	0.86105	35.53938	6.16885	1.45172	1.45172	3.24286	32.92882	32.92882	12.57581
6	0.31744	4.99779	1.83766	1.00844	1.00844	1.27212	5.17603	5.17603	1.85179
7	74.98884	0.29296	0.50367	0.77766	0.77766	0.56470	0.41172	0.41172	0.51788
8	11.70710	0.70189	2.44350	2.06300	2.06300	2.08762	0.65410	0.65410	0.96064
Base	100	0.70802	2.45701	41.84846	41.84846	0.00094	0.00106	0.00106	3.42911
