state (Emission order)	Genome %	CpGIsland.hg38.bed.gz	RefSeqExon.hg38.bed.gz	RefSeqGene.hg38.bed	RefSeqGene.hg38.bed.gz	RefSeqTES.hg38.bed.gz	RefSeqTSS.hg38.bed.gz	RefSeqTSS2kb.hg38.bed.gz
1	0.43086	11.79045	2.69071	1.09683	1.09683	1.76260	10.20365	3.58896
2	1.94616	19.97497	4.22351	1.46136	1.46136	3.16788	19.33448	9.14386
3	11.37004	1.22810	2.06782	1.77748	1.77748	2.10912	1.05487	2.03300
4	84.79974	0.44955	0.75020	0.87238	0.87238	0.78182	0.50409	0.62375
5	0.00710	70.11744	6.81807	1.34650	1.34650	3.40141	29.18301	18.03293
6	0.56518	4.19643	3.54110	1.45143	1.45143	2.89504	3.80839	4.66170
7	0.39938	0.20595	1.47390	1.45683	1.45683	1.34835	0.96185	1.99238
8	0.48152	2.09368	1.77536	2.25151	2.25151	1.24021	1.01937	2.26524
Base	100	0.70794	2.45791	41.86462	41.86462	0.00094	0.00106	3.43004
