	13.0	14.0	15.0	16.0	17.0	18.0	19.0	20.0	21.0	22.0	23.0	24.0	25.0	26.0	27.0	28.0	29.0	30.0	31.0	32.0	33.0	34.0	35.0	36.0	37.0
20211108_10_MYB-dTAG_VHL_1h_E_MP9454_S84_R1_001	6.0	41.0	289.0	1143.0	3731.0	10670.0	31053.0	86724.0	212533.0	427754.0	701974.0	958923.0	1180146.0	1372883.0	1574610.0	1805665.0	2108988.0	2462196.0	2894707.0	3473588.0	4444218.0	6770072.0	13089534.0	51659931.0	2575192.0
	11.0	12.0	13.0	14.0	15.0	16.0	17.0	18.0	19.0	20.0	21.0	22.0	23.0	24.0	25.0	26.0	27.0	28.0	29.0	30.0	31.0	32.0	33.0	34.0	35.0	36.0	37.0
20211108_10_MYB-dTAG_VHL_1h_E_MP9454_S84_R2_001	43.0	1067.0	9147.0	26440.0	42355.0	62339.0	103123.0	176239.0	295442.0	465622.0	672656.0	881801.0	1062936.0	1197070.0	1250627.0	1307993.0	1431533.0	1588726.0	1789203.0	2037134.0	2407662.0	3036887.0	4202116.0	7073217.0	16741451.0	47582557.0	2401185.0
	13.0	14.0	15.0	16.0	17.0	18.0	19.0	20.0	21.0	22.0	23.0	24.0	25.0	26.0	27.0	28.0	29.0	30.0	31.0	32.0	33.0	34.0	35.0	36.0	37.0
20211108_11_MYB-dTAG_DMSO_2h_A_MP9454_S85_R1_001	4.0	41.0	315.0	1138.0	3602.0	9888.0	27821.0	76642.0	184119.0	368514.0	608417.0	834014.0	1034145.0	1207568.0	1405359.0	1643378.0	1960471.0	2332830.0	2794939.0	3401306.0	4302454.0	6358309.0	13677746.0	56084072.0	2817750.0
	11.0	12.0	13.0	14.0	15.0	16.0	17.0	18.0	19.0	20.0	21.0	22.0	23.0	24.0	25.0	26.0	27.0	28.0	29.0	30.0	31.0	32.0	33.0	34.0	35.0	36.0	37.0
20211108_11_MYB-dTAG_DMSO_2h_A_MP9454_S85_R2_001	21.0	1004.0	8379.0	22644.0	34504.0	49550.0	80676.0	138047.0	235277.0	379602.0	557538.0	741515.0	896468.0	1001058.0	1070003.0	1135104.0	1244907.0	1391319.0	1593105.0	1847441.0	2237638.0	2887055.0	4054865.0	6840932.0	16373218.0	53140328.0	3172644.0
	13.0	14.0	15.0	16.0	17.0	18.0	19.0	20.0	21.0	22.0	23.0	24.0	25.0	26.0	27.0	28.0	29.0	30.0	31.0	32.0	33.0	34.0	35.0	36.0	37.0
20211108_12_MYB-dTAG_DMSO_2h_B_MP9454_S86_R1_001	3.0	44.0	221.0	1085.0	3441.0	9905.0	27058.0	71830.0	170331.0	346781.0	586543.0	826713.0	1032391.0	1205702.0	1377797.0	1558027.0	1791006.0	2067150.0	2417103.0	2899774.0	3672329.0	5445499.0	11334862.0	46418332.0	2051549.0
	11.0	12.0	13.0	14.0	15.0	16.0	17.0	18.0	19.0	20.0	21.0	22.0	23.0	24.0	25.0	26.0	27.0	28.0	29.0	30.0	31.0	32.0	33.0	34.0	35.0	36.0	37.0
20211108_12_MYB-dTAG_DMSO_2h_B_MP9454_S86_R2_001	12.0	228.0	1954.0	6768.0	13663.0	24029.0	44242.0	82295.0	145589.0	241888.0	369439.0	510510.0	653958.0	782485.0	903639.0	1040820.0	1214121.0	1409674.0	1632090.0	1884474.0	2235426.0	2813991.0	3895237.0	6524843.0	15344930.0	41580261.0	1958910.0
	13.0	14.0	15.0	16.0	17.0	18.0	19.0	20.0	21.0	22.0	23.0	24.0	25.0	26.0	27.0	28.0	29.0	30.0	31.0	32.0	33.0	34.0	35.0	36.0	37.0
20211108_13_MYB-dTAG_DMSO_2h_C_MP9454_S87_R1_001	2.0	29.0	225.0	874.0	2752.0	7678.0	20429.0	54715.0	131781.0	266169.0	440289.0	615915.0	766171.0	905008.0	1063744.0	1266508.0	1540313.0	1877000.0	2324972.0	3101746.0	4223115.0	5576199.0	10979131.0	50744528.0	2519281.0
	11.0	12.0	13.0	14.0	15.0	16.0	17.0	18.0	19.0	20.0	21.0	22.0	23.0	24.0	25.0	26.0	27.0	28.0	29.0	30.0	31.0	32.0	33.0	34.0	35.0	36.0	37.0
20211108_13_MYB-dTAG_DMSO_2h_C_MP9454_S87_R2_001	12.0	884.0	8779.0	25035.0	37175.0	48197.0	68397.0	105565.0	164955.0	252967.0	367018.0	493033.0	606967.0	694489.0	763831.0	843406.0	961559.0	1108536.0	1306539.0	1554798.0	1925271.0	2532709.0	3651840.0	6397020.0	16163774.0	46363176.0	1982642.0
	13.0	14.0	15.0	16.0	17.0	18.0	19.0	20.0	21.0	22.0	23.0	24.0	25.0	26.0	27.0	28.0	29.0	30.0	31.0	32.0	33.0	34.0	35.0	36.0	37.0
20211108_14_MYB-dTAG_DMSO_2h_D_MP9454_S88_R1_001	3.0	29.0	218.0	809.0	2297.0	6546.0	19206.0	53086.0	128867.0	254320.0	410575.0	544936.0	647973.0	741345.0	864720.0	1032199.0	1261128.0	1540472.0	1897890.0	2414875.0	3461943.0	5130732.0	9265441.0	38062755.0	1916682.0
	11.0	12.0	13.0	14.0	15.0	16.0	17.0	18.0	19.0	20.0	21.0	22.0	23.0	24.0	25.0	26.0	27.0	28.0	29.0	30.0	31.0	32.0	33.0	34.0	35.0	36.0	37.0
20211108_14_MYB-dTAG_DMSO_2h_D_MP9454_S88_R2_001	23.0	811.0	7424.0	20757.0	30200.0	37643.0	51170.0	77430.0	123801.0	200031.0	301381.0	416681.0	518152.0	591238.0	626155.0	661351.0	734430.0	830521.0	973890.0	1160266.0	1453655.0	1937834.0	2823434.0	4951013.0	12119788.0	37095292.0	1914676.0
	13.0	14.0	15.0	16.0	17.0	18.0	19.0	20.0	21.0	22.0	23.0	24.0	25.0	26.0	27.0	28.0	29.0	30.0	31.0	32.0	33.0	34.0	35.0	36.0	37.0
20211108_15_MYB-dTAG_DMSO_2h_E_MP9454_S89_R1_001	1.0	36.0	279.0	1171.0	3699.0	10743.0	31339.0	90133.0	220319.0	448097.0	745394.0	1024925.0	1246695.0	1427725.0	1625905.0	1865847.0	2178643.0	2535972.0	2976749.0	3555644.0	4455701.0	6529867.0	12893657.0	51704038.0	2528334.0
	11.0	12.0	13.0	14.0	15.0	16.0	17.0	18.0	19.0	20.0	21.0	22.0	23.0	24.0	25.0	26.0	27.0	28.0	29.0	30.0	31.0	32.0	33.0	34.0	35.0	36.0	37.0
20211108_15_MYB-dTAG_DMSO_2h_E_MP9454_S89_R2_001	22.0	611.0	5245.0	16069.0	31214.0	55027.0	102699.0	184749.0	320276.0	519137.0	748775.0	968352.0	1141626.0	1253979.0	1319232.0	1402813.0	1533252.0	1681174.0	1871531.0	2098882.0	2441307.0	3029431.0	4118745.0	6787940.0	16105993.0	47900102.0	2462730.0
	13.0	14.0	15.0	16.0	17.0	18.0	19.0	20.0	21.0	22.0	23.0	24.0	25.0	26.0	27.0	28.0	29.0	30.0	31.0	32.0	33.0	34.0	35.0	36.0	37.0
20211108_16_MYB-dTAG_VHL_2h_A_MP9454_S90_R1_001	1.0	37.0	250.0	927.0	2933.0	8444.0	23780.0	62366.0	148257.0	290549.0	481118.0	681945.0	875257.0	1041720.0	1211980.0	1410405.0	1667841.0	1971873.0	2345537.0	2868958.0	3833372.0	5609825.0	10344505.0	40740165.0	1950913.0
	11.0	12.0	13.0	14.0	15.0	16.0	17.0	18.0	19.0	20.0	21.0	22.0	23.0	24.0	25.0	26.0	27.0	28.0	29.0	30.0	31.0	32.0	33.0	34.0	35.0	36.0	37.0
20211108_16_MYB-dTAG_VHL_2h_A_MP9454_S90_R2_001	19.0	1020.0	8845.0	23580.0	37099.0	55268.0	93569.0	163177.0	269441.0	417259.0	587409.0	746274.0	868586.0	956944.0	1022822.0	1089734.0	1181781.0	1311148.0	1488582.0	1712364.0	2053995.0	2623763.0	3678266.0	6178411.0	14057241.0	35354133.0	1592228.0
	13.0	14.0	15.0	16.0	17.0	18.0	19.0	20.0	21.0	22.0	23.0	24.0	25.0	26.0	27.0	28.0	29.0	30.0	31.0	32.0	33.0	34.0	35.0	36.0	37.0
20211108_17_MYB-dTAG_VHL_2h_B_MP9454_S91_R1_001	4.0	29.0	237.0	928.0	3015.0	8127.0	21403.0	56822.0	136975.0	277622.0	472599.0	683824.0	884709.0	1046189.0	1172206.0	1329052.0	1539410.0	1800194.0	2151683.0	2740054.0	4155666.0	5606638.0	9127370.0	36811284.0	1911137.0
	11.0	12.0	13.0	14.0	15.0	16.0	17.0	18.0	19.0	20.0	21.0	22.0	23.0	24.0	25.0	26.0	27.0	28.0	29.0	30.0	31.0	32.0	33.0	34.0	35.0	36.0	37.0
20211108_17_MYB-dTAG_VHL_2h_B_MP9454_S91_R2_001	33.0	1193.0	11619.0	33312.0	52992.0	81159.0	134418.0	220842.0	344283.0	499349.0	662597.0	804309.0	905288.0	966742.0	968406.0	949675.0	990676.0	1076249.0	1213686.0	1399832.0	1698905.0	2218731.0	3207675.0	5642443.0	13351009.0	33034947.0	1466807.0
	14.0	15.0	16.0	17.0	18.0	19.0	20.0	21.0	22.0	23.0	24.0	25.0	26.0	27.0	28.0	29.0	30.0	31.0	32.0	33.0	34.0	35.0	36.0	37.0
20211108_18_MYB-dTAG_VHL_2h_C_MP9454_S92_R1_001	37.0	248.0	1046.0	3156.0	9430.0	27678.0	79209.0	200202.0	416828.0	698493.0	953391.0	1128834.0	1249041.0	1385937.0	1577093.0	1856405.0	2211342.0	2739585.0	4339798.0	5359646.0	5831186.0	10557360.0	44351989.0	2195179.0
	11.0	12.0	13.0	14.0	15.0	16.0	17.0	18.0	19.0	20.0	21.0	22.0	23.0	24.0	25.0	26.0	27.0	28.0	29.0	30.0	31.0	32.0	33.0	34.0	35.0	36.0	37.0
20211108_18_MYB-dTAG_VHL_2h_C_MP9454_S92_R2_001	20.0	330.0	3238.0	10828.0	20922.0	34370.0	58816.0	104797.0	183835.0	308121.0	468390.0	635094.0	786025.0	898581.0	959822.0	1036465.0	1154837.0	1302253.0	1483893.0	1709338.0	2057516.0	2655513.0	3790742.0	6597597.0	15699710.0	43120714.0	2091346.0
	12.0	13.0	14.0	15.0	16.0	17.0	18.0	19.0	20.0	21.0	22.0	23.0	24.0	25.0	26.0	27.0	28.0	29.0	30.0	31.0	32.0	33.0	34.0	35.0	36.0	37.0
20211108_19_MYB-dTAG_VHL_2h_D_MP9454_S93_R1_001	1.0	6.0	52.0	333.0	1397.0	4319.0	11080.0	29126.0	74974.0	177973.0	352760.0	579133.0	805581.0	1007345.0	1186628.0	1376546.0	1611858.0	1936996.0	2332928.0	2837843.0	3544979.0	4863285.0	7262115.0	14210320.0	60666466.0	2946782.0
	11.0	12.0	13.0	14.0	15.0	16.0	17.0	18.0	19.0	20.0	21.0	22.0	23.0	24.0	25.0	26.0	27.0	28.0	29.0	30.0	31.0	32.0	33.0	34.0	35.0	36.0	37.0
20211108_19_MYB-dTAG_VHL_2h_D_MP9454_S93_R2_001	50.0	1820.0	15957.0	40427.0	55318.0	68206.0	97965.0	154992.0	246069.0	385072.0	561397.0	755977.0	926949.0	1057522.0	1138606.0	1201939.0	1320352.0	1488112.0	1727014.0	2047200.0	2545516.0	3386880.0	4947317.0	8672851.0	20714070.0	52030774.0	2232474.0
	13.0	14.0	15.0	16.0	17.0	18.0	19.0	20.0	21.0	22.0	23.0	24.0	25.0	26.0	27.0	28.0	29.0	30.0	31.0	32.0	33.0	34.0	35.0	36.0	37.0
20211108_1_MYB-dTAG_DMSO_1h_A_MP9454_S75_R1_001	4.0	35.0	349.0	1532.0	5225.0	15063.0	38174.0	96969.0	225841.0	445753.0	724848.0	988289.0	1201277.0	1340608.0	1461557.0	1636419.0	1891076.0	2220969.0	2685317.0	3692231.0	5042749.0	5859193.0	10494382.0	46132915.0	2599442.0
	10.0	11.0	12.0	13.0	14.0	15.0	16.0	17.0	18.0	19.0	20.0	21.0	22.0	23.0	24.0	25.0	26.0	27.0	28.0	29.0	30.0	31.0	32.0	33.0	34.0	35.0	36.0	37.0
20211108_1_MYB-dTAG_DMSO_1h_A_MP9454_S75_R2_001	1.0	27.0	1578.0	15034.0	41530.0	66514.0	101818.0	166906.0	264164.0	394460.0	570701.0	772806.0	956388.0	1067545.0	1103295.0	1074079.0	1040414.0	1070103.0	1143443.0	1277261.0	1467144.0	1775975.0	2287198.0	3218151.0	5453152.0	13586571.0	47223521.0	2660438.0
	13.0	14.0	15.0	16.0	17.0	18.0	19.0	20.0	21.0	22.0	23.0	24.0	25.0	26.0	27.0	28.0	29.0	30.0	31.0	32.0	33.0	34.0	35.0	36.0	37.0
20211108_20_MYB-dTAG_VHL_2h_E_MP9454_S94_R1_001	4.0	32.0	240.0	1015.0	3258.0	9590.0	28697.0	79062.0	191327.0	389399.0	659873.0	944324.0	1191915.0	1356568.0	1479022.0	1617552.0	1815246.0	2048449.0	2346279.0	2740038.0	3412823.0	4839642.0	9055774.0	36531060.0	1603330.0
	11.0	12.0	13.0	14.0	15.0	16.0	17.0	18.0	19.0	20.0	21.0	22.0	23.0	24.0	25.0	26.0	27.0	28.0	29.0	30.0	31.0	32.0	33.0	34.0	35.0	36.0	37.0
20211108_20_MYB-dTAG_VHL_2h_E_MP9454_S94_R2_001	52.0	1164.0	9008.0	27699.0	62097.0	128037.0	247570.0	413061.0	627251.0	889413.0	1160200.0	1373722.0	1492122.0	1528898.0	1494308.0	1427622.0	1438409.0	1492981.0	1592468.0	1729745.0	1953181.0	2343789.0	3093980.0	4893457.0	11064123.0	30484516.0	1375646.0
	13.0	14.0	15.0	16.0	17.0	18.0	19.0	20.0	21.0	22.0	23.0	24.0	25.0	26.0	27.0	28.0	29.0	30.0	31.0	32.0	33.0	34.0	35.0	36.0	37.0
20211108_21_MYB-dTAG_DMSO_4h_A_MP9454_S95_R1_001	6.0	28.0	240.0	987.0	2977.0	7792.0	20220.0	52067.0	122076.0	242550.0	400470.0	560299.0	702976.0	832399.0	970978.0	1141322.0	1372117.0	1648630.0	2009775.0	2528522.0	3564781.0	5251013.0	9977675.0	41306415.0	1957133.0
	11.0	12.0	13.0	14.0	15.0	16.0	17.0	18.0	19.0	20.0	21.0	22.0	23.0	24.0	25.0	26.0	27.0	28.0	29.0	30.0	31.0	32.0	33.0	34.0	35.0	36.0	37.0
20211108_21_MYB-dTAG_DMSO_4h_A_MP9454_S95_R2_001	32.0	1410.0	11484.0	26948.0	34771.0	40523.0	55409.0	86756.0	141159.0	224334.0	332541.0	455251.0	565713.0	652334.0	713175.0	767376.0	852303.0	972815.0	1140348.0	1354593.0	1685889.0	2235838.0	3247258.0	5641111.0	13554416.0	37963571.0	1916090.0
	13.0	14.0	15.0	16.0	17.0	18.0	19.0	20.0	21.0	22.0	23.0	24.0	25.0	26.0	27.0	28.0	29.0	30.0	31.0	32.0	33.0	34.0	35.0	36.0	37.0
20211108_22_MYB-dTAG_DMSO_4h_B_MP9454_S96_R1_001	2.0	25.0	171.0	793.0	2424.0	6661.0	18199.0	48766.0	118504.0	237445.0	385675.0	522435.0	638399.0	746346.0	881167.0	1065658.0	1320905.0	1634899.0	2028229.0	2532513.0	3276731.0	4864418.0	10379236.0	48875312.0	2546354.0
	11.0	12.0	13.0	14.0	15.0	16.0	17.0	18.0	19.0	20.0	21.0	22.0	23.0	24.0	25.0	26.0	27.0	28.0	29.0	30.0	31.0	32.0	33.0	34.0	35.0	36.0	37.0
20211108_22_MYB-dTAG_DMSO_4h_B_MP9454_S96_R2_001	42.0	1428.0	14413.0	41795.0	59123.0	67624.0	81147.0	109069.0	157543.0	234647.0	342559.0	472657.0	592069.0	680082.0	731749.0	775951.0	865968.0	991336.0	1168261.0	1400835.0	1755332.0	2340131.0	3420117.0	6003630.0	15123386.0	42986859.0	1713514.0
	13.0	14.0	15.0	16.0	17.0	18.0	19.0	20.0	21.0	22.0	23.0	24.0	25.0	26.0	27.0	28.0	29.0	30.0	31.0	32.0	33.0	34.0	35.0	36.0	37.0
20211108_23_MYB-dTAG_DMSO_4h_C_MP9454_S97_R1_001	4.0	35.0	257.0	1111.0	3370.0	8984.0	25321.0	70753.0	169933.0	335601.0	537379.0	713925.0	849127.0	976698.0	1137723.0	1359734.0	1662686.0	2031135.0	2491801.0	3105899.0	4038682.0	6228366.0	13332388.0	54132752.0	2657012.0
	11.0	12.0	13.0	14.0	15.0	16.0	17.0	18.0	19.0	20.0	21.0	22.0	23.0	24.0	25.0	26.0	27.0	28.0	29.0	30.0	31.0	32.0	33.0	34.0	35.0	36.0	37.0
20211108_23_MYB-dTAG_DMSO_4h_C_MP9454_S97_R2_001	28.0	699.0	6661.0	18685.0	28873.0	38249.0	57149.0	91528.0	152721.0	250259.0	379389.0	525156.0	657713.0	753736.0	805467.0	856265.0	952970.0	1085143.0	1274029.0	1516413.0	1895244.0	2518671.0	3660249.0	6401717.0	15952191.0	52877712.0	3113759.0
	13.0	14.0	15.0	16.0	17.0	18.0	19.0	20.0	21.0	22.0	23.0	24.0	25.0	26.0	27.0	28.0	29.0	30.0	31.0	32.0	33.0	34.0	35.0	36.0	37.0
20211108_24_MYB-dTAG_DMSO_4h_D_MP9454_S98_R1_001	3.0	32.0	221.0	923.0	3108.0	8463.0	20720.0	52044.0	122917.0	251083.0	424940.0	610847.0	774376.0	905478.0	1041233.0	1216354.0	1462075.0	1757151.0	2133428.0	2677295.0	3676311.0	5144241.0	9912395.0	44120647.0	2129499.0
	10.0	11.0	12.0	13.0	14.0	15.0	16.0	17.0	18.0	19.0	20.0	21.0	22.0	23.0	24.0	25.0	26.0	27.0	28.0	29.0	30.0	31.0	32.0	33.0	34.0	35.0	36.0	37.0
20211108_24_MYB-dTAG_DMSO_4h_D_MP9454_S98_R2_001	1.0	34.0	1415.0	13068.0	33114.0	44966.0	56051.0	83523.0	133368.0	210727.0	322417.0	460254.0	599729.0	709424.0	781110.0	816529.0	833515.0	884619.0	976276.0	1109263.0	1284658.0	1562112.0	2030273.0	2895296.0	5024651.0	12982345.0	42516489.0	2080557.0
	13.0	14.0	15.0	16.0	17.0	18.0	19.0	20.0	21.0	22.0	23.0	24.0	25.0	26.0	27.0	28.0	29.0	30.0	31.0	32.0	33.0	34.0	35.0	36.0	37.0
20211108_25_MYB-dTAG_DMSO_4h_E_MP9454_S111_R1_001	2.0	31.0	159.0	562.0	1790.0	4942.0	13269.0	34893.0	87369.0	187166.0	334297.0	494631.0	637582.0	748364.0	848055.0	976244.0	1135525.0	1328750.0	1571373.0	1903886.0	2484568.0	3882933.0	7374593.0	25937042.0	1066238.0
	10.0	11.0	12.0	13.0	14.0	15.0	16.0	17.0	18.0	19.0	20.0	21.0	22.0	23.0	24.0	25.0	26.0	27.0	28.0	29.0	30.0	31.0	32.0	33.0	34.0	35.0	36.0	37.0
20211108_25_MYB-dTAG_DMSO_4h_E_MP9454_S111_R2_001	2.0	11.0	446.0	4880.0	16023.0	30801.0	53888.0	96336.0	158874.0	242982.0	347416.0	452617.0	542194.0	604722.0	641365.0	637330.0	627792.0	649913.0	708597.0	805579.0	933782.0	1134975.0	1475368.0	2136995.0	3806062.0	9226412.0	24562634.0	1156268.0
	13.0	14.0	15.0	16.0	17.0	18.0	19.0	20.0	21.0	22.0	23.0	24.0	25.0	26.0	27.0	28.0	29.0	30.0	31.0	32.0	33.0	34.0	35.0	36.0	37.0
20211108_26_MYB-dTAG_VHL_4h_A_MP9454_S112_R1_001	2.0	19.0	135.0	551.0	1794.0	5048.0	13330.0	35650.0	87326.0	182884.0	322080.0	473073.0	606221.0	716222.0	817125.0	922761.0	1053262.0	1207728.0	1423221.0	1859953.0	2567881.0	3228699.0	6111308.0	22333315.0	764328.0
	11.0	12.0	13.0	14.0	15.0	16.0	17.0	18.0	19.0	20.0	21.0	22.0	23.0	24.0	25.0	26.0	27.0	28.0	29.0	30.0	31.0	32.0	33.0	34.0	35.0	36.0	37.0
20211108_26_MYB-dTAG_VHL_4h_A_MP9454_S112_R2_001	8.0	412.0	4327.0	13094.0	20106.0	26938.0	41223.0	68168.0	114672.0	183603.0	270284.0	357012.0	433484.0	491515.0	530023.0	565549.0	623007.0	703195.0	810367.0	941852.0	1132740.0	1457792.0	2065830.0	3560996.0	8469876.0	20982931.0	864912.0
	13.0	14.0	15.0	16.0	17.0	18.0	19.0	20.0	21.0	22.0	23.0	24.0	25.0	26.0	27.0	28.0	29.0	30.0	31.0	32.0	33.0	34.0	35.0	36.0	37.0
20211108_27_MYB-dTAG_VHL_4h_B_MP9454_S113_R1_001	6.0	29.0	179.0	650.0	1986.0	5597.0	16716.0	49101.0	129192.0	276764.0	481109.0	685980.0	829730.0	899323.0	948088.0	1024875.0	1164104.0	1353361.0	1600324.0	1951395.0	2559439.0	3824051.0	7353473.0	27808423.0	992957.0
	10.0	11.0	12.0	13.0	14.0	15.0	16.0	17.0	18.0	19.0	20.0	21.0	22.0	23.0	24.0	25.0	26.0	27.0	28.0	29.0	30.0	31.0	32.0	33.0	34.0	35.0	36.0	37.0
20211108_27_MYB-dTAG_VHL_4h_B_MP9454_S113_R2_001	1.0	19.0	592.0	5825.0	16634.0	27706.0	45722.0	76922.0	124810.0	191051.0	283267.0	384858.0	472895.0	532472.0	558637.0	566473.0	581756.0	617898.0	679978.0	768514.0	881483.0	1056601.0	1345035.0	1886628.0	3271104.0	8632199.0	29398937.0	1548835.0
	13.0	14.0	15.0	16.0	17.0	18.0	19.0	20.0	21.0	22.0	23.0	24.0	25.0	26.0	27.0	28.0	29.0	30.0	31.0	32.0	33.0	34.0	35.0	36.0	37.0
20211108_28_MYB-dTAG_VHL_4h_C_MP9454_S114_R1_001	2.0	41.0	198.0	757.0	2380.0	6445.0	16608.0	43979.0	110244.0	235074.0	417616.0	619295.0	799896.0	921379.0	1003280.0	1071077.0	1167594.0	1298797.0	1520259.0	2206738.0	2297178.0	2778913.0	5433931.0	22858741.0	879174.0
	11.0	12.0	13.0	14.0	15.0	16.0	17.0	18.0	19.0	20.0	21.0	22.0	23.0	24.0	25.0	26.0	27.0	28.0	29.0	30.0	31.0	32.0	33.0	34.0	35.0	36.0	37.0
20211108_28_MYB-dTAG_VHL_4h_C_MP9454_S114_R2_001	12.0	472.0	4534.0	14245.0	23940.0	34083.0	53484.0	88194.0	147433.0	231802.0	335292.0	446749.0	550263.0	634231.0	682615.0	721537.0	786927.0	875024.0	987361.0	1116689.0	1304465.0	1639212.0	2310442.0	4028644.0	9515008.0	18593690.0	563248.0
	13.0	14.0	15.0	16.0	17.0	18.0	19.0	20.0	21.0	22.0	23.0	24.0	25.0	26.0	27.0	28.0	29.0	30.0	31.0	32.0	33.0	34.0	35.0	36.0	37.0
20211108_29_MYB-dTAG_VHL_4h_D_MP9454_S115_R1_001	3.0	28.0	217.0	893.0	2533.0	6663.0	15910.0	38401.0	91282.0	192243.0	338788.0	503306.0	656065.0	775268.0	881910.0	1001706.0	1157073.0	1340389.0	1579872.0	1897017.0	2396385.0	3572425.0	7590088.0	30121037.0	1200634.0
	11.0	12.0	13.0	14.0	15.0	16.0	17.0	18.0	19.0	20.0	21.0	22.0	23.0	24.0	25.0	26.0	27.0	28.0	29.0	30.0	31.0	32.0	33.0	34.0	35.0	36.0	37.0
20211108_29_MYB-dTAG_VHL_4h_D_MP9454_S115_R2_001	28.0	641.0	6817.0	23002.0	41856.0	63556.0	100782.0	155838.0	232116.0	332525.0	445287.0	555910.0	645934.0	705623.0	712976.0	708669.0	742070.0	814281.0	921538.0	1059286.0	1276588.0	1642714.0	2360552.0	4158885.0	10267268.0	26331363.0	1054031.0
	14.0	15.0	16.0	17.0	18.0	19.0	20.0	21.0	22.0	23.0	24.0	25.0	26.0	27.0	28.0	29.0	30.0	31.0	32.0	33.0	34.0	35.0	36.0	37.0
20211108_2_MYB-dTAG_DMSO_1h_B_MP9454_S76_R1_001	31.0	221.0	805.0	2617.0	7297.0	19569.0	53437.0	128271.0	251299.0	414028.0	583318.0	734823.0	853951.0	967592.0	1101076.0	1279113.0	1504179.0	1885268.0	3048871.0	3106469.0	3853006.0	7351951.0	31326445.0	1654520.0
	11.0	12.0	13.0	14.0	15.0	16.0	17.0	18.0	19.0	20.0	21.0	22.0	23.0	24.0	25.0	26.0	27.0	28.0	29.0	30.0	31.0	32.0	33.0	34.0	35.0	36.0	37.0
20211108_2_MYB-dTAG_DMSO_1h_B_MP9454_S76_R2_001	26.0	923.0	8348.0	21337.0	31053.0	43290.0	69935.0	117450.0	192055.0	299493.0	425099.0	549836.0	654370.0	726572.0	776486.0	824511.0	891306.0	987961.0	1126325.0	1310260.0	1599849.0	2106182.0	3033953.0	5229796.0	11844413.0	26202782.0	1054546.0
	13.0	14.0	15.0	16.0	17.0	18.0	19.0	20.0	21.0	22.0	23.0	24.0	25.0	26.0	27.0	28.0	29.0	30.0	31.0	32.0	33.0	34.0	35.0	36.0	37.0
20211108_30_MYB-dTAG_VHL_4h_E_MP9454_S116_R1_001	5.0	40.0	238.0	878.0	2449.0	5870.0	14705.0	37947.0	91616.0	189455.0	329310.0	480179.0	619581.0	741309.0	870791.0	1016029.0	1208361.0	1422739.0	1699311.0	2073370.0	2735002.0	4034226.0	7905619.0	32550179.0	1331691.0
	9.0	10.0	11.0	12.0	13.0	14.0	15.0	16.0	17.0	18.0	19.0	20.0	21.0	22.0	23.0	24.0	25.0	26.0	27.0	28.0	29.0	30.0	31.0	32.0	33.0	34.0	35.0	36.0	37.0
20211108_30_MYB-dTAG_VHL_4h_E_MP9454_S116_R2_001	1.0	0.0	16.0	691.0	7057.0	20575.0	30421.0	38999.0	55700.0	88502.0	141724.0	222124.0	322365.0	428724.0	520724.0	590758.0	636330.0	667085.0	727785.0	821298.0	953893.0	1118169.0	1370032.0	1781999.0	2541991.0	4381584.0	10723580.0	29858776.0	1309997.0
	13.0	14.0	15.0	16.0	17.0	18.0	19.0	20.0	21.0	22.0	23.0	24.0	25.0	26.0	27.0	28.0	29.0	30.0	31.0	32.0	33.0	34.0	35.0	36.0	37.0
20211108_31_MYB-dTAG_DMSO_8h_A_MP9454_S117_R1_001	2.0	30.0	145.0	655.0	2098.0	5838.0	14960.0	39450.0	99859.0	220544.0	401451.0	608704.0	787333.0	907946.0	1000979.0	1103387.0	1241777.0	1414399.0	1648072.0	2025722.0	2780090.0	3693442.0	6642924.0	28429194.0	1237888.0
	10.0	11.0	12.0	13.0	14.0	15.0	16.0	17.0	18.0	19.0	20.0	21.0	22.0	23.0	24.0	25.0	26.0	27.0	28.0	29.0	30.0	31.0	32.0	33.0	34.0	35.0	36.0	37.0
20211108_31_MYB-dTAG_DMSO_8h_A_MP9454_S117_R2_001	1.0	12.0	307.0	2922.0	10471.0	20830.0	35054.0	59968.0	99404.0	159508.0	242785.0	344560.0	447975.0	534746.0	594433.0	624735.0	661170.0	733534.0	824748.0	948874.0	1092404.0	1298036.0	1634029.0	2271500.0	3889515.0	9646424.0	26990209.0	1138735.0
	14.0	15.0	16.0	17.0	18.0	19.0	20.0	21.0	22.0	23.0	24.0	25.0	26.0	27.0	28.0	29.0	30.0	31.0	32.0	33.0	34.0	35.0	36.0	37.0
20211108_32_MYB-dTAG_DMSO_8h_B_MP9454_S118_R1_001	24.0	166.0	654.0	1911.0	5007.0	11797.0	28272.0	66412.0	140600.0	250039.0	366740.0	472978.0	558749.0	646296.0	751647.0	893774.0	1062514.0	1286978.0	1594624.0	2118461.0	3301682.0	6530088.0	26680673.0	1127094.0
	11.0	12.0	13.0	14.0	15.0	16.0	17.0	18.0	19.0	20.0	21.0	22.0	23.0	24.0	25.0	26.0	27.0	28.0	29.0	30.0	31.0	32.0	33.0	34.0	35.0	36.0	37.0
20211108_32_MYB-dTAG_DMSO_8h_B_MP9454_S118_R2_001	16.0	555.0	5683.0	19143.0	31762.0	43226.0	60406.0	89672.0	133269.0	193795.0	271237.0	355153.0	434248.0	493192.0	516351.0	529787.0	578919.0	657173.0	771219.0	919204.0	1148147.0	1528429.0	2265145.0	4070333.0	9806071.0	22174089.0	800956.0
	13.0	14.0	15.0	16.0	17.0	18.0	19.0	20.0	21.0	22.0	23.0	24.0	25.0	26.0	27.0	28.0	29.0	30.0	31.0	32.0	33.0	34.0	35.0	36.0	37.0
20211108_33_MYB-dTAG_DMSO_8h_C_MP9454_S119_R1_001	2.0	24.0	153.0	739.0	2188.0	6268.0	15957.0	43093.0	112404.0	252744.0	462814.0	675958.0	820126.0	919451.0	1017928.0	1144356.0	1320729.0	1534668.0	1818410.0	2247662.0	3238949.0	4826536.0	7957653.0	28787374.0	1152126.0
	11.0	12.0	13.0	14.0	15.0	16.0	17.0	18.0	19.0	20.0	21.0	22.0	23.0	24.0	25.0	26.0	27.0	28.0	29.0	30.0	31.0	32.0	33.0	34.0	35.0	36.0	37.0
20211108_33_MYB-dTAG_DMSO_8h_C_MP9454_S119_R2_001	16.0	505.0	4998.0	15338.0	25217.0	37381.0	59459.0	101376.0	171097.0	273736.0	393251.0	514237.0	614322.0	683664.0	702132.0	715270.0	768968.0	853818.0	973351.0	1124523.0	1360239.0	1761047.0	2533536.0	4487731.0	10827048.0	28081275.0	1274777.0
	12.0	13.0	14.0	15.0	16.0	17.0	18.0	19.0	20.0	21.0	22.0	23.0	24.0	25.0	26.0	27.0	28.0	29.0	30.0	31.0	32.0	33.0	34.0	35.0	36.0	37.0
20211108_34_MYB-dTAG_DMSO_8h_D_MP9454_S120_R1_001	1.0	3.0	26.0	143.0	591.0	1959.0	5146.0	13442.0	36650.0	96206.0	223982.0	427173.0	634298.0	761199.0	837597.0	911606.0	1010958.0	1143578.0	1309102.0	1524785.0	1820265.0	2390214.0	3674964.0	6657910.0	24924353.0	1108119.0
	11.0	12.0	13.0	14.0	15.0	16.0	17.0	18.0	19.0	20.0	21.0	22.0	23.0	24.0	25.0	26.0	27.0	28.0	29.0	30.0	31.0	32.0	33.0	34.0	35.0	36.0	37.0
20211108_34_MYB-dTAG_DMSO_8h_D_MP9454_S120_R2_001	20.0	623.0	6340.0	18303.0	28826.0	40800.0	65917.0	112483.0	187261.0	292205.0	413611.0	530482.0	627250.0	686984.0	702932.0	707109.0	740653.0	806848.0	897945.0	1015270.0	1196075.0	1511394.0	2125144.0	3689130.0	8961568.0	23190816.0	958281.0
	13.0	14.0	15.0	16.0	17.0	18.0	19.0	20.0	21.0	22.0	23.0	24.0	25.0	26.0	27.0	28.0	29.0	30.0	31.0	32.0	33.0	34.0	35.0	36.0	37.0
20211108_35_MYB-dTAG_DMSO_8h_E_MP9454_S121_R1_001	3.0	18.0	135.0	444.0	1493.0	3804.0	9748.0	26461.0	68362.0	149409.0	266573.0	380041.0	454910.0	507801.0	580341.0	688216.0	844100.0	1033412.0	1283046.0	1619334.0	2183336.0	3426837.0	6912118.0	26046124.0	990827.0
	11.0	12.0	13.0	14.0	15.0	16.0	17.0	18.0	19.0	20.0	21.0	22.0	23.0	24.0	25.0	26.0	27.0	28.0	29.0	30.0	31.0	32.0	33.0	34.0	35.0	36.0	37.0
20211108_35_MYB-dTAG_DMSO_8h_E_MP9454_S121_R2_001	8.0	270.0	2582.0	8482.0	15144.0	21907.0	34725.0	56582.0	92929.0	147460.0	214498.0	284833.0	344322.0	383219.0	395129.0	409949.0	455131.0	522029.0	620455.0	752821.0	953425.0	1287517.0	1911655.0	3460959.0	8748136.0	25199699.0	1153027.0
	14.0	15.0	16.0	17.0	18.0	19.0	20.0	21.0	22.0	23.0	24.0	25.0	26.0	27.0	28.0	29.0	30.0	31.0	32.0	33.0	34.0	35.0	36.0	37.0
20211108_36_MYB-dTAG_VHL_8h_A_MP9454_S122_R1_001	29.0	187.0	762.0	2040.0	5213.0	12693.0	31297.0	78791.0	170293.0	307529.0	458793.0	590753.0	696438.0	800098.0	936365.0	1124414.0	1353760.0	1680145.0	2373342.0	3252068.0	3771780.0	7088223.0	30004738.0	1310631.0
	10.0	11.0	12.0	13.0	14.0	15.0	16.0	17.0	18.0	19.0	20.0	21.0	22.0	23.0	24.0	25.0	26.0	27.0	28.0	29.0	30.0	31.0	32.0	33.0	34.0	35.0	36.0	37.0
20211108_36_MYB-dTAG_VHL_8h_A_MP9454_S122_R2_001	2.0	4.0	304.0	3262.0	11414.0	20883.0	32621.0	52910.0	86246.0	138170.0	210944.0	297060.0	385196.0	460175.0	515399.0	537232.0	563746.0	622297.0	707682.0	827113.0	975587.0	1208725.0	1595142.0	2331630.0	4144983.0	10268824.0	28736844.0	1315987.0
	13.0	14.0	15.0	16.0	17.0	18.0	19.0	20.0	21.0	22.0	23.0	24.0	25.0	26.0	27.0	28.0	29.0	30.0	31.0	32.0	33.0	34.0	35.0	36.0	37.0
20211108_37_MYB-dTAG_VHL_8h_B_MP9454_S123_R1_001	2.0	18.0	165.0	644.0	1854.0	4832.0	11998.0	30316.0	74418.0	160121.0	285036.0	418431.0	525317.0	608058.0	710543.0	843858.0	1028769.0	1247206.0	1531325.0	1895689.0	2442329.0	3676297.0	7799503.0	31507918.0	1390070.0
	11.0	12.0	13.0	14.0	15.0	16.0	17.0	18.0	19.0	20.0	21.0	22.0	23.0	24.0	25.0	26.0	27.0	28.0	29.0	30.0	31.0	32.0	33.0	34.0	35.0	36.0	37.0
20211108_37_MYB-dTAG_VHL_8h_B_MP9454_S123_R2_001	11.0	339.0	3693.0	11862.0	20099.0	29819.0	46442.0	72954.0	112795.0	167321.0	231537.0	302025.0	368045.0	425223.0	466378.0	507381.0	572160.0	660127.0	784153.0	942139.0	1185129.0	1583004.0	2337930.0	4198191.0	10520370.0	29319282.0	1326308.0
	13.0	14.0	15.0	16.0	17.0	18.0	19.0	20.0	21.0	22.0	23.0	24.0	25.0	26.0	27.0	28.0	29.0	30.0	31.0	32.0	33.0	34.0	35.0	36.0	37.0
20211108_38_MYB-dTAG_VHL_8h_C_MP9454_S124_R1_001	3.0	30.0	170.0	699.0	2154.0	5798.0	15043.0	39001.0	97882.0	215778.0	393922.0	569635.0	696137.0	798944.0	908295.0	1029082.0	1175231.0	1346091.0	1562288.0	1867745.0	2453482.0	3696243.0	6925373.0	26386766.0	1074098.0
	11.0	12.0	13.0	14.0	15.0	16.0	17.0	18.0	19.0	20.0	21.0	22.0	23.0	24.0	25.0	26.0	27.0	28.0	29.0	30.0	31.0	32.0	33.0	34.0	35.0	36.0	37.0
20211108_38_MYB-dTAG_VHL_8h_C_MP9454_S124_R2_001	8.0	322.0	3043.0	9578.0	16957.0	25784.0	42112.0	74718.0	131029.0	217306.0	324080.0	434000.0	529153.0	595299.0	623215.0	657929.0	725369.0	810152.0	924487.0	1059448.0	1253614.0	1580102.0	2196261.0	3741330.0	8973329.0	25101356.0	1209909.0
	13.0	14.0	15.0	16.0	17.0	18.0	19.0	20.0	21.0	22.0	23.0	24.0	25.0	26.0	27.0	28.0	29.0	30.0	31.0	32.0	33.0	34.0	35.0	36.0	37.0
20211108_39_MYB-dTAG_VHL_8h_D_MP9454_S125_R1_001	4.0	36.0	148.0	656.0	1952.0	4923.0	12160.0	32545.0	83331.0	178517.0	314981.0	446664.0	536971.0	603850.0	694072.0	825034.0	1013449.0	1241333.0	1538745.0	1927795.0	2515608.0	3844544.0	8182326.0	32769886.0	1334538.0
	11.0	12.0	13.0	14.0	15.0	16.0	17.0	18.0	19.0	20.0	21.0	22.0	23.0	24.0	25.0	26.0	27.0	28.0	29.0	30.0	31.0	32.0	33.0	34.0	35.0	36.0	37.0
20211108_39_MYB-dTAG_VHL_8h_D_MP9454_S125_R2_001	7.0	438.0	4328.0	11704.0	16420.0	20907.0	30150.0	49660.0	84158.0	138937.0	212490.0	295496.0	374843.0	434646.0	475904.0	516174.0	581790.0	674850.0	805390.0	974830.0	1237423.0	1652642.0	2413539.0	4256220.0	10681751.0	30768562.0	1390809.0
	13.0	14.0	15.0	16.0	17.0	18.0	19.0	20.0	21.0	22.0	23.0	24.0	25.0	26.0	27.0	28.0	29.0	30.0	31.0	32.0	33.0	34.0	35.0	36.0	37.0
20211108_3_MYB-dTAG_DMSO_1h_C_MP9454_S77_R1_001	5.0	31.0	204.0	851.0	2541.0	7587.0	20603.0	52656.0	123819.0	246536.0	420315.0	612124.0	796054.0	951371.0	1098720.0	1262131.0	1461258.0	1695608.0	1991784.0	2397564.0	3140648.0	4650779.0	8619389.0	34400330.0	1697069.0
	10.0	11.0	12.0	13.0	14.0	15.0	16.0	17.0	18.0	19.0	20.0	21.0	22.0	23.0	24.0	25.0	26.0	27.0	28.0	29.0	30.0	31.0	32.0	33.0	34.0	35.0	36.0	37.0
20211108_3_MYB-dTAG_DMSO_1h_C_MP9454_S77_R2_001	1.0	18.0	494.0	4792.0	15226.0	29829.0	56295.0	107521.0	187103.0	299324.0	438037.0	582279.0	707819.0	806140.0	872286.0	916312.0	970149.0	1056819.0	1164863.0	1313397.0	1495821.0	1781882.0	2267046.0	3187391.0	5377069.0	12035095.0	28707812.0	1269157.0
	13.0	14.0	15.0	16.0	17.0	18.0	19.0	20.0	21.0	22.0	23.0	24.0	25.0	26.0	27.0	28.0	29.0	30.0	31.0	32.0	33.0	34.0	35.0	36.0	37.0
20211108_40_MYB-dTAG_VHL_8h_E_MP9454_S126_R1_001	3.0	30.0	187.0	765.0	2179.0	5468.0	12923.0	31643.0	75759.0	160441.0	284594.0	424114.0	548708.0	654427.0	766116.0	899021.0	1074128.0	1283237.0	1549675.0	1901384.0	2437145.0	3653696.0	8033130.0	31369565.0	1234869.0
	10.0	11.0	12.0	13.0	14.0	15.0	16.0	17.0	18.0	19.0	20.0	21.0	22.0	23.0	24.0	25.0	26.0	27.0	28.0	29.0	30.0	31.0	32.0	33.0	34.0	35.0	36.0	37.0
20211108_40_MYB-dTAG_VHL_8h_E_MP9454_S126_R2_001	1.0	14.0	766.0	7529.0	18968.0	25034.0	29940.0	42614.0	68164.0	111405.0	178230.0	263076.0	351755.0	431499.0	491816.0	530023.0	562959.0	617918.0	701173.0	826289.0	987599.0	1233639.0	1640954.0	2396106.0	4219860.0	10427686.0	28925348.0	1312842.0
	13.0	14.0	15.0	16.0	17.0	18.0	19.0	20.0	21.0	22.0	23.0	24.0	25.0	26.0	27.0	28.0	29.0	30.0	31.0	32.0	33.0	34.0	35.0	36.0	37.0
20211108_41_MYB-dTAG_DMSO_12h_A_MP9454_S127_R1_001	1.0	28.0	140.0	526.0	1796.0	4794.0	12163.0	31614.0	79226.0	181425.0	340036.0	502591.0	614381.0	696051.0	783590.0	885540.0	1018913.0	1174661.0	1380805.0	1690537.0	2415440.0	3523659.0	5790282.0	22155421.0	990617.0
	11.0	12.0	13.0	14.0	15.0	16.0	17.0	18.0	19.0	20.0	21.0	22.0	23.0	24.0	25.0	26.0	27.0	28.0	29.0	30.0	31.0	32.0	33.0	34.0	35.0	36.0	37.0
20211108_41_MYB-dTAG_DMSO_12h_A_MP9454_S127_R2_001	12.0	529.0	5112.0	14095.0	20919.0	29806.0	49865.0	85894.0	143230.0	223139.0	316366.0	402032.0	472135.0	523116.0	550757.0	571811.0	605875.0	664096.0	753611.0	863649.0	1030972.0	1313797.0	1837558.0	3159603.0	7715904.0	21809737.0	1110617.0
	13.0	14.0	15.0	16.0	17.0	18.0	19.0	20.0	21.0	22.0	23.0	24.0	25.0	26.0	27.0	28.0	29.0	30.0	31.0	32.0	33.0	34.0	35.0	36.0	37.0
20211108_42_MYB-dTAG_DMSO_12h_B_MP9454_S128_R1_001	5.0	42.0	233.0	985.0	3055.0	8136.0	19757.0	48964.0	117759.0	251979.0	459522.0	706079.0	941766.0	1146962.0	1302006.0	1420569.0	1534461.0	1640469.0	1770207.0	1977020.0	2456771.0	3099586.0	4908831.0	17150810.0	689520.0
	11.0	12.0	13.0	14.0	15.0	16.0	17.0	18.0	19.0	20.0	21.0	22.0	23.0	24.0	25.0	26.0	27.0	28.0	29.0	30.0	31.0	32.0	33.0	34.0	35.0	36.0	37.0
20211108_42_MYB-dTAG_DMSO_12h_B_MP9454_S128_R2_001	14.0	723.0	6741.0	18363.0	31497.0	55497.0	106040.0	187518.0	311675.0	478318.0	659942.0	811111.0	909522.0	962565.0	989010.0	1003179.0	1026407.0	1076545.0	1152044.0	1226317.0	1331073.0	1520498.0	1899991.0	2934556.0	6653527.0	15660758.0	642063.0
	13.0	14.0	15.0	16.0	17.0	18.0	19.0	20.0	21.0	22.0	23.0	24.0	25.0	26.0	27.0	28.0	29.0	30.0	31.0	32.0	33.0	34.0	35.0	36.0	37.0
20211108_43_MYB-dTAG_DMSO_12h_C_MP9454_S129_R1_001	3.0	11.0	150.0	623.0	1602.0	4568.0	11122.0	29014.0	70304.0	145347.0	248729.0	355128.0	444790.0	524378.0	609310.0	712672.0	851209.0	1019163.0	1232446.0	1520471.0	1975142.0	3025137.0	6390851.0	24736381.0	979768.0
	10.0	11.0	12.0	13.0	14.0	15.0	16.0	17.0	18.0	19.0	20.0	21.0	22.0	23.0	24.0	25.0	26.0	27.0	28.0	29.0	30.0	31.0	32.0	33.0	34.0	35.0	36.0	37.0
20211108_43_MYB-dTAG_DMSO_12h_C_MP9454_S129_R2_001	1.0	8.0	337.0	3668.0	10805.0	16758.0	22030.0	32497.0	53490.0	88952.0	141954.0	207112.0	275074.0	335605.0	384303.0	417265.0	449541.0	502991.0	577088.0	679511.0	813324.0	1016622.0	1354430.0	1967632.0	3455835.0	8436695.0	22655475.0	989316.0
	13.0	14.0	15.0	16.0	17.0	18.0	19.0	20.0	21.0	22.0	23.0	24.0	25.0	26.0	27.0	28.0	29.0	30.0	31.0	32.0	33.0	34.0	35.0	36.0	37.0
20211108_44_MYB-dTAG_DMSO_12h_D_MP9454_S130_R1_001	3.0	24.0	225.0	840.0	2427.0	6266.0	14962.0	36760.0	88362.0	187769.0	337096.0	506496.0	660461.0	782024.0	878121.0	953218.0	1033487.0	1112116.0	1217128.0	1378966.0	1757986.0	2406548.0	4123520.0	15413062.0	600677.0
	11.0	12.0	13.0	14.0	15.0	16.0	17.0	18.0	19.0	20.0	21.0	22.0	23.0	24.0	25.0	26.0	27.0	28.0	29.0	30.0	31.0	32.0	33.0	34.0	35.0	36.0	37.0
20211108_44_MYB-dTAG_DMSO_12h_D_MP9454_S130_R2_001	8.0	651.0	6193.0	17194.0	24584.0	32827.0	53108.0	90726.0	152651.0	241517.0	344393.0	442414.0	522066.0	584471.0	624507.0	644142.0	664935.0	712303.0	784410.0	867828.0	988001.0	1190382.0	1582442.0	2602146.0	5991427.0	13800122.0	533096.0
	13.0	14.0	15.0	16.0	17.0	18.0	19.0	20.0	21.0	22.0	23.0	24.0	25.0	26.0	27.0	28.0	29.0	30.0	31.0	32.0	33.0	34.0	35.0	36.0	37.0
20211108_45_MYB-dTAG_DMSO_12h_E_MP9454_S131_R1_001	5.0	27.0	151.0	621.0	2037.0	6016.0	15718.0	42627.0	109367.0	245692.0	448300.0	661927.0	836172.0	976871.0	1109350.0	1233223.0	1365984.0	1506414.0	1673100.0	1893744.0	2249850.0	3225354.0	6300785.0	23179817.0	974908.0
	11.0	12.0	13.0	14.0	15.0	16.0	17.0	18.0	19.0	20.0	21.0	22.0	23.0	24.0	25.0	26.0	27.0	28.0	29.0	30.0	31.0	32.0	33.0	34.0	35.0	36.0	37.0
20211108_45_MYB-dTAG_DMSO_12h_E_MP9454_S131_R2_001	14.0	425.0	4077.0	13445.0	26533.0	46601.0	84052.0	146424.0	238013.0	361538.0	498922.0	626266.0	728300.0	803137.0	821985.0	831106.0	880386.0	954980.0	1047646.0	1153410.0	1301076.0	1551216.0	2035729.0	3323038.0	7888042.0	21693401.0	998298.0
	13.0	14.0	15.0	16.0	17.0	18.0	19.0	20.0	21.0	22.0	23.0	24.0	25.0	26.0	27.0	28.0	29.0	30.0	31.0	32.0	33.0	34.0	35.0	36.0	37.0
20211108_46_MYB-dTAG_VHL_12h_A_MP9454_S132_R1_001	1.0	35.0	186.0	691.0	2180.0	5923.0	14606.0	36230.0	87169.0	187550.0	342916.0	521141.0	678482.0	798146.0	908119.0	1021297.0	1153479.0	1302781.0	1499878.0	1771767.0	2245330.0	3388865.0	6635880.0	25693843.0	964456.0
	11.0	12.0	13.0	14.0	15.0	16.0	17.0	18.0	19.0	20.0	21.0	22.0	23.0	24.0	25.0	26.0	27.0	28.0	29.0	30.0	31.0	32.0	33.0	34.0	35.0	36.0	37.0
20211108_46_MYB-dTAG_VHL_12h_A_MP9454_S132_R2_001	13.0	467.0	5585.0	17556.0	27032.0	36316.0	53497.0	87021.0	141074.0	221307.0	318254.0	418178.0	503118.0	572216.0	617756.0	659314.0	723178.0	809040.0	925862.0	1061442.0	1256698.0	1590918.0	2242469.0	3908364.0	9415776.0	22772343.0	876157.0
	13.0	14.0	15.0	16.0	17.0	18.0	19.0	20.0	21.0	22.0	23.0	24.0	25.0	26.0	27.0	28.0	29.0	30.0	31.0	32.0	33.0	34.0	35.0	36.0	37.0
20211108_47_MYB-dTAG_VHL_12h_B_MP9454_S133_R1_001	4.0	35.0	146.0	625.0	1966.0	4915.0	12948.0	35506.0	94329.0	210157.0	380312.0	550638.0	665693.0	738111.0	822238.0	941144.0	1112294.0	1324723.0	1601464.0	2017559.0	2844553.0	4084094.0	7354979.0	30050816.0	1324641.0
	11.0	12.0	13.0	14.0	15.0	16.0	17.0	18.0	19.0	20.0	21.0	22.0	23.0	24.0	25.0	26.0	27.0	28.0	29.0	30.0	31.0	32.0	33.0	34.0	35.0	36.0	37.0
20211108_47_MYB-dTAG_VHL_12h_B_MP9454_S133_R2_001	13.0	410.0	3429.0	9761.0	14755.0	20630.0	32604.0	57341.0	101909.0	173831.0	264556.0	360996.0	450645.0	518843.0	565071.0	613071.0	686888.0	785749.0	917716.0	1085675.0	1338083.0	1750253.0	2523416.0	4441711.0	10896725.0	27477299.0	1082510.0
	13.0	14.0	15.0	16.0	17.0	18.0	19.0	20.0	21.0	22.0	23.0	24.0	25.0	26.0	27.0	28.0	29.0	30.0	31.0	32.0	33.0	34.0	35.0	36.0	37.0
20211108_48_MYB-dTAG_VHL_12h_C_MP9454_S134_R1_001	1.0	32.0	137.0	673.0	2060.0	5219.0	12740.0	32876.0	81222.0	178676.0	326887.0	501975.0	659535.0	786146.0	906093.0	1039877.0	1208163.0	1404650.0	1657480.0	1987448.0	2512141.0	3661774.0	7285190.0	29959791.0	1208650.0
	11.0	12.0	13.0	14.0	15.0	16.0	17.0	18.0	19.0	20.0	21.0	22.0	23.0	24.0	25.0	26.0	27.0	28.0	29.0	30.0	31.0	32.0	33.0	34.0	35.0	36.0	37.0
20211108_48_MYB-dTAG_VHL_12h_C_MP9454_S134_R2_001	19.0	867.0	8175.0	19957.0	28297.0	39654.0	65388.0	108937.0	175481.0	266372.0	369865.0	465461.0	537126.0	585715.0	617828.0	657934.0	717049.0	797898.0	909470.0	1047466.0	1251738.0	1587384.0	2212008.0	3793066.0	9608112.0	28355613.0	1192556.0
	13.0	14.0	15.0	16.0	17.0	18.0	19.0	20.0	21.0	22.0	23.0	24.0	25.0	26.0	27.0	28.0	29.0	30.0	31.0	32.0	33.0	34.0	35.0	36.0	37.0
20211108_49_MYB-dTAG_VHL_12h_D_MP9454_S21_R1_001	3.0	37.0	246.0	1006.0	3233.0	8774.0	22069.0	56543.0	142199.0	319519.0	601875.0	933237.0	1223628.0	1436259.0	1621205.0	1837855.0	2103869.0	2405946.0	2787905.0	3319502.0	4321682.0	6499268.0	11503562.0	39629854.0	1422769.0
	10.0	11.0	12.0	13.0	14.0	15.0	16.0	17.0	18.0	19.0	20.0	21.0	22.0	23.0	24.0	25.0	26.0	27.0	28.0	29.0	30.0	31.0	32.0	33.0	34.0	35.0	36.0	37.0
20211108_49_MYB-dTAG_VHL_12h_D_MP9454_S21_R2_001	1.0	18.0	800.0	7959.0	25227.0	43442.0	66972.0	114568.0	204216.0	343987.0	531968.0	737549.0	920234.0	1054118.0	1140233.0	1181877.0	1215931.0	1304073.0	1434237.0	1619043.0	1849689.0	2210913.0	2840771.0	4090139.0	7051465.0	15561704.0	35057182.0	1593729.0
	13.0	14.0	15.0	16.0	17.0	18.0	19.0	20.0	21.0	22.0	23.0	24.0	25.0	26.0	27.0	28.0	29.0	30.0	31.0	32.0	33.0	34.0	35.0	36.0	37.0
20211108_4_MYB-dTAG_DMSO_1h_D_MP9454_S78_R1_001	5.0	32.0	212.0	821.0	2456.0	7371.0	20769.0	58616.0	146179.0	307640.0	527459.0	738134.0	901811.0	1028289.0	1151517.0	1316287.0	1550043.0	1842370.0	2224829.0	2786692.0	3946071.0	5820812.0	10254751.0	41475385.0	2199279.0
	11.0	12.0	13.0	14.0	15.0	16.0	17.0	18.0	19.0	20.0	21.0	22.0	23.0	24.0	25.0	26.0	27.0	28.0	29.0	30.0	31.0	32.0	33.0	34.0	35.0	36.0	37.0
20211108_4_MYB-dTAG_DMSO_1h_D_MP9454_S78_R2_001	14.0	722.0	6840.0	17768.0	25566.0	34967.0	56837.0	100368.0	177791.0	298827.0	452966.0	620732.0	769540.0	872684.0	928948.0	979567.0	1067108.0	1190292.0	1368518.0	1595988.0	1950629.0	2551889.0	3645717.0	6260624.0	14730956.0	36971412.0	1630560.0
	13.0	14.0	15.0	16.0	17.0	18.0	19.0	20.0	21.0	22.0	23.0	24.0	25.0	26.0	27.0	28.0	29.0	30.0	31.0	32.0	33.0	34.0	35.0	36.0	37.0
20211108_50_MYB-dTAG_VHL_12h_E_MP9454_S22_R1_001	1.0	29.0	183.0	837.0	2705.0	7211.0	19765.0	55272.0	143407.0	309675.0	553580.0	814582.0	1049144.0	1241090.0	1424119.0	1656428.0	1967443.0	2334312.0	2802949.0	3445131.0	4600081.0	6984481.0	12670185.0	44251334.0	1559243.0
	10.0	11.0	12.0	13.0	14.0	15.0	16.0	17.0	18.0	19.0	20.0	21.0	22.0	23.0	24.0	25.0	26.0	27.0	28.0	29.0	30.0	31.0	32.0	33.0	34.0	35.0	36.0	37.0
20211108_50_MYB-dTAG_VHL_12h_E_MP9454_S22_R2_001	1.0	37.0	1439.0	14583.0	38971.0	56021.0	79405.0	130200.0	220894.0	359771.0	548008.0	758882.0	941373.0	1067157.0	1133365.0	1162357.0	1189687.0	1243132.0	1350227.0	1535784.0	1793665.0	2202037.0	2890410.0	4180103.0	7349519.0	17235557.0	38621707.0	1788895.0
	13.0	14.0	15.0	16.0	17.0	18.0	19.0	20.0	21.0	22.0	23.0	24.0	25.0	26.0	27.0	28.0	29.0	30.0	31.0	32.0	33.0	34.0	35.0	36.0	37.0
20211108_51_MYB-dTAG_DMSO_24h_A_MP9454_S23_R1_001	2.0	27.0	155.0	606.0	2022.0	6290.0	17934.0	47048.0	111901.0	223505.0	389808.0	561324.0	695208.0	833039.0	1028508.0	1288828.0	1637791.0	2046364.0	2556543.0	3238505.0	4256822.0	6614710.0	13476904.0	47446200.0	1692429.0
	11.0	12.0	13.0	14.0	15.0	16.0	17.0	18.0	19.0	20.0	21.0	22.0	23.0	24.0	25.0	26.0	27.0	28.0	29.0	30.0	31.0	32.0	33.0	34.0	35.0	36.0	37.0
20211108_51_MYB-dTAG_DMSO_24h_A_MP9454_S23_R2_001	19.0	571.0	6104.0	17709.0	26556.0	32207.0	43951.0	68594.0	116191.0	195919.0	308447.0	439199.0	558494.0	652056.0	721114.0	798388.0	923498.0	1087791.0	1316365.0	1617382.0	2076389.0	2812811.0	4174628.0	7431051.0	17438689.0	43297813.0	2010537.0
	13.0	14.0	15.0	16.0	17.0	18.0	19.0	20.0	21.0	22.0	23.0	24.0	25.0	26.0	27.0	28.0	29.0	30.0	31.0	32.0	33.0	34.0	35.0	36.0	37.0
20211108_52_MYB-dTAG_DMSO_24h_B_MP9454_S24_R1_001	4.0	42.0	289.0	1246.0	3867.0	10375.0	26065.0	67377.0	168030.0	371782.0	681516.0	1019902.0	1316548.0	1564479.0	1793449.0	2014852.0	2248878.0	2486749.0	2777447.0	3161123.0	3758126.0	5263163.0	11026022.0	38372997.0	1251565.0
	11.0	12.0	13.0	14.0	15.0	16.0	17.0	18.0	19.0	20.0	21.0	22.0	23.0	24.0	25.0	26.0	27.0	28.0	29.0	30.0	31.0	32.0	33.0	34.0	35.0	36.0	37.0
20211108_52_MYB-dTAG_DMSO_24h_B_MP9454_S24_R2_001	20.0	467.0	4670.0	16901.0	32835.0	52204.0	86289.0	151336.0	263013.0	433617.0	642770.0	861343.0	1042811.0	1174195.0	1223837.0	1271622.0	1394480.0	1544852.0	1725833.0	1920432.0	2198478.0	2659162.0	3560747.0	5872803.0	13765291.0	35811014.0	1674871.0
	13.0	14.0	15.0	16.0	17.0	18.0	19.0	20.0	21.0	22.0	23.0	24.0	25.0	26.0	27.0	28.0	29.0	30.0	31.0	32.0	33.0	34.0	35.0	36.0	37.0
20211108_53_MYB-dTAG_DMSO_24h_C_MP9454_S25_R1_001	3.0	38.0	231.0	896.0	2728.0	7497.0	19001.0	50938.0	127804.0	282025.0	518429.0	782767.0	997446.0	1151003.0	1295778.0	1465864.0	1671655.0	1895015.0	2170276.0	2530878.0	3095672.0	4491964.0	8705948.0	30829222.0	1194515.0
	11.0	12.0	13.0	14.0	15.0	16.0	17.0	18.0	19.0	20.0	21.0	22.0	23.0	24.0	25.0	26.0	27.0	28.0	29.0	30.0	31.0	32.0	33.0	34.0	35.0	36.0	37.0
20211108_53_MYB-dTAG_DMSO_24h_C_MP9454_S25_R2_001	22.0	1055.0	10139.0	30227.0	48714.0	73727.0	124791.0	211948.0	341893.0	513420.0	699966.0	859628.0	974365.0	1033795.0	1058308.0	1071578.0	1113368.0	1191000.0	1304569.0	1447614.0	1685841.0	2108069.0	2937171.0	5042895.0	11677723.0	26579578.0	1146189.0
	12.0	13.0	14.0	15.0	16.0	17.0	18.0	19.0	20.0	21.0	22.0	23.0	24.0	25.0	26.0	27.0	28.0	29.0	30.0	31.0	32.0	33.0	34.0	35.0	36.0	37.0
20211108_54_MYB-dTAG_DMSO_24h_D_MP9454_S26_R1_001	1.0	8.0	34.0	250.0	1080.0	3200.0	8049.0	19852.0	49782.0	120256.0	258419.0	475159.0	726008.0	956635.0	1142399.0	1314862.0	1501328.0	1724222.0	1965279.0	2268560.0	2671092.0	3274033.0	4660160.0	9927084.0	36512046.0	1238120.0
	11.0	12.0	13.0	14.0	15.0	16.0	17.0	18.0	19.0	20.0	21.0	22.0	23.0	24.0	25.0	26.0	27.0	28.0	29.0	30.0	31.0	32.0	33.0	34.0	35.0	36.0	37.0
20211108_54_MYB-dTAG_DMSO_24h_D_MP9454_S26_R2_001	15.0	603.0	5803.0	18198.0	29083.0	42257.0	69552.0	120670.0	203596.0	323771.0	466071.0	604957.0	721580.0	806197.0	865789.0	929037.0	1029603.0	1153844.0	1315288.0	1507505.0	1784677.0	2244298.0	3103608.0	5245566.0	12604964.0	33925428.0	1695958.0
	13.0	14.0	15.0	16.0	17.0	18.0	19.0	20.0	21.0	22.0	23.0	24.0	25.0	26.0	27.0	28.0	29.0	30.0	31.0	32.0	33.0	34.0	35.0	36.0	37.0
20211108_55_MYB-dTAG_DMSO_24h_E_MP9454_S27_R1_001	1.0	28.0	197.0	785.0	2502.0	6639.0	16819.0	42883.0	105568.0	226586.0	406609.0	597911.0	760797.0	907491.0	1057366.0	1217332.0	1416030.0	1646585.0	1937203.0	2355045.0	3093712.0	4403320.0	8903028.0	32719254.0	977704.0
	11.0	12.0	13.0	14.0	15.0	16.0	17.0	18.0	19.0	20.0	21.0	22.0	23.0	24.0	25.0	26.0	27.0	28.0	29.0	30.0	31.0	32.0	33.0	34.0	35.0	36.0	37.0
20211108_55_MYB-dTAG_DMSO_24h_E_MP9454_S27_R2_001	2.0	273.0	2617.0	8500.0	13937.0	19015.0	29511.0	50928.0	91469.0	157991.0	250255.0	357337.0	458851.0	540601.0	611646.0	692299.0	798740.0	923254.0	1074756.0	1258301.0	1515396.0	1939227.0	2719268.0	4663859.0	11505323.0	31585539.0	1532500.0
	13.0	14.0	15.0	16.0	17.0	18.0	19.0	20.0	21.0	22.0	23.0	24.0	25.0	26.0	27.0	28.0	29.0	30.0	31.0	32.0	33.0	34.0	35.0	36.0	37.0
20211108_56_MYB-dTAG_VHL_24h_A_MP9454_S28_R1_001	2.0	38.0	264.0	1073.0	3086.0	8444.0	21957.0	56939.0	141346.0	307650.0	553974.0	838103.0	1101107.0	1338448.0	1572053.0	1813841.0	2090574.0	2388807.0	2777791.0	3426632.0	4756967.0	6043535.0	10412370.0	37850568.0	1329804.0
	11.0	12.0	13.0	14.0	15.0	16.0	17.0	18.0	19.0	20.0	21.0	22.0	23.0	24.0	25.0	26.0	27.0	28.0	29.0	30.0	31.0	32.0	33.0	34.0	35.0	36.0	37.0
20211108_56_MYB-dTAG_VHL_24h_A_MP9454_S28_R2_001	21.0	720.0	7136.0	22096.0	35202.0	52375.0	87092.0	151680.0	262671.0	425519.0	615694.0	799503.0	941736.0	1038853.0	1096597.0	1140626.0	1223487.0	1346951.0	1511420.0	1704808.0	1989741.0	2468710.0	3384904.0	5729022.0	13658844.0	37209825.0	1930140.0
	13.0	14.0	15.0	16.0	17.0	18.0	19.0	20.0	21.0	22.0	23.0	24.0	25.0	26.0	27.0	28.0	29.0	30.0	31.0	32.0	33.0	34.0	35.0	36.0	37.0
20211108_57_MYB-dTAG_VHL_24h_B_MP9454_S29_R1_001	6.0	40.0	253.0	1075.0	3642.0	9754.0	25596.0	68673.0	174866.0	386793.0	706920.0	1052630.0	1349657.0	1583743.0	1777722.0	1976721.0	2199695.0	2436117.0	2720711.0	3097425.0	3694969.0	5291863.0	10708923.0	32864514.0	1087595.0
	10.0	11.0	12.0	13.0	14.0	15.0	16.0	17.0	18.0	19.0	20.0	21.0	22.0	23.0	24.0	25.0	26.0	27.0	28.0	29.0	30.0	31.0	32.0	33.0	34.0	35.0	36.0	37.0
20211108_57_MYB-dTAG_VHL_24h_B_MP9454_S29_R2_001	1.0	33.0	791.0	7926.0	25766.0	49246.0	89733.0	168785.0	297360.0	488393.0	744407.0	1015120.0	1246802.0	1405572.0	1492902.0	1452207.0	1371281.0	1381733.0	1457854.0	1577785.0	1720332.0	1944200.0	2335856.0	3103463.0	5102361.0	11640804.0	31277146.0	1822044.0
	13.0	14.0	15.0	16.0	17.0	18.0	19.0	20.0	21.0	22.0	23.0	24.0	25.0	26.0	27.0	28.0	29.0	30.0	31.0	32.0	33.0	34.0	35.0	36.0	37.0
20211108_58_MYB-dTAG_VHL_24h_C_MP9454_S30_R1_001	1.0	27.0	181.0	787.0	2517.0	6230.0	15552.0	39985.0	99890.0	217270.0	395088.0	607187.0	795872.0	947024.0	1085066.0	1259223.0	1482396.0	1748425.0	2109509.0	2848014.0	4097664.0	4626177.0	8045796.0	29677843.0	1053169.0
	11.0	12.0	13.0	14.0	15.0	16.0	17.0	18.0	19.0	20.0	21.0	22.0	23.0	24.0	25.0	26.0	27.0	28.0	29.0	30.0	31.0	32.0	33.0	34.0	35.0	36.0	37.0
20211108_58_MYB-dTAG_VHL_24h_C_MP9454_S30_R2_001	9.0	614.0	5915.0	18678.0	30595.0	45289.0	74311.0	126696.0	209139.0	324345.0	453807.0	574951.0	674206.0	741909.0	779705.0	807997.0	866354.0	956005.0	1082486.0	1247913.0	1504232.0	1931446.0	2748765.0	4790832.0	11347654.0	28464299.0	1352741.0
	13.0	14.0	15.0	16.0	17.0	18.0	19.0	20.0	21.0	22.0	23.0	24.0	25.0	26.0	27.0	28.0	29.0	30.0	31.0	32.0	33.0	34.0	35.0	36.0	37.0
20211108_59_MYB-dTAG_VHL_24h_D_MP9454_S31_R1_001	1.0	47.0	210.0	947.0	2872.0	7708.0	20269.0	55428.0	144499.0	323097.0	596326.0	879755.0	1099795.0	1256529.0	1424025.0	1640780.0	1924340.0	2253770.0	2682369.0	3358160.0	4716139.0	6225691.0	10896652.0	40154663.0	1387256.0
	11.0	12.0	13.0	14.0	15.0	16.0	17.0	18.0	19.0	20.0	21.0	22.0	23.0	24.0	25.0	26.0	27.0	28.0	29.0	30.0	31.0	32.0	33.0	34.0	35.0	36.0	37.0
20211108_59_MYB-dTAG_VHL_24h_D_MP9454_S31_R2_001	12.0	300.0	3108.0	10785.0	19897.0	32927.0	58437.0	108271.0	196738.0	330458.0	500328.0	667841.0	807015.0	899695.0	952713.0	1014107.0	1119945.0	1251226.0	1422844.0	1633073.0	1952279.0	2487915.0	3519138.0	6167699.0	15042449.0	39112087.0	1740041.0
	14.0	15.0	16.0	17.0	18.0	19.0	20.0	21.0	22.0	23.0	24.0	25.0	26.0	27.0	28.0	29.0	30.0	31.0	32.0	33.0	34.0	35.0	36.0	37.0
20211108_5_MYB-dTAG_DMSO_1h_E_MP9454_S79_R1_001	18.0	108.0	526.0	1596.0	4225.0	11006.0	27177.0	60993.0	118663.0	193687.0	275230.0	360093.0	457493.0	582188.0	751478.0	974811.0	1238974.0	1565744.0	1981284.0	2594140.0	3909864.0	8428577.0	37675239.0	2139031.0
	11.0	12.0	13.0	14.0	15.0	16.0	17.0	18.0	19.0	20.0	21.0	22.0	23.0	24.0	25.0	26.0	27.0	28.0	29.0	30.0	31.0	32.0	33.0	34.0	35.0	36.0	37.0
20211108_5_MYB-dTAG_DMSO_1h_E_MP9454_S79_R2_001	18.0	313.0	3106.0	8761.0	14470.0	22305.0	37169.0	60518.0	98142.0	153872.0	220781.0	283409.0	328800.0	350323.0	365072.0	387917.0	435916.0	511523.0	623031.0	780737.0	1024751.0	1417304.0	2130723.0	3840150.0	10017984.0	37773040.0	2462010.0
	13.0	14.0	15.0	16.0	17.0	18.0	19.0	20.0	21.0	22.0	23.0	24.0	25.0	26.0	27.0	28.0	29.0	30.0	31.0	32.0	33.0	34.0	35.0	36.0	37.0
20211108_60_MYB-dTAG_VHL_24h_E_MP9454_S32_R1_001	6.0	27.0	287.0	1085.0	3257.0	7997.0	19724.0	49817.0	122139.0	263576.0	470809.0	701476.0	915028.0	1103517.0	1296047.0	1513319.0	1784576.0	2097371.0	2491901.0	3001187.0	3805807.0	5651204.0	11482140.0	42373802.0	1466134.0
	11.0	12.0	13.0	14.0	15.0	16.0	17.0	18.0	19.0	20.0	21.0	22.0	23.0	24.0	25.0	26.0	27.0	28.0	29.0	30.0	31.0	32.0	33.0	34.0	35.0	36.0	37.0
20211108_60_MYB-dTAG_VHL_24h_E_MP9454_S32_R2_001	29.0	1160.0	11259.0	32019.0	49554.0	66290.0	99878.0	159802.0	257126.0	396514.0	562236.0	720914.0	853739.0	940724.0	992819.0	1018635.0	1088398.0	1209288.0	1381669.0	1601847.0	1941132.0	2493249.0	3531077.0	6040327.0	14477011.0	38775849.0	1919688.0
	13.0	14.0	15.0	16.0	17.0	18.0	19.0	20.0	21.0	22.0	23.0	24.0	25.0	26.0	27.0	28.0	29.0	30.0	31.0	32.0	33.0	34.0	35.0	36.0	37.0
20211108_61_MYB-dTAG_DMSO_48h_A_MP9454_S33_R1_001	4.0	45.0	310.0	1309.0	3837.0	10208.0	24825.0	61751.0	149977.0	322847.0	586128.0	884461.0	1134960.0	1302495.0	1423741.0	1518286.0	1612199.0	1698929.0	1815839.0	2009174.0	2452460.0	3250933.0	5494571.0	19373229.0	691035.0
	11.0	12.0	13.0	14.0	15.0	16.0	17.0	18.0	19.0	20.0	21.0	22.0	23.0	24.0	25.0	26.0	27.0	28.0	29.0	30.0	31.0	32.0	33.0	34.0	35.0	36.0	37.0
20211108_61_MYB-dTAG_DMSO_48h_A_MP9454_S33_R2_001	5.0	245.0	2474.0	9215.0	19082.0	32701.0	58886.0	110613.0	199461.0	327858.0	477309.0	621885.0	736991.0	821820.0	865615.0	909158.0	989337.0	1082967.0	1179742.0	1274192.0	1392258.0	1599354.0	2020024.0	3157510.0	7357695.0	19697406.0	879750.0
	13.0	14.0	15.0	16.0	17.0	18.0	19.0	20.0	21.0	22.0	23.0	24.0	25.0	26.0	27.0	28.0	29.0	30.0	31.0	32.0	33.0	34.0	35.0	36.0	37.0
20211108_62_MYB-dTAG_DMSO_48h_B_MP9454_S34_R1_001	2.0	17.0	179.0	876.0	2741.0	7067.0	16965.0	41193.0	100279.0	217146.0	391696.0	578727.0	738557.0	861322.0	977391.0	1117517.0	1313659.0	1556603.0	1882651.0	2388935.0	3440480.0	4599129.0	8411371.0	32407311.0	1132344.0
	11.0	12.0	13.0	14.0	15.0	16.0	17.0	18.0	19.0	20.0	21.0	22.0	23.0	24.0	25.0	26.0	27.0	28.0	29.0	30.0	31.0	32.0	33.0	34.0	35.0	36.0	37.0
20211108_62_MYB-dTAG_DMSO_48h_B_MP9454_S34_R2_001	19.0	910.0	9942.0	31031.0	47247.0	61090.0	85432.0	129983.0	199968.0	299307.0	417863.0	543637.0	649680.0	728595.0	767559.0	761723.0	782316.0	860796.0	986099.0	1152714.0	1407709.0	1847277.0	2663235.0	4704443.0	11698106.0	30082125.0	1265352.0
	13.0	14.0	15.0	16.0	17.0	18.0	19.0	20.0	21.0	22.0	23.0	24.0	25.0	26.0	27.0	28.0	29.0	30.0	31.0	32.0	33.0	34.0	35.0	36.0	37.0
20211108_63_MYB-dTAG_DMSO_48h_C_MP9454_S35_R1_001	5.0	50.0	276.0	1203.0	3776.0	9776.0	24644.0	62159.0	153182.0	323636.0	579010.0	877249.0	1171768.0	1434943.0	1686442.0	1954877.0	2266232.0	2599866.0	3004952.0	3519971.0	4300977.0	6103592.0	12118933.0	44022893.0	1616414.0
	11.0	12.0	13.0	14.0	15.0	16.0	17.0	18.0	19.0	20.0	21.0	22.0	23.0	24.0	25.0	26.0	27.0	28.0	29.0	30.0	31.0	32.0	33.0	34.0	35.0	36.0	37.0
20211108_63_MYB-dTAG_DMSO_48h_C_MP9454_S35_R2_001	23.0	823.0	7364.0	23109.0	41841.0	72775.0	132084.0	226977.0	369009.0	563112.0	778867.0	970338.0	1113573.0	1198921.0	1248310.0	1300431.0	1398089.0	1533217.0	1714164.0	1929300.0	2243137.0	2776790.0	3769830.0	6268252.0	14854334.0	41270146.0	2032010.0
	13.0	14.0	15.0	16.0	17.0	18.0	19.0	20.0	21.0	22.0	23.0	24.0	25.0	26.0	27.0	28.0	29.0	30.0	31.0	32.0	33.0	34.0	35.0	36.0	37.0
20211108_64_MYB-dTAG_DMSO_48h_D_MP9454_S36_R1_001	6.0	48.0	279.0	1109.0	3474.0	9034.0	23345.0	59934.0	148691.0	319612.0	568872.0	847202.0	1107439.0	1344139.0	1584787.0	1864881.0	2222051.0	2634231.0	3148197.0	3819406.0	4805740.0	6980026.0	15313711.0	55243530.0	1820278.0
	10.0	11.0	12.0	13.0	14.0	15.0	16.0	17.0	18.0	19.0	20.0	21.0	22.0	23.0	24.0	25.0	26.0	27.0	28.0	29.0	30.0	31.0	32.0	33.0	34.0	35.0	36.0	37.0
20211108_64_MYB-dTAG_DMSO_48h_D_MP9454_S36_R2_001	1.0	26.0	844.0	8198.0	25215.0	42671.0	66123.0	110403.0	185424.0	298846.0	464520.0	662822.0	858661.0	1011203.0	1111761.0	1158032.0	1201037.0	1305910.0	1462905.0	1689777.0	1980061.0	2422626.0	3149218.0	4498239.0	7790469.0	18792294.0	50926672.0	2646064.0
	13.0	14.0	15.0	16.0	17.0	18.0	19.0	20.0	21.0	22.0	23.0	24.0	25.0	26.0	27.0	28.0	29.0	30.0	31.0	32.0	33.0	34.0	35.0	36.0	37.0
20211108_65_MYB-dTAG_DMSO_48h_E_MP9454_S37_R1_001	5.0	36.0	286.0	1105.0	3394.0	8768.0	21302.0	53589.0	134638.0	299821.0	554276.0	837042.0	1078157.0	1261517.0	1425918.0	1615448.0	1877155.0	2186048.0	2603978.0	3278658.0	4845699.0	6647977.0	10895996.0	40451909.0	1535880.0
	10.0	11.0	12.0	13.0	14.0	15.0	16.0	17.0	18.0	19.0	20.0	21.0	22.0	23.0	24.0	25.0	26.0	27.0	28.0	29.0	30.0	31.0	32.0	33.0	34.0	35.0	36.0	37.0
20211108_65_MYB-dTAG_DMSO_48h_E_MP9454_S37_R2_001	1.0	12.0	608.0	6638.0	21519.0	36295.0	52381.0	84747.0	146273.0	244282.0	377655.0	534053.0	683479.0	806919.0	903753.0	960029.0	1006503.0	1102321.0	1241879.0	1433686.0	1675523.0	2036223.0	2643220.0	3805749.0	6695861.0	15650648.0	37666934.0	1801411.0
	13.0	14.0	15.0	16.0	17.0	18.0	19.0	20.0	21.0	22.0	23.0	24.0	25.0	26.0	27.0	28.0	29.0	30.0	31.0	32.0	33.0	34.0	35.0	36.0	37.0
20211108_66_MYB-dTAG_VHL_48h_A_MP9454_S38_R1_001	6.0	57.0	423.0	1633.0	5223.0	14396.0	39674.0	109961.0	295229.0	673755.0	1239432.0	1790657.0	2088708.0	2160769.0	2151360.0	2156003.0	2190091.0	2241855.0	2351305.0	2606608.0	3302487.0	3994076.0	5952854.0	18925881.0	801647.0
	11.0	12.0	13.0	14.0	15.0	16.0	17.0	18.0	19.0	20.0	21.0	22.0	23.0	24.0	25.0	26.0	27.0	28.0	29.0	30.0	31.0	32.0	33.0	34.0	35.0	36.0	37.0
20211108_66_MYB-dTAG_VHL_48h_A_MP9454_S38_R2_001	14.0	381.0	3737.0	13473.0	27762.0	53033.0	104714.0	200831.0	361613.0	595799.0	870041.0	1128715.0	1326990.0	1438586.0	1434877.0	1423916.0	1479873.0	1554387.0	1626169.0	1686728.0	1787311.0	1974700.0	2345411.0	3361978.0	7340142.0	21765468.0	1187441.0
	13.0	14.0	15.0	16.0	17.0	18.0	19.0	20.0	21.0	22.0	23.0	24.0	25.0	26.0	27.0	28.0	29.0	30.0	31.0	32.0	33.0	34.0	35.0	36.0	37.0
20211108_67_MYB-dTAG_VHL_48h_B_MP9454_S39_R1_001	2.0	30.0	189.0	925.0	2660.0	6743.0	16456.0	42027.0	102594.0	216900.0	382038.0	563684.0	727111.0	864514.0	998147.0	1155745.0	1355119.0	1583141.0	1873937.0	2251344.0	2817152.0	4069533.0	8607962.0	31315460.0	1084084.0
	11.0	12.0	13.0	14.0	15.0	16.0	17.0	18.0	19.0	20.0	21.0	22.0	23.0	24.0	25.0	26.0	27.0	28.0	29.0	30.0	31.0	32.0	33.0	34.0	35.0	36.0	37.0
20211108_67_MYB-dTAG_VHL_48h_B_MP9454_S39_R2_001	11.0	767.0	7464.0	20800.0	31452.0	46367.0	80452.0	139540.0	229060.0	344974.0	469727.0	580433.0	663433.0	719495.0	760024.0	804744.0	871117.0	965026.0	1098250.0	1268494.0	1539167.0	1993291.0	2841138.0	4916489.0	11508802.0	26936786.0	1200194.0
	12.0	13.0	14.0	15.0	16.0	17.0	18.0	19.0	20.0	21.0	22.0	23.0	24.0	25.0	26.0	27.0	28.0	29.0	30.0	31.0	32.0	33.0	34.0	35.0	36.0	37.0
20211108_68_MYB-dTAG_VHL_48h_C_MP9454_S40_R1_001	1.0	2.0	66.0	276.0	1193.0	3821.0	10305.0	25640.0	65701.0	162083.0	346830.0	622790.0	936199.0	1217778.0	1430336.0	1582485.0	1712866.0	1848009.0	1998595.0	2185219.0	2463573.0	3030450.0	3998873.0	6461666.0	20982133.0	704066.0
	11.0	12.0	13.0	14.0	15.0	16.0	17.0	18.0	19.0	20.0	21.0	22.0	23.0	24.0	25.0	26.0	27.0	28.0	29.0	30.0	31.0	32.0	33.0	34.0	35.0	36.0	37.0
20211108_68_MYB-dTAG_VHL_48h_C_MP9454_S40_R2_001	15.0	425.0	3719.0	13456.0	30291.0	62271.0	123443.0	222566.0	369216.0	565627.0	783700.0	981474.0	1122874.0	1211019.0	1230273.0	1238698.0	1303682.0	1388640.0	1488350.0	1584463.0	1713095.0	1935035.0	2382020.0	3593933.0	7925662.0	19616521.0	900488.0
	13.0	14.0	15.0	16.0	17.0	18.0	19.0	20.0	21.0	22.0	23.0	24.0	25.0	26.0	27.0	28.0	29.0	30.0	31.0	32.0	33.0	34.0	35.0	36.0	37.0
20211108_69_MYB-dTAG_VHL_48h_D_MP9454_S41_R1_001	1.0	23.0	198.0	903.0	3013.0	8553.0	20440.0	48644.0	116122.0	248567.0	441920.0	665639.0	865276.0	998823.0	1109089.0	1258795.0	1464407.0	1714318.0	2043503.0	2531455.0	3472251.0	4579141.0	8251172.0	33012113.0	1234348.0
	11.0	12.0	13.0	14.0	15.0	16.0	17.0	18.0	19.0	20.0	21.0	22.0	23.0	24.0	25.0	26.0	27.0	28.0	29.0	30.0	31.0	32.0	33.0	34.0	35.0	36.0	37.0
20211108_69_MYB-dTAG_VHL_48h_D_MP9454_S41_R2_001	21.0	604.0	6349.0	24250.0	53178.0	101879.0	182234.0	291297.0	424297.0	585382.0	755605.0	906551.0	1001583.0	1036924.0	970707.0	884129.0	881783.0	930979.0	1028317.0	1164521.0	1384049.0	1754088.0	2438539.0	4106419.0	10065150.0	31557625.0	1552254.0
	12.0	13.0	14.0	15.0	16.0	17.0	18.0	19.0	20.0	21.0	22.0	23.0	24.0	25.0	26.0	27.0	28.0	29.0	30.0	31.0	32.0	33.0	34.0	35.0	36.0	37.0
20211108_6_MYB-dTAG_VHL_1h_A_MP9454_S80_R1_001	1.0	3.0	42.0	171.0	796.0	2532.0	6918.0	18835.0	48326.0	114769.0	225776.0	365753.0	503119.0	621781.0	719990.0	825794.0	958083.0	1141354.0	1367528.0	1652876.0	2036163.0	2605113.0	3891931.0	8482474.0	37121283.0	1776200.0
	11.0	12.0	13.0	14.0	15.0	16.0	17.0	18.0	19.0	20.0	21.0	22.0	23.0	24.0	25.0	26.0	27.0	28.0	29.0	30.0	31.0	32.0	33.0	34.0	35.0	36.0	37.0
20211108_6_MYB-dTAG_VHL_1h_A_MP9454_S80_R2_001	22.0	790.0	7405.0	21252.0	32494.0	42294.0	58845.0	88478.0	135897.0	209277.0	305939.0	418327.0	523401.0	605331.0	640629.0	672305.0	744327.0	838662.0	970613.0	1137910.0	1394605.0	1815019.0	2596631.0	4467283.0	11097990.0	34084950.0	1576935.0
	13.0	14.0	15.0	16.0	17.0	18.0	19.0	20.0	21.0	22.0	23.0	24.0	25.0	26.0	27.0	28.0	29.0	30.0	31.0	32.0	33.0	34.0	35.0	36.0	37.0
20211108_70_MYB-dTAG_VHL_48h_E_MP9454_S42_R1_001	4.0	19.0	168.0	730.0	2200.0	5682.0	13852.0	36154.0	91654.0	195704.0	345586.0	510243.0	663605.0	785149.0	905587.0	1058918.0	1267378.0	1523462.0	1876929.0	2552865.0	3338301.0	4175530.0	8479910.0	34514930.0	1194098.0
	11.0	12.0	13.0	14.0	15.0	16.0	17.0	18.0	19.0	20.0	21.0	22.0	23.0	24.0	25.0	26.0	27.0	28.0	29.0	30.0	31.0	32.0	33.0	34.0	35.0	36.0	37.0
20211108_70_MYB-dTAG_VHL_48h_E_MP9454_S42_R2_001	17.0	472.0	5620.0	19838.0	36008.0	54880.0	87965.0	140424.0	217155.0	317875.0	433983.0	551953.0	653275.0	726554.0	776081.0	826619.0	907671.0	1022655.0	1181310.0	1382981.0	1696815.0	2228155.0	3253612.0	5744827.0	13429400.0	26963693.0	878820.0
	13.0	14.0	15.0	16.0	17.0	18.0	19.0	20.0	21.0	22.0	23.0	24.0	25.0	26.0	27.0	28.0	29.0	30.0	31.0	32.0	33.0	34.0	35.0	36.0	37.0
20211108_7_MYB-dTAG_VHL_1h_B_MP9454_S81_R1_001	3.0	22.0	208.0	842.0	2785.0	7885.0	21007.0	53726.0	126883.0	257033.0	439694.0	642836.0	831935.0	968045.0	1073509.0	1191325.0	1350401.0	1537029.0	1780005.0	2116516.0	2744890.0	4052380.0	7644755.0	30300128.0	1458896.0
	11.0	12.0	13.0	14.0	15.0	16.0	17.0	18.0	19.0	20.0	21.0	22.0	23.0	24.0	25.0	26.0	27.0	28.0	29.0	30.0	31.0	32.0	33.0	34.0	35.0	36.0	37.0
20211108_7_MYB-dTAG_VHL_1h_B_MP9454_S81_R2_001	26.0	870.0	7759.0	20754.0	33276.0	53707.0	93906.0	161867.0	260746.0	392954.0	536171.0	667069.0	767650.0	839429.0	882541.0	914480.0	970644.0	1048265.0	1162973.0	1305878.0	1526259.0	1910194.0	2642040.0	4446076.0	10400841.0	26368828.0	1187535.0
	13.0	14.0	15.0	16.0	17.0	18.0	19.0	20.0	21.0	22.0	23.0	24.0	25.0	26.0	27.0	28.0	29.0	30.0	31.0	32.0	33.0	34.0	35.0	36.0	37.0
20211108_8_MYB-dTAG_VHL_1h_C_MP9454_S82_R1_001	4.0	34.0	216.0	813.0	2565.0	7441.0	19433.0	50336.0	118822.0	238722.0	399589.0	567198.0	717785.0	832226.0	932843.0	1053574.0	1220407.0	1431894.0	1749879.0	2590719.0	2989864.0	3776623.0	7463969.0	31514316.0	1422626.0
	10.0	11.0	12.0	13.0	14.0	15.0	16.0	17.0	18.0	19.0	20.0	21.0	22.0	23.0	24.0	25.0	26.0	27.0	28.0	29.0	30.0	31.0	32.0	33.0	34.0	35.0	36.0	37.0
20211108_8_MYB-dTAG_VHL_1h_C_MP9454_S82_R2_001	1.0	12.0	325.0	3165.0	10440.0	20846.0	34471.0	57327.0	95820.0	155467.0	243829.0	351488.0	466026.0	568259.0	636383.0	666941.0	715854.0	793546.0	885320.0	1010683.0	1163150.0	1393148.0	1782944.0	2505850.0	4266227.0	10416782.0	29550976.0	1306618.0
	13.0	14.0	15.0	16.0	17.0	18.0	19.0	20.0	21.0	22.0	23.0	24.0	25.0	26.0	27.0	28.0	29.0	30.0	31.0	32.0	33.0	34.0	35.0	36.0	37.0
20211108_9_MYB-dTAG_VHL_1h_D_MP9454_S83_R1_001	1.0	34.0	217.0	947.0	3161.0	9890.0	29653.0	83993.0	204523.0	413502.0	690108.0	961029.0	1194461.0	1388368.0	1578191.0	1814528.0	2131156.0	2512954.0	3003205.0	3689740.0	5057252.0	7663546.0	13299988.0	49621002.0	2507646.0
	11.0	12.0	13.0	14.0	15.0	16.0	17.0	18.0	19.0	20.0	21.0	22.0	23.0	24.0	25.0	26.0	27.0	28.0	29.0	30.0	31.0	32.0	33.0	34.0	35.0	36.0	37.0
20211108_9_MYB-dTAG_VHL_1h_D_MP9454_S83_R2_001	27.0	666.0	5916.0	18430.0	38233.0	76793.0	150132.0	268537.0	444162.0	675475.0	919866.0	1125811.0	1265778.0	1338186.0	1347734.0	1380820.0	1478017.0	1618977.0	1819962.0	2084777.0	2481924.0	3159149.0	4422823.0	7491752.0	17112623.0	44858175.0	2274350.0

