MV411	chr14_GL000194v1_random
E1	E2	E3	E4	E5	E6	E7	E8
0.0156	0	0	0.9843	0.0001	0	0	0
0.0024	0.0001	0.0004	0.9971	0	0	0	0
0.0009	0.0001	0.0005	0.9985	0	0	0	0
0.0008	0.0001	0.0006	0.9986	0	0	0	0
0.0007	0.0001	0.0006	0.9985	0	0	0	0
0.0007	0.0001	0.0007	0.9984	0	0	0	0
0.0008	0.0002	0.0008	0.9982	0	0	0	0
0.0009	0.0003	0.0009	0.9979	0	0	0	0
0.0016	0.0005	0.001	0.9969	0	0	0	0
0.0078	0.0009	0.001	0.9903	0	0	0	0
0.0628	0.0014	0.0006	0.9352	0	0	0	0
0.0078	0.0009	0.0012	0.9902	0	0	0	0
0.0016	0.0005	0.0012	0.9967	0	0	0	0
0.0009	0.0003	0.0012	0.9977	0	0	0	0
0.0008	0.0002	0.0011	0.9979	0	0	0	0
0.0007	0.0001	0.001	0.9981	0	0	0	0
0.0007	0.0001	0.001	0.9982	0	0	0	0
0.0007	0.0001	0.0009	0.9982	0	0	0	0
0.0007	0.0001	0.0009	0.9983	0	0	0	0
0.0007	0.0001	0.0008	0.9984	0	0	0	0
0.0007	0.0001	0.0008	0.9984	0	0	0	0
0.0007	0.0001	0.0008	0.9984	0	0	0	0
0.0007	0.0001	0.0007	0.9985	0	0	0	0
0.0007	0.0001	0.0007	0.9985	0	0	0	0
0.0007	0.0001	0.0007	0.9985	0	0	0	0
0.0007	0.0001	0.0007	0.9985	0	0	0	0
0.0007	0.0001	0.0007	0.9986	0	0	0	0
0.0007	0.0001	0.0006	0.9986	0	0	0	0
0.0007	0.0001	0.0006	0.9986	0	0	0	0
0.0007	0.0001	0.0006	0.9986	0	0	0	0
0.0007	0.0001	0.0006	0.9986	0	0	0	0
0.0007	0.0001	0.0006	0.9986	0	0	0	0
0.0007	0.0001	0.0006	0.9986	0	0	0	0
0.0007	0.0001	0.0006	0.9986	0	0	0	0
0.0007	0.0001	0.0006	0.9986	0	0	0	0
0.0007	0.0001	0.0006	0.9986	0	0	0	0
0.0007	0.0001	0.0006	0.9986	0	0	0	0
0.0007	0.0001	0.0007	0.9985	0	0	0	0
0.0007	0.0001	0.0007	0.9985	0	0	0	0
0.0007	0.0001	0.0007	0.9985	0	0	0	0
0.0007	0.0001	0.0007	0.9985	0	0	0	0
0.0007	0.0001	0.0008	0.9984	0	0	0	0
0.0007	0.0001	0.0008	0.9984	0	0	0	0
0.0007	0.0001	0.0008	0.9984	0	0	0	0
0.0007	0.0001	0.0009	0.9983	0	0	0	0
0.0007	0.0001	0.0009	0.9983	0	0	0	0
0.0007	0.0001	0.001	0.9982	0	0	0	0
0.0007	0.0001	0.001	0.9981	0	0	0	0
0.0007	0.0001	0.0011	0.9981	0	0	0	0
0.0008	0.0001	0.0012	0.9979	0	0	0	0
0.0008	0.0002	0.0012	0.9978	0	0	0	0
0.0009	0.0003	0.0013	0.9975	0	0	0	0
0.0016	0.0005	0.0014	0.9965	0	0	0	0
0.0078	0.001	0.0014	0.9898	0	0	0	0
0.0631	0.0014	0.0008	0.9346	0	0	0	0
0.0078	0.0009	0.0015	0.9897	0	0	0	0
0.0016	0.0005	0.0016	0.9963	0	0	0	0
0.0009	0.0003	0.0016	0.9973	0	0	0	0
0.0008	0.0002	0.0015	0.9975	0	0	0	0
0.0008	0.0001	0.0014	0.9977	0	0	0	0
0.0007	0.0001	0.0014	0.9978	0	0	0	0
0.0007	0.0001	0.0013	0.9978	0	0	0	0
0.0007	0.0001	0.0013	0.9979	0	0	0	0
0.0007	0.0001	0.0012	0.9979	0	0	0	0
0.0007	0.0001	0.0012	0.998	0	0	0	0
0.0007	0.0001	0.0012	0.998	0	0	0	0
0.0007	0.0001	0.0012	0.998	0	0	0	0
0.0007	0.0001	0.0012	0.998	0	0	0	0
0.0007	0.0001	0.0012	0.998	0	0	0	0
0.0007	0.0001	0.0012	0.998	0	0	0	0
0.0007	0.0001	0.0012	0.998	0	0	0	0
0.0007	0.0001	0.0012	0.998	0	0	0	0
0.0007	0.0001	0.0012	0.998	0	0	0	0
0.0007	0.0001	0.0012	0.998	0	0	0	0
0.0007	0.0001	0.0012	0.9979	0	0	0	0
0.0007	0.0001	0.0013	0.9979	0	0	0	0
0.0007	0.0001	0.0013	0.9978	0	0	0	0
0.0007	0.0001	0.0014	0.9978	0	0	0	0
0.0007	0.0001	0.0014	0.9977	0	0	0	0
0.0008	0.0001	0.0015	0.9976	0	0	0	0
0.0008	0.0002	0.0016	0.9974	0	0	0	0
0.0009	0.0003	0.0017	0.9971	0	0	0	0
0.0016	0.0006	0.0017	0.9961	0	0	0	0
0.0078	0.001	0.0017	0.9895	0	0	0	0
0.0632	0.0015	0.0011	0.9342	0	0	0	0
0.0078	0.001	0.0018	0.9894	0	0	0	0
0.0016	0.0006	0.0019	0.996	0	0	0	0
0.0009	0.0003	0.0019	0.9969	0	0	0	0
0.0008	0.0002	0.0018	0.9972	0	0	0	0
0.0008	0.0001	0.0017	0.9974	0	0	0	0
0.0008	0.0001	0.0017	0.9975	0	0	0	0
0.0007	0.0001	0.0016	0.9975	0	0	0	0
0.0007	0.0001	0.0016	0.9976	0	0	0	0
0.0007	0.0001	0.0016	0.9976	0	0	0	0
0.0007	0.0001	0.0015	0.9976	0	0	0	0
0.0007	0.0001	0.0015	0.9977	0	0	0	0
0.0007	0.0001	0.0015	0.9977	0	0	0	0
0.0007	0.0001	0.0015	0.9977	0	0	0	0
0.0007	0.0001	0.0015	0.9977	0	0	0	0
0.0007	0.0001	0.0015	0.9977	0	0	0	0
0.0007	0.0001	0.0015	0.9976	0	0	0	0
0.0007	0.0001	0.0016	0.9976	0	0	0	0
0.0007	0.0001	0.0016	0.9975	0	0	0	0
0.0008	0.0001	0.0017	0.9974	0	0	0	0
0.0008	0.0002	0.0017	0.9973	0	0	0	0
0.0009	0.0003	0.0017	0.9971	0	0	0	0
0.0016	0.0006	0.0018	0.9961	0	0	0	0
0.0078	0.001	0.0017	0.9895	0	0	0	0
0.0631	0.0014	0.0009	0.9345	0	0	0	0
0.0078	0.0009	0.0015	0.9898	0	0	0	0
0.0016	0.0005	0.0015	0.9964	0	0	0	0
0.0009	0.0003	0.0014	0.9974	0	0	0	0
0.0008	0.0002	0.0013	0.9977	0	0	0	0
0.0008	0.0001	0.0012	0.9979	0	0	0	0
0.0007	0.0001	0.0011	0.998	0	0	0	0
0.0007	0.0001	0.001	0.9981	0	0	0	0
0.0007	0.0001	0.001	0.9982	0	0	0	0
0.0007	0.0001	0.0009	0.9983	0	0	0	0
0.0007	0.0001	0.0008	0.9984	0	0	0	0
0.0007	0.0001	0.0008	0.9984	0	0	0	0
0.0007	0.0001	0.0007	0.9985	0	0	0	0
0.0007	0.0001	0.0007	0.9985	0	0	0	0
0.0007	0.0001	0.0007	0.9985	0	0	0	0
0.0007	0.0001	0.0006	0.9986	0	0	0	0
0.0007	0.0001	0.0006	0.9986	0	0	0	0
0.0007	0.0001	0.0006	0.9986	0	0	0	0
0.0007	0.0001	0.0005	0.9987	0	0	0	0
0.0007	0.0001	0.0005	0.9987	0	0	0	0
0.0007	0.0001	0.0005	0.9987	0	0	0	0
0.0007	0.0001	0.0005	0.9987	0	0	0	0
0.0007	0.0001	0.0005	0.9988	0	0	0	0
0.0007	0	0.0004	0.9988	0	0	0	0
0.0007	0	0.0004	0.9988	0	0	0	0
0.0007	0	0.0004	0.9988	0	0	0	0
0.0007	0	0.0004	0.9988	0	0	0	0
0.0007	0	0.0004	0.9988	0	0	0	0
0.0007	0	0.0004	0.9988	0	0	0	0
0.0007	0	0.0004	0.9988	0	0	0	0
0.0007	0	0.0004	0.9989	0	0	0	0
0.0007	0	0.0004	0.9989	0	0	0	0
0.0007	0	0.0004	0.9989	0	0	0	0
0.0007	0	0.0004	0.9989	0	0	0	0
0.0007	0	0.0003	0.9989	0	0	0	0
0.0007	0	0.0003	0.9989	0	0	0	0
0.0007	0	0.0003	0.9989	0	0	0	0
0.0007	0	0.0003	0.9989	0	0	0	0
0.0007	0	0.0003	0.9989	0	0	0	0
0.0007	0	0.0003	0.9989	0	0	0	0
0.0007	0	0.0003	0.9989	0	0	0	0
0.0007	0	0.0003	0.9989	0	0	0	0
0.0007	0	0.0003	0.9989	0	0	0	0
0.0007	0	0.0003	0.9989	0	0	0	0
0.0007	0	0.0003	0.9989	0	0	0	0
0.0007	0	0.0003	0.9989	0	0	0	0
0.0007	0	0.0003	0.9989	0	0	0	0
0.0007	0	0.0003	0.9989	0	0	0	0
0.0007	0	0.0003	0.9989	0	0	0	0
0.0007	0	0.0003	0.9989	0	0	0	0
0.0007	0	0.0003	0.9989	0	0	0	0
0.0007	0	0.0003	0.9989	0	0	0	0
0.0007	0	0.0003	0.9989	0	0	0	0
0.0007	0	0.0003	0.9989	0	0	0	0
0.0007	0	0.0003	0.9989	0	0	0	0
0.0007	0	0.0003	0.9989	0	0	0	0
0.0007	0	0.0003	0.9989	0	0	0	0
0.0007	0	0.0003	0.9989	0	0	0	0
0.0007	0	0.0003	0.9989	0	0	0	0
0.0007	0	0.0003	0.9989	0	0	0	0
0.0007	0	0.0003	0.9989	0	0	0	0
0.0007	0	0.0003	0.9989	0	0	0	0
0.0007	0	0.0003	0.9989	0	0	0	0
0.0007	0	0.0003	0.9989	0	0	0	0
0.0007	0	0.0003	0.9989	0	0	0	0
0.0007	0	0.0003	0.9989	0	0	0	0
0.0007	0	0.0003	0.9989	0	0	0	0
0.0007	0	0.0003	0.9989	0	0	0	0
0.0007	0	0.0003	0.9989	0	0	0	0
0.0007	0	0.0003	0.9989	0	0	0	0
0.0007	0	0.0003	0.9989	0	0	0	0
0.0007	0	0.0003	0.9989	0	0	0	0
0.0007	0	0.0003	0.9989	0	0	0	0
0.0007	0	0.0003	0.9989	0	0	0	0
0.0007	0	0.0003	0.9989	0	0	0	0
0.0007	0	0.0003	0.9989	0	0	0	0
0.0007	0	0.0003	0.9989	0	0	0	0
0.0007	0	0.0003	0.9989	0	0	0	0
0.0007	0	0.0003	0.9989	0	0	0	0
0.0007	0	0.0003	0.9989	0	0	0	0
0.0007	0	0.0003	0.9989	0	0	0	0
0.0007	0	0.0003	0.9989	0	0	0	0
0.0007	0	0.0003	0.9989	0	0	0	0
0.0007	0	0.0003	0.9989	0	0	0	0
0.0007	0	0.0003	0.9989	0	0	0	0
0.0007	0	0.0003	0.9989	0	0	0	0
0.0007	0	0.0003	0.9989	0	0	0	0
0.0007	0	0.0003	0.9989	0	0	0	0
0.0007	0	0.0003	0.9989	0	0	0	0
0.0007	0	0.0003	0.9989	0	0	0	0
0.0007	0	0.0003	0.9989	0	0	0	0
0.0007	0	0.0003	0.9989	0	0	0	0
0.0007	0	0.0003	0.9989	0	0	0	0
0.0007	0	0.0003	0.9989	0	0	0	0
0.0007	0	0.0003	0.9989	0	0	0	0
0.0007	0	0.0003	0.9989	0	0	0	0
0.0007	0	0.0003	0.9989	0	0	0	0
0.0007	0	0.0003	0.9989	0	0	0	0
0.0007	0	0.0003	0.9989	0	0	0	0
0.0007	0	0.0003	0.9989	0	0	0	0
0.0007	0	0.0003	0.9989	0	0	0	0
0.0007	0	0.0003	0.9989	0	0	0	0
0.0007	0	0.0003	0.9989	0	0	0	0
0.0007	0	0.0003	0.9989	0	0	0	0
0.0007	0	0.0003	0.9989	0	0	0	0
0.0007	0	0.0003	0.9989	0	0	0	0
0.0007	0	0.0003	0.9989	0	0	0	0
0.0007	0	0.0003	0.9989	0	0	0	0
0.0007	0	0.0003	0.9989	0	0	0	0
0.0007	0	0.0003	0.9989	0	0	0	0
0.0007	0	0.0003	0.9989	0	0	0	0
0.0007	0	0.0003	0.9989	0	0	0	0
0.0007	0	0.0003	0.9989	0	0	0	0
0.0007	0	0.0003	0.9989	0	0	0	0
0.0007	0	0.0003	0.9989	0	0	0	0
0.0007	0	0.0003	0.9989	0	0	0	0
0.0007	0	0.0003	0.9989	0	0	0	0
0.0007	0	0.0003	0.9989	0	0	0	0
0.0007	0	0.0003	0.9989	0	0	0	0
0.0007	0	0.0003	0.9989	0	0	0	0
0.0007	0	0.0003	0.9989	0	0	0	0
0.0007	0	0.0003	0.9989	0	0	0	0
0.0007	0	0.0003	0.9989	0	0	0	0
0.0007	0	0.0003	0.9989	0	0	0	0
0.0007	0	0.0003	0.9989	0	0	0	0
0.0007	0	0.0003	0.9989	0	0	0	0
0.0007	0	0.0003	0.9989	0	0	0	0
0.0007	0	0.0003	0.9989	0	0	0	0
0.0007	0	0.0003	0.9989	0	0	0	0
0.0007	0	0.0003	0.9989	0	0	0	0
0.0007	0	0.0003	0.9989	0	0	0	0
0.0007	0	0.0003	0.9989	0	0	0	0
0.0007	0	0.0003	0.9989	0	0	0	0
0.0007	0	0.0003	0.9989	0	0	0	0
0.0007	0	0.0003	0.9989	0	0	0	0
0.0007	0	0.0003	0.9989	0	0	0	0
0.0007	0	0.0003	0.9989	0	0	0	0
0.0007	0	0.0003	0.9989	0	0	0	0
0.0007	0	0.0003	0.9989	0	0	0	0
0.0007	0	0.0003	0.9989	0	0	0	0
0.0007	0	0.0003	0.9989	0	0	0	0
0.0007	0	0.0003	0.9989	0	0	0	0
0.0007	0	0.0003	0.9989	0	0	0	0
0.0007	0	0.0003	0.9989	0	0	0	0
0.0007	0	0.0003	0.9989	0	0	0	0
0.0007	0	0.0003	0.9989	0	0	0	0
0.0007	0	0.0003	0.9989	0	0	0	0
0.0007	0	0.0003	0.9989	0	0	0	0
0.0007	0	0.0003	0.9989	0	0	0	0
0.0007	0	0.0003	0.9989	0	0	0	0
0.0007	0	0.0003	0.9989	0	0	0	0
0.0007	0	0.0003	0.9989	0	0	0	0
0.0007	0	0.0003	0.9989	0	0	0	0
0.0007	0	0.0003	0.9989	0	0	0	0
0.0007	0	0.0003	0.9989	0	0	0	0
0.0007	0	0.0003	0.9989	0	0	0	0
0.0007	0	0.0003	0.9989	0	0	0	0
0.0007	0	0.0003	0.9989	0	0	0	0
0.0007	0	0.0003	0.9989	0	0	0	0
0.0007	0	0.0003	0.9989	0	0	0	0
0.0007	0	0.0003	0.9989	0	0	0	0
0.0007	0	0.0003	0.9989	0	0	0	0
0.0007	0	0.0003	0.9989	0	0	0	0
0.0007	0	0.0003	0.9989	0	0	0	0
0.0007	0	0.0003	0.9989	0	0	0	0
0.0007	0	0.0003	0.9989	0	0	0	0
0.0007	0	0.0003	0.9989	0	0	0	0
0.0007	0	0.0003	0.9989	0	0	0	0
0.0007	0	0.0003	0.9989	0	0	0	0
0.0007	0	0.0003	0.9989	0	0	0	0
0.0007	0	0.0003	0.9989	0	0	0	0
0.0007	0	0.0004	0.9989	0	0	0	0
0.0007	0	0.0004	0.9989	0	0	0	0
0.0007	0	0.0004	0.9989	0	0	0	0
0.0007	0	0.0004	0.9988	0	0	0	0
0.0007	0	0.0004	0.9988	0	0	0	0
0.0007	0	0.0004	0.9988	0	0	0	0
0.0007	0	0.0004	0.9988	0	0	0	0
0.0007	0	0.0004	0.9988	0	0	0	0
0.0007	0.0001	0.0004	0.9988	0	0	0	0
0.0007	0.0001	0.0004	0.9988	0	0	0	0
0.0007	0.0001	0.0005	0.9988	0	0	0	0
0.0007	0.0001	0.0005	0.9987	0	0	0	0
0.0007	0.0001	0.0005	0.9987	0	0	0	0
0.0007	0.0001	0.0005	0.9987	0	0	0	0
0.0007	0.0001	0.0005	0.9987	0	0	0	0
0.0007	0.0001	0.0006	0.9987	0	0	0	0
0.0007	0.0001	0.0006	0.9986	0	0	0	0
0.0007	0.0001	0.0006	0.9986	0	0	0	0
0.0007	0.0001	0.0006	0.9986	0	0	0	0
0.0007	0.0001	0.0007	0.9985	0	0	0	0
0.0007	0.0001	0.0007	0.9985	0	0	0	0
0.0007	0.0001	0.0008	0.9984	0	0	0	0
0.0007	0.0001	0.0008	0.9984	0	0	0	0
0.0007	0.0001	0.0009	0.9983	0	0	0	0
0.0007	0.0001	0.0009	0.9983	0	0	0	0
0.0007	0.0001	0.001	0.9982	0	0	0	0
0.0007	0.0001	0.0011	0.9981	0	0	0	0
0.0007	0.0001	0.0011	0.998	0	0	0	0
0.0007	0.0001	0.0012	0.9979	0	0	0	0
0.0008	0.0001	0.0013	0.9978	0	0	0	0
0.0008	0.0001	0.0015	0.9977	0	0	0	0
0.0008	0.0001	0.0016	0.9976	0	0	0	0
0.0008	0.0001	0.0017	0.9974	0	0	0	0
0.0008	0.0001	0.0019	0.9973	0	0	0	0
0.0008	0.0001	0.002	0.9971	0	0	0	0
0.0008	0.0001	0.0022	0.9969	0	0	0	0
0.0008	0.0001	0.0024	0.9967	0	0	0	0
0.0008	0.0001	0.0026	0.9965	0	0	0	0
0.0008	0.0001	0.0029	0.9962	0	0	0	0
0.0008	0.0001	0.0032	0.9959	0	0	0	0
0.0008	0.0001	0.0035	0.9956	0	0	0	0
0.0008	0.0001	0.0038	0.9952	0	0	0	0
0.0008	0.0001	0.0042	0.9948	0	0	0	0
0.0008	0.0001	0.0046	0.9944	0	0	0	0
0.0008	0.0001	0.0051	0.9939	0	0	0	0
0.0009	0.0002	0.0056	0.9934	0	0	0	0
0.0009	0.0002	0.0062	0.9928	0	0	0	0
0.0009	0.0002	0.0068	0.9921	0	0	0	0
0.0009	0.0002	0.0075	0.9914	0	0	0	0
0.0009	0.0002	0.0082	0.9906	0	0	0	0
0.001	0.0002	0.0091	0.9897	0	0	0	0
0.001	0.0003	0.01	0.9887	0	0.0001	0	0
0.001	0.0003	0.0111	0.9876	0	0.0001	0	0
0.001	0.0003	0.0122	0.9864	0	0.0001	0	0
0.0011	0.0003	0.0135	0.985	0	0.0001	0	0
0.0011	0.0004	0.0149	0.9835	0	0.0001	0	0
0.0011	0.0004	0.0165	0.9819	0	0.0001	0	0
0.0012	0.0004	0.0182	0.9801	0	0.0001	0	0
0.0012	0.0005	0.0201	0.9781	0	0.0001	0	0
0.0013	0.0005	0.0222	0.9758	0	0.0001	0	0
0.0014	0.0006	0.0246	0.9734	0	0.0001	0	0
0.0014	0.0006	0.0271	0.9706	0	0.0001	0	0
0.0015	0.0007	0.03	0.9676	0	0.0002	0	0
0.0016	0.0007	0.0332	0.9643	0	0.0002	0	0
0.0017	0.0008	0.0367	0.9606	0	0.0002	0	0
0.0018	0.0009	0.0406	0.9565	0	0.0002	0	0
0.0019	0.001	0.0449	0.9519	0	0.0002	0	0
0.002	0.0011	0.0497	0.9469	0	0.0003	0	0
0.0021	0.0012	0.055	0.9413	0	0.0003	0	0
0.0023	0.0013	0.0608	0.9352	0	0.0003	0	0
0.0025	0.0015	0.0673	0.9284	0	0.0004	0	0
0.0027	0.0016	0.0744	0.9208	0	0.0004	0	0
0.0029	0.0018	0.0824	0.9125	0	0.0004	0	0
0.0031	0.002	0.0911	0.9032	0	0.0005	0	0
0.0033	0.0022	0.1008	0.893	0	0.0005	0	0.0001
0.0036	0.0024	0.1116	0.8817	0	0.0006	0	0.0001
0.0039	0.0027	0.1235	0.8691	0	0.0007	0	0.0001
0.0043	0.003	0.1367	0.8552	0	0.0007	0	0.0001
0.0047	0.0034	0.1512	0.8398	0	0.0008	0	0.0001
0.0051	0.0038	0.1674	0.8227	0	0.0009	0	0.0001
0.0056	0.0044	0.1852	0.8037	0	0.001	0	0.0001
0.0061	0.0052	0.2049	0.7825	0	0.0011	0.0001	0.0001
0.0067	0.0063	0.2267	0.7588	0	0.0013	0.0001	0.0001
0.0074	0.0082	0.2508	0.732	0	0.0014	0.0001	0.0001
0.0078	0.0113	0.2773	0.7017	0	0.0016	0.0001	0.0002
0.0038	0.0171	0.3074	0.6711	0	0.0005	0.0001	0
0	0.0206	0.0046	0.6623	0	0.001	0.0003	0.3111
0.0023	0.011	0.3157	0.6705	0	0.0004	0.0001	0
0.0067	0.0073	0.2887	0.696	0	0.0011	0.0001	0.0002
0.0065	0.0054	0.2648	0.722	0	0.001	0.0001	0.0001
0.0059	0.0043	0.2432	0.7455	0	0.0009	0.0001	0.0001
0.0054	0.0035	0.2236	0.7664	0	0.0008	0.0001	0.0001
0.0049	0.003	0.2059	0.7852	0	0.0008	0	0.0001
0.0045	0.0027	0.1899	0.8021	0	0.0007	0	0.0001
0.0042	0.0024	0.1754	0.8173	0	0.0006	0	0.0001
0.0038	0.0021	0.1623	0.831	0	0.0006	0	0.0001
0.0035	0.0019	0.1505	0.8434	0	0.0006	0	0.0001
0.0032	0.0017	0.1398	0.8546	0	0.0005	0	0.0001
0.003	0.0016	0.1302	0.8647	0	0.0005	0	0.0001
0.0028	0.0014	0.1215	0.8738	0	0.0004	0	0.0001
0.0026	0.0013	0.1136	0.882	0	0.0004	0	0.0001
0.0024	0.0012	0.1065	0.8895	0	0.0004	0	0.0001
0.0022	0.0011	0.1001	0.8962	0	0.0004	0	0.0001
0.0021	0.001	0.0943	0.9022	0	0.0003	0	0.0001
0.002	0.0009	0.0891	0.9077	0	0.0003	0	0
0.0018	0.0008	0.0843	0.9126	0	0.0003	0	0
0.0017	0.0008	0.0801	0.9171	0	0.0003	0	0
0.0016	0.0007	0.0762	0.9211	0	0.0003	0	0
0.0015	0.0007	0.0728	0.9247	0	0.0002	0	0
0.0015	0.0006	0.0697	0.928	0	0.0002	0	0
0.0014	0.0006	0.0668	0.9309	0	0.0002	0	0
0.0013	0.0005	0.0643	0.9336	0	0.0002	0	0
0.0013	0.0005	0.062	0.936	0	0.0002	0	0
0.0012	0.0005	0.06	0.9381	0	0.0002	0	0
0.0012	0.0004	0.0581	0.94	0	0.0002	0	0
0.0011	0.0004	0.0565	0.9418	0	0.0002	0	0
0.0011	0.0004	0.055	0.9433	0	0.0002	0	0
0.0011	0.0004	0.0537	0.9447	0	0.0002	0	0
0.001	0.0003	0.0525	0.9459	0	0.0002	0	0
0.001	0.0003	0.0515	0.947	0	0.0002	0	0
0.001	0.0003	0.0506	0.948	0	0.0002	0	0
0.001	0.0003	0.0498	0.9488	0	0.0002	0	0
0.0009	0.0003	0.049	0.9495	0	0.0002	0	0
0.0009	0.0003	0.0484	0.9502	0	0.0001	0	0
0.0009	0.0003	0.0479	0.9507	0	0.0001	0	0
0.0009	0.0003	0.0475	0.9512	0	0.0001	0	0
0.0009	0.0003	0.0471	0.9515	0	0.0001	0	0
0.0009	0.0003	0.0469	0.9518	0	0.0001	0	0
0.0009	0.0003	0.0467	0.952	0	0.0001	0	0
0.0009	0.0003	0.0465	0.9522	0	0.0001	0	0
0.0009	0.0003	0.0465	0.9522	0	0.0001	0	0
0.0009	0.0003	0.0465	0.9522	0	0.0001	0	0
0.0009	0.0003	0.0466	0.9521	0	0.0001	0	0
0.0009	0.0003	0.0467	0.952	0	0.0001	0	0
0.0009	0.0003	0.0469	0.9517	0	0.0001	0	0
0.0009	0.0003	0.0472	0.9514	0	0.0001	0	0
0.0009	0.0003	0.0476	0.951	0	0.0002	0	0
0.0009	0.0003	0.048	0.9505	0	0.0002	0	0
0.0009	0.0003	0.0486	0.95	0	0.0002	0	0
0.001	0.0003	0.0492	0.9493	0	0.0002	0	0
0.001	0.0003	0.0499	0.9485	0	0.0002	0	0
0.001	0.0004	0.0508	0.9477	0	0.0002	0	0
0.001	0.0004	0.0517	0.9467	0	0.0002	0	0
0.001	0.0004	0.0528	0.9455	0	0.0002	0	0
0.0011	0.0004	0.054	0.9442	0	0.0002	0	0
0.0011	0.0005	0.0554	0.9428	0	0.0002	0	0
0.0012	0.0005	0.0569	0.9412	0	0.0002	0	0
0.0012	0.0005	0.0586	0.9394	0	0.0002	0	0
0.0012	0.0006	0.0605	0.9374	0	0.0002	0	0
0.0013	0.0006	0.0626	0.9352	0	0.0002	0	0
0.0014	0.0007	0.0649	0.9328	0	0.0002	0	0
0.0014	0.0007	0.0675	0.93	0	0.0003	0	0
0.0015	0.0008	0.0704	0.927	0	0.0003	0	0
0.0016	0.0009	0.0736	0.9236	0	0.0003	0	0
0.0017	0.0009	0.0772	0.9198	0	0.0003	0	0
0.0018	0.001	0.0811	0.9157	0	0.0003	0	0
0.0019	0.0011	0.0855	0.9111	0	0.0004	0	0
0.002	0.0012	0.0903	0.906	0	0.0004	0	0.0001
0.0022	0.0013	0.0957	0.9003	0	0.0004	0	0.0001
0.0023	0.0014	0.1016	0.8941	0	0.0004	0	0.0001
0.0025	0.0016	0.1082	0.8871	0	0.0005	0	0.0001
0.0027	0.0017	0.1155	0.8794	0	0.0005	0	0.0001
0.0029	0.0019	0.1236	0.8709	0	0.0006	0	0.0001
0.0031	0.0021	0.1325	0.8615	0	0.0006	0	0.0001
0.0034	0.0023	0.1424	0.8511	0	0.0007	0	0.0001
0.0037	0.0025	0.1534	0.8396	0	0.0007	0	0.0001
0.004	0.0028	0.1655	0.8268	0	0.0008	0	0.0001
0.0043	0.0031	0.179	0.8126	0	0.0009	0	0.0001
0.0047	0.0034	0.1938	0.797	0	0.0009	0	0.0001
0.0051	0.0038	0.2103	0.7796	0	0.001	0	0.0001
0.0056	0.0041	0.2285	0.7604	0	0.0011	0	0.0001
0.0061	0.0046	0.2487	0.7392	0	0.0012	0.0001	0.0001
0.0067	0.0051	0.271	0.7156	0	0.0014	0.0001	0.0002
0.0074	0.0056	0.2957	0.6896	0	0.0015	0.0001	0.0002
0.0081	0.0062	0.3231	0.6608	0	0.0016	0.0001	0.0002
0.0089	0.0068	0.3534	0.6289	0	0.0018	0.0001	0.0002
0.0097	0.0075	0.3869	0.5936	0	0.002	0.0001	0.0002
0.0107	0.0083	0.424	0.5544	0	0.0022	0.0001	0.0002
0.0118	0.0092	0.4651	0.5112	0	0.0024	0.0001	0.0003
0.013	0.0102	0.5105	0.4632	0	0.0026	0.0001	0.0003
0.0143	0.0114	0.5609	0.4101	0	0.0029	0.0001	0.0003
0.0157	0.0127	0.6166	0.3513	0	0.0032	0.0001	0.0003
0.0173	0.0143	0.6782	0.2861	0	0.0036	0.0002	0.0004
0.019	0.0162	0.7464	0.2139	0	0.0039	0.0002	0.0004
0.0195	0.0187	0.8219	0.1348	0	0.0044	0.0002	0.0005
0.0079	0.023	0.908	0.0601	0	0.0009	0.0001	0
0	0.0095	0.0125	0.0545	0	0.002	0.0001	0.9213
0.0003	0.0056	0.9381	0.0551	0	0.0009	0	0
0.0008	0.004	0.9346	0.0572	0	0.0027	0	0.0006
0.0008	0.0033	0.9333	0.0594	0	0.0026	0	0.0006
0.0008	0.0028	0.9319	0.0613	0	0.0026	0	0.0006
0.0008	0.0026	0.9305	0.063	0	0.0026	0	0.0005
0.0007	0.0024	0.9292	0.0644	0	0.0026	0	0.0005
0.0007	0.0023	0.9281	0.0657	0	0.0026	0	0.0005
0.0007	0.0023	0.9271	0.0669	0	0.0026	0	0.0005
0.0006	0.0022	0.9261	0.0678	0	0.0026	0	0.0005
0.0006	0.0022	0.9253	0.0687	0	0.0026	0	0.0005
0.0006	0.0022	0.9247	0.0694	0	0.0026	0	0.0005
0.0006	0.0022	0.9241	0.07	0	0.0026	0	0.0005
0.0006	0.0022	0.9237	0.0705	0	0.0026	0	0.0005
0.0006	0.0022	0.9233	0.0708	0	0.0026	0	0.0005
0.0006	0.0021	0.9231	0.0711	0	0.0026	0	0.0005
0.0006	0.0021	0.9229	0.0712	0	0.0026	0	0.0005
0.0006	0.0022	0.9229	0.0713	0	0.0026	0	0.0005
0.0006	0.0022	0.9229	0.0712	0	0.0026	0	0.0005
0.0006	0.0022	0.9231	0.0711	0	0.0026	0	0.0005
0.0006	0.0022	0.9233	0.0708	0	0.0026	0	0.0005
0.0006	0.0022	0.9236	0.0705	0	0.0026	0	0.0005
0.0006	0.0022	0.9241	0.07	0	0.0026	0	0.0005
0.0006	0.0022	0.9247	0.0694	0	0.0026	0	0.0005
0.0006	0.0022	0.9253	0.0687	0	0.0026	0	0.0005
0.0006	0.0022	0.9261	0.0678	0	0.0026	0	0.0005
0.0007	0.0023	0.927	0.0668	0	0.0026	0	0.0005
0.0007	0.0023	0.9281	0.0657	0	0.0026	0	0.0005
0.0007	0.0023	0.9293	0.0644	0	0.0026	0	0.0005
0.0008	0.0024	0.9307	0.063	0	0.0026	0	0.0005
0.0008	0.0025	0.9322	0.0613	0	0.0026	0	0.0006
0.0008	0.0026	0.9339	0.0594	0	0.0027	0	0.0006
0.0009	0.0028	0.9358	0.0573	0	0.0027	0	0.0006
0.001	0.003	0.9377	0.055	0	0.0027	0	0.0006
0.001	0.0035	0.9398	0.0523	0	0.0028	0	0.0006
0.0011	0.0043	0.9419	0.0492	0	0.0028	0	0.0006
0.0013	0.0057	0.9439	0.0456	0	0.003	0	0.0006
0.0014	0.0081	0.9454	0.0413	0	0.0032	0.0001	0.0006
0.0016	0.0125	0.9458	0.036	0	0.0035	0.0001	0.0006
0.0019	0.0202	0.9441	0.029	0	0.0042	0.0001	0.0006
0.0014	0.0341	0.9412	0.02	0	0.003	0.0002	0
0	0.0563	0.0204	0.0115	0	0.0029	0.0005	0.9083
0.0019	0.0321	0.9407	0.0237	0	0.0014	0.0001	0
0.0037	0.0203	0.9318	0.0404	0	0.0031	0.0001	0.0005
0.0034	0.0142	0.9237	0.0551	0	0.003	0.0001	0.0005
0.003	0.0114	0.9147	0.0674	0	0.0029	0.0001	0.0005
0.0027	0.0106	0.9054	0.0778	0	0.003	0.0001	0.0005
0.0025	0.0116	0.8953	0.0868	0	0.0032	0.0001	0.0005
0.0025	0.0147	0.8839	0.0948	0	0.0035	0.0001	0.0005
0.0041	0.0207	0.8687	0.1018	0	0.0041	0.0001	0.0005
0.0179	0.0309	0.8385	0.1074	0	0.0047	0.0001	0.0004
0.1308	0.0436	0.7154	0.1064	0	0.0032	0.0003	0.0002
0.0185	0.0256	0.7204	0.2324	0	0.0025	0.0001	0.0004
0.0052	0.0153	0.7163	0.2604	0	0.0023	0.0001	0.0004
0.0032	0.0095	0.7103	0.2743	0	0.0022	0.0001	0.0004
0.0027	0.0063	0.7037	0.2847	0	0.0021	0.0001	0.0004
0.0024	0.0046	0.6973	0.2933	0	0.0021	0	0.0004
0.0021	0.0035	0.6911	0.3007	0	0.002	0	0.0004
0.002	0.0029	0.6854	0.3073	0	0.002	0	0.0004
0.0018	0.0026	0.6801	0.3131	0	0.002	0	0.0004
0.0017	0.0023	0.6754	0.3182	0	0.0019	0	0.0004
0.0016	0.0022	0.6711	0.3229	0	0.0019	0	0.0004
0.0015	0.0021	0.6672	0.327	0	0.0019	0	0.0004
0.0014	0.002	0.6637	0.3307	0	0.0019	0	0.0004
0.0013	0.0019	0.6606	0.3339	0	0.0019	0	0.0004
0.0012	0.0019	0.6578	0.3368	0	0.0019	0	0.0004
0.0012	0.0018	0.6553	0.3394	0	0.0019	0	0.0004
0.0011	0.0018	0.6531	0.3417	0	0.0018	0	0.0004
0.0011	0.0018	0.6512	0.3437	0	0.0018	0	0.0004
0.001	0.0018	0.6496	0.3454	0	0.0018	0	0.0004
0.001	0.0017	0.6482	0.3469	0	0.0018	0	0.0004
0.0009	0.0017	0.6469	0.3482	0	0.0018	0	0.0004
0.0009	0.0017	0.6459	0.3492	0	0.0018	0	0.0004
0.0009	0.0017	0.6451	0.3501	0	0.0018	0	0.0004
0.0009	0.0017	0.6445	0.3507	0	0.0018	0	0.0004
0.0009	0.0017	0.6441	0.3511	0	0.0018	0	0.0004
0.0009	0.0017	0.6438	0.3514	0	0.0018	0	0.0004
0.0009	0.0017	0.6437	0.3515	0	0.0018	0	0.0004
0.0009	0.0017	0.6438	0.3514	0	0.0018	0	0.0004
0.0009	0.0017	0.644	0.3511	0	0.0018	0	0.0004
0.0009	0.0018	0.6444	0.3507	0	0.0018	0	0.0004
0.0009	0.0019	0.645	0.35	0	0.0018	0	0.0004
0.0009	0.002	0.6457	0.3491	0	0.0019	0	0.0004
0.001	0.0022	0.6465	0.3481	0	0.0019	0	0.0004
0.001	0.0026	0.6474	0.3467	0	0.0019	0	0.0004
0.0011	0.0033	0.6482	0.3451	0	0.002	0	0.0004
0.0011	0.0044	0.6489	0.343	0	0.0021	0	0.0004
0.0013	0.0064	0.6492	0.3404	0	0.0023	0	0.0004
0.0022	0.01	0.6483	0.3365	0	0.0026	0.0001	0.0004
0.0084	0.0163	0.6447	0.3271	0	0.003	0.0001	0.0004
0.0608	0.0269	0.6308	0.2782	0	0.0028	0.0002	0.0002
0.0082	0.0176	0.6742	0.2973	0	0.0023	0.0001	0.0004
0.0019	0.0111	0.6858	0.2985	0	0.0022	0.0001	0.0004
0.0012	0.0073	0.6916	0.2974	0	0.0021	0	0.0004
0.0011	0.0051	0.6955	0.2957	0	0.0021	0	0.0004
0.0011	0.004	0.6987	0.2938	0	0.0021	0	0.0004
0.0012	0.0034	0.7015	0.2915	0	0.0021	0	0.0004
0.0012	0.0032	0.7043	0.2888	0	0.0021	0	0.0004
0.0013	0.0033	0.7071	0.2858	0	0.0021	0	0.0004
0.0014	0.0037	0.71	0.2823	0	0.0022	0	0.0004
0.0015	0.0047	0.7128	0.2783	0	0.0022	0	0.0004
0.0017	0.0064	0.7156	0.2734	0	0.0024	0	0.0004
0.0019	0.0096	0.7178	0.2675	0	0.0026	0.0001	0.0004
0.0023	0.0153	0.719	0.2598	0	0.0031	0.0001	0.0004
0.0027	0.0257	0.7179	0.2493	0	0.0038	0.0001	0.0004
0.0024	0.0448	0.7155	0.2348	0	0.0021	0.0001	0.0001
0.0107	0.0454	0.021	0.1569	0	0.7656	0.0003	0
0.0101	0.5402	0.27	0.1788	0	0.0007	0.0003	0
0.2427	0.4327	0.1383	0.184	0	0.0011	0.001	0
0.0491	0.2264	0.1483	0.5731	0.0001	0.002	0.0009	0.0001
0.0187	0.1191	0.1462	0.714	0	0.0013	0.0005	0.0001
0.0107	0.0631	0.1384	0.7866	0	0.0009	0.0003	0.0001
0.0072	0.0338	0.1283	0.8297	0	0.0007	0.0002	0.0001
0.0054	0.0184	0.1177	0.8578	0	0.0006	0.0001	0.0001
0.0043	0.0104	0.1072	0.8775	0	0.0005	0.0001	0.0001
0.0036	0.0061	0.0973	0.8924	0	0.0004	0	0.0001
0.0032	0.0038	0.0882	0.9044	0	0.0004	0	0
0.0029	0.0025	0.0798	0.9144	0	0.0003	0	0
0.0026	0.0018	0.0722	0.923	0	0.0003	0	0
0.0024	0.0014	0.0653	0.9305	0	0.0003	0	0
0.0022	0.0012	0.0591	0.9373	0	0.0002	0	0
0.0021	0.001	0.0534	0.9433	0	0.0002	0	0
0.0019	0.0009	0.0483	0.9487	0	0.0002	0	0
0.0018	0.0008	0.0436	0.9536	0	0.0002	0	0
0.0017	0.0007	0.0394	0.958	0	0.0002	0	0
0.0016	0.0006	0.0357	0.9619	0	0.0001	0	0
0.0015	0.0006	0.0323	0.9655	0	0.0001	0	0
0.0015	0.0005	0.0292	0.9687	0	0.0001	0	0
0.0014	0.0005	0.0264	0.9716	0	0.0001	0	0
0.0013	0.0004	0.0239	0.9743	0	0.0001	0	0
0.0013	0.0004	0.0216	0.9767	0	0.0001	0	0
0.0012	0.0004	0.0195	0.9788	0	0.0001	0	0
0.0012	0.0003	0.0177	0.9807	0	0.0001	0	0
0.0011	0.0003	0.016	0.9825	0	0.0001	0	0
0.0011	0.0003	0.0145	0.9841	0	0.0001	0	0
0.001	0.0003	0.0131	0.9855	0	0.0001	0	0
0.001	0.0002	0.0119	0.9868	0	0	0	0
0.001	0.0002	0.0108	0.988	0	0	0	0
0.001	0.0002	0.0097	0.989	0	0	0	0
0.0009	0.0002	0.0088	0.99	0	0	0	0
0.0009	0.0002	0.008	0.9909	0	0	0	0
0.0009	0.0002	0.0073	0.9916	0	0	0	0
0.0009	0.0001	0.0066	0.9923	0	0	0	0
0.0009	0.0001	0.006	0.993	0	0	0	0
0.0009	0.0001	0.0054	0.9936	0	0	0	0
0.0008	0.0001	0.0049	0.9941	0	0	0	0
0.0008	0.0001	0.0045	0.9945	0	0	0	0
0.0008	0.0001	0.0041	0.995	0	0	0	0
0.0008	0.0001	0.0037	0.9953	0	0	0	0
0.0008	0.0001	0.0034	0.9957	0	0	0	0
0.0008	0.0001	0.0031	0.996	0	0	0	0
0.0008	0.0001	0.0028	0.9963	0	0	0	0
0.0008	0.0001	0.0026	0.9965	0	0	0	0
0.0008	0.0001	0.0024	0.9968	0	0	0	0
0.0008	0.0001	0.0022	0.997	0	0	0	0
0.0008	0.0001	0.002	0.9972	0	0	0	0
0.0008	0.0001	0.0018	0.9973	0	0	0	0
0.0008	0.0001	0.0017	0.9975	0	0	0	0
0.0008	0.0001	0.0015	0.9976	0	0	0	0
0.0008	0.0001	0.0014	0.9978	0	0	0	0
0.0007	0.0001	0.0013	0.9979	0	0	0	0
0.0007	0.0001	0.0012	0.998	0	0	0	0
0.0007	0.0001	0.0011	0.9981	0	0	0	0
0.0007	0.0001	0.001	0.9981	0	0	0	0
0.0007	0.0001	0.001	0.9982	0	0	0	0
0.0007	0.0001	0.0009	0.9983	0	0	0	0
0.0007	0.0001	0.0008	0.9983	0	0	0	0
0.0007	0.0001	0.0008	0.9984	0	0	0	0
0.0007	0.0001	0.0007	0.9985	0	0	0	0
0.0007	0.0001	0.0007	0.9985	0	0	0	0
0.0007	0.0001	0.0007	0.9985	0	0	0	0
0.0007	0.0001	0.0006	0.9986	0	0	0	0
0.0007	0.0001	0.0006	0.9986	0	0	0	0
0.0007	0.0001	0.0006	0.9986	0	0	0	0
0.0007	0.0001	0.0005	0.9987	0	0	0	0
0.0007	0.0001	0.0005	0.9987	0	0	0	0
0.0007	0.0001	0.0005	0.9987	0	0	0	0
0.0007	0.0001	0.0005	0.9987	0	0	0	0
0.0007	0.0001	0.0005	0.9988	0	0	0	0
0.0007	0	0.0004	0.9988	0	0	0	0
0.0007	0	0.0004	0.9988	0	0	0	0
0.0007	0	0.0004	0.9988	0	0	0	0
0.0007	0	0.0004	0.9988	0	0	0	0
0.0007	0	0.0004	0.9988	0	0	0	0
0.0007	0	0.0004	0.9988	0	0	0	0
0.0007	0	0.0004	0.9988	0	0	0	0
0.0007	0	0.0004	0.9988	0	0	0	0
0.0007	0	0.0004	0.9989	0	0	0	0
0.0007	0	0.0004	0.9989	0	0	0	0
0.0007	0	0.0004	0.9989	0	0	0	0
0.0007	0	0.0003	0.9989	0	0	0	0
0.0007	0	0.0003	0.9989	0	0	0	0
0.0007	0	0.0003	0.9989	0	0	0	0
0.0007	0	0.0003	0.9989	0	0	0	0
0.0007	0	0.0003	0.9989	0	0	0	0
0.0007	0	0.0003	0.9989	0	0	0	0
0.0007	0	0.0003	0.9989	0	0	0	0
0.0007	0	0.0003	0.9989	0	0	0	0
0.0007	0	0.0003	0.9989	0	0	0	0
0.0007	0	0.0003	0.9989	0	0	0	0
0.0007	0	0.0003	0.9989	0	0	0	0
0.0007	0	0.0003	0.9989	0	0	0	0
0.0007	0	0.0003	0.9989	0	0	0	0
0.0007	0	0.0003	0.9989	0	0	0	0
0.0007	0	0.0003	0.9989	0	0	0	0
0.0007	0	0.0003	0.9989	0	0	0	0
0.0007	0	0.0003	0.9989	0	0	0	0
0.0007	0	0.0003	0.9989	0	0	0	0
0.0007	0	0.0003	0.9989	0	0	0	0
0.0007	0	0.0003	0.9989	0	0	0	0
0.0007	0	0.0003	0.9989	0	0	0	0
0.0007	0	0.0003	0.9989	0	0	0	0
0.0007	0	0.0003	0.9989	0	0	0	0
0.0007	0	0.0003	0.9989	0	0	0	0
0.0007	0	0.0003	0.9989	0	0	0	0
0.0007	0	0.0003	0.9989	0	0	0	0
0.0007	0	0.0003	0.9989	0	0	0	0
0.0007	0	0.0003	0.9989	0	0	0	0
0.0007	0	0.0003	0.9989	0	0	0	0
0.0007	0	0.0003	0.9989	0	0	0	0
0.0007	0	0.0003	0.9989	0	0	0	0
0.0007	0	0.0003	0.9989	0	0	0	0
0.0007	0	0.0003	0.9989	0	0	0	0
0.0007	0	0.0003	0.9989	0	0	0	0
0.0007	0	0.0003	0.9989	0	0	0	0
0.0007	0	0.0003	0.9989	0	0	0	0
0.0007	0	0.0003	0.9989	0	0	0	0
0.0007	0	0.0003	0.9989	0	0	0	0
0.0007	0	0.0003	0.9989	0	0	0	0
0.0007	0	0.0003	0.9989	0	0	0	0
0.0007	0	0.0003	0.9989	0	0	0	0
0.0007	0	0.0003	0.9989	0	0	0	0
0.0007	0	0.0003	0.9989	0	0	0	0
0.0007	0	0.0003	0.9989	0	0	0	0
0.0007	0	0.0003	0.9989	0	0	0	0
0.0007	0	0.0003	0.9989	0	0	0	0
0.0007	0	0.0003	0.9989	0	0	0	0
0.0007	0	0.0003	0.9989	0	0	0	0
0.0007	0	0.0003	0.9989	0	0	0	0
0.0007	0	0.0003	0.9989	0	0	0	0
0.0007	0	0.0003	0.9989	0	0	0	0
0.0007	0	0.0003	0.9989	0	0	0	0
0.0007	0	0.0003	0.9989	0	0	0	0
0.0007	0	0.0003	0.9989	0	0	0	0
0.0007	0	0.0003	0.9989	0	0	0	0
0.0007	0	0.0003	0.9989	0	0	0	0
0.0007	0	0.0003	0.9989	0	0	0	0
0.0007	0	0.0003	0.9989	0	0	0	0
0.0007	0	0.0003	0.9989	0	0	0	0
0.0007	0	0.0003	0.9989	0	0	0	0
0.0007	0	0.0003	0.9989	0	0	0	0
0.0007	0	0.0003	0.9989	0	0	0	0
0.0007	0	0.0003	0.9989	0	0	0	0
0.0007	0	0.0003	0.9989	0	0	0	0
0.0007	0	0.0003	0.9989	0	0	0	0
0.0007	0	0.0003	0.9989	0	0	0	0
0.0007	0	0.0003	0.9989	0	0	0	0
0.0007	0	0.0003	0.9989	0	0	0	0
0.0007	0	0.0003	0.9989	0	0	0	0
0.0007	0	0.0003	0.9989	0	0	0	0
0.0007	0	0.0003	0.9989	0	0	0	0
0.0007	0	0.0003	0.9989	0	0	0	0
0.0007	0	0.0003	0.9989	0	0	0	0
0.0007	0	0.0003	0.9989	0	0	0	0
0.0007	0	0.0003	0.9989	0	0	0	0
0.0007	0	0.0003	0.9989	0	0	0	0
0.0007	0	0.0003	0.9989	0	0	0	0
0.0007	0	0.0003	0.9989	0	0	0	0
0.0007	0	0.0003	0.9989	0	0	0	0
0.0007	0	0.0003	0.9989	0	0	0	0
0.0007	0	0.0003	0.9989	0	0	0	0
0.0007	0	0.0003	0.9989	0	0	0	0
0.0007	0	0.0003	0.9989	0	0	0	0
0.0007	0	0.0003	0.9989	0	0	0	0
0.0007	0	0.0003	0.9989	0	0	0	0
0.0007	0	0.0003	0.9989	0	0	0	0
0.0007	0	0.0003	0.9989	0	0	0	0
0.0007	0	0.0003	0.9989	0	0	0	0
0.0007	0	0.0003	0.9989	0	0	0	0
0.0007	0	0.0003	0.9989	0	0	0	0
0.0007	0	0.0003	0.9989	0	0	0	0
0.0007	0	0.0003	0.9989	0	0	0	0
0.0007	0	0.0003	0.9989	0	0	0	0
0.0007	0	0.0003	0.9989	0	0	0	0
0.0007	0	0.0003	0.9989	0	0	0	0
0.0007	0	0.0003	0.9989	0	0	0	0
0.0007	0	0.0003	0.9989	0	0	0	0
0.0007	0	0.0003	0.9989	0	0	0	0
0.0007	0	0.0003	0.9989	0	0	0	0
0.0007	0	0.0003	0.9989	0	0	0	0
0.0007	0	0.0003	0.9989	0	0	0	0
0.0007	0	0.0003	0.9989	0	0	0	0
0.0007	0	0.0003	0.9989	0	0	0	0
0.0007	0	0.0003	0.9989	0	0	0	0
0.0007	0	0.0003	0.9989	0	0	0	0
0.0007	0	0.0003	0.9989	0	0	0	0
0.0007	0	0.0003	0.9989	0	0	0	0
0.0007	0	0.0003	0.9989	0	0	0	0
0.0007	0	0.0003	0.9989	0	0	0	0
0.0007	0	0.0003	0.9989	0	0	0	0
0.0007	0	0.0003	0.9989	0	0	0	0
0.0007	0	0.0003	0.9989	0	0	0	0
0.0007	0	0.0003	0.9989	0	0	0	0
0.0007	0	0.0003	0.9989	0	0	0	0
0.0007	0	0.0003	0.9989	0	0	0	0
0.0007	0	0.0003	0.9989	0	0	0	0
0.0007	0	0.0003	0.9989	0	0	0	0
0.0007	0	0.0003	0.9989	0	0	0	0
0.0007	0	0.0003	0.9989	0	0	0	0
0.0007	0	0.0003	0.9989	0	0	0	0
0.0007	0	0.0003	0.9989	0	0	0	0
0.0007	0	0.0003	0.9989	0	0	0	0
0.0007	0	0.0003	0.9989	0	0	0	0
0.0007	0	0.0003	0.9989	0	0	0	0
0.0007	0	0.0003	0.9989	0	0	0	0
0.0007	0	0.0003	0.9989	0	0	0	0
0.0007	0	0.0003	0.9989	0	0	0	0
0.0007	0	0.0003	0.9989	0	0	0	0
0.0007	0	0.0003	0.9989	0	0	0	0
0.0007	0	0.0003	0.9989	0	0	0	0
0.0007	0	0.0003	0.9989	0	0	0	0
0.0007	0	0.0003	0.9989	0	0	0	0
0.0007	0	0.0003	0.9989	0	0	0	0
0.0007	0	0.0003	0.9989	0	0	0	0
0.0007	0	0.0003	0.9989	0	0	0	0
0.0007	0	0.0003	0.9989	0	0	0	0
0.0007	0	0.0003	0.9989	0	0	0	0
0.0007	0	0.0003	0.9989	0	0	0	0
0.0007	0	0.0003	0.9989	0	0	0	0
0.0007	0	0.0003	0.9989	0	0	0	0
0.0007	0	0.0003	0.9989	0	0	0	0
0.0007	0	0.0003	0.9989	0	0	0	0
0.0007	0	0.0003	0.9989	0	0	0	0
0.0007	0	0.0003	0.9989	0	0	0	0
0.0007	0	0.0003	0.9989	0	0	0	0
0.0007	0	0.0003	0.9989	0	0	0	0
0.0007	0	0.0003	0.9989	0	0	0	0
0.0007	0	0.0003	0.9989	0	0	0	0
0.0007	0	0.0003	0.9989	0	0	0	0
0.0007	0	0.0003	0.9989	0	0	0	0
0.0007	0	0.0003	0.9989	0	0	0	0
0.0007	0	0.0003	0.9989	0	0	0	0
0.0007	0	0.0003	0.9989	0	0	0	0
0.0007	0	0.0003	0.9989	0	0	0	0
0.0007	0	0.0003	0.9989	0	0	0	0
0.0007	0	0.0003	0.9989	0	0	0	0
0.0007	0	0.0003	0.9989	0	0	0	0
0.0007	0	0.0003	0.9989	0	0	0	0
0.0007	0	0.0003	0.9989	0	0	0	0
0.0007	0	0.0003	0.9989	0	0	0	0
0.0007	0	0.0003	0.9989	0	0	0	0
0.0007	0	0.0003	0.9989	0	0	0	0
0.0007	0	0.0003	0.9989	0	0	0	0
0.0007	0	0.0003	0.9989	0	0	0	0
0.0007	0	0.0003	0.9989	0	0	0	0
0.0007	0	0.0003	0.9989	0	0	0	0
0.0007	0	0.0003	0.9989	0	0	0	0
0.0007	0	0.0003	0.9989	0	0	0	0
0.0007	0	0.0003	0.9989	0	0	0	0
0.0007	0	0.0003	0.9989	0	0	0	0
0.0007	0	0.0003	0.9989	0	0	0	0
0.0007	0	0.0003	0.9989	0	0	0	0
0.0007	0	0.0003	0.9989	0	0	0	0
0.0007	0	0.0003	0.9989	0	0	0	0
0.0007	0	0.0003	0.9989	0	0	0	0
0.0007	0	0.0003	0.9989	0	0	0	0
0.0007	0	0.0003	0.9989	0	0	0	0
0.0007	0	0.0003	0.9989	0	0	0	0
0.0007	0	0.0003	0.9989	0	0	0	0
0.0007	0	0.0003	0.9989	0	0	0	0
0.0007	0	0.0003	0.9989	0	0	0	0
0.0007	0	0.0003	0.9989	0	0	0	0
0.0007	0	0.0003	0.9989	0	0	0	0
0.0007	0	0.0003	0.9989	0	0	0	0
0.0007	0	0.0003	0.9989	0	0	0	0
0.0007	0	0.0003	0.9989	0	0	0	0
0.0007	0	0.0003	0.9989	0	0	0	0
0.0007	0	0.0003	0.9989	0	0	0	0
0.0007	0	0.0003	0.9989	0	0	0	0
0.0007	0	0.0003	0.9989	0	0	0	0
0.0007	0	0.0003	0.9989	0	0	0	0
0.0007	0	0.0003	0.9989	0	0	0	0
0.0007	0	0.0003	0.9989	0	0	0	0
0.0007	0	0.0003	0.9989	0	0	0	0
0.0007	0	0.0003	0.9989	0	0	0	0
0.0007	0	0.0003	0.9989	0	0	0	0
0.0007	0	0.0003	0.9989	0	0	0	0
0.0007	0	0.0003	0.9989	0	0	0	0
0.0007	0	0.0003	0.9989	0	0	0	0
0.0007	0	0.0003	0.9989	0	0	0	0
0.0007	0	0.0003	0.9989	0	0	0	0
0.0007	0	0.0003	0.9989	0	0	0	0
0.0007	0	0.0003	0.9989	0	0	0	0
0.0007	0	0.0003	0.9989	0	0	0	0
0.0007	0	0.0003	0.9989	0	0	0	0
0.0007	0	0.0003	0.9989	0	0	0	0
0.0007	0	0.0003	0.9989	0	0	0	0
0.0007	0	0.0003	0.9989	0	0	0	0
0.0007	0	0.0003	0.9989	0	0	0	0
0.0007	0	0.0003	0.9989	0	0	0	0
0.0007	0	0.0003	0.9989	0	0	0	0
0.0007	0	0.0003	0.9989	0	0	0	0
0.0007	0	0.0003	0.9989	0	0	0	0
0.0007	0	0.0003	0.9989	0	0	0	0
0.0007	0	0.0003	0.9989	0	0	0	0
0.0007	0	0.0003	0.9989	0	0	0	0
0.0007	0	0.0003	0.9989	0	0	0	0
0.0007	0	0.0003	0.9989	0	0	0	0
0.0007	0	0.0003	0.9989	0	0	0	0
0.0007	0	0.0003	0.9989	0	0	0	0
0.0007	0	0.0003	0.9989	0	0	0	0
0.0007	0	0.0003	0.9989	0	0	0	0
0.0007	0	0.0003	0.9989	0	0	0	0
0.0007	0	0.0003	0.9989	0	0	0	0
0.0007	0	0.0003	0.9989	0	0	0	0
0.0007	0	0.0003	0.9989	0	0	0	0
0.0007	0	0.0003	0.9989	0	0	0	0
0.0007	0	0.0003	0.9989	0	0	0	0
0.0007	0	0.0003	0.9989	0	0	0	0
0.0007	0	0.0003	0.9989	0	0	0	0
0.0007	0	0.0003	0.9989	0	0	0	0
0.0007	0	0.0003	0.9989	0	0	0	0
0.0007	0	0.0003	0.9989	0	0	0	0
0.0007	0	0.0003	0.9989	0	0	0	0
0.0007	0	0.0003	0.9989	0	0	0	0
0.0007	0	0.0003	0.9989	0	0	0	0
0.0007	0	0.0003	0.9989	0	0	0	0
0.0007	0	0.0003	0.9989	0	0	0	0
0.0007	0	0.0003	0.9989	0	0	0	0
0.0007	0	0.0003	0.9989	0	0	0	0
0.0007	0	0.0003	0.9989	0	0	0	0
0.0007	0	0.0003	0.9989	0	0	0	0
0.0007	0	0.0003	0.9989	0	0	0	0
0.0007	0	0.0003	0.9989	0	0	0	0
0.0007	0	0.0003	0.9989	0	0	0	0
0.0007	0	0.0003	0.9989	0	0	0	0
0.0007	0	0.0003	0.9989	0	0	0	0
0.0007	0	0.0003	0.9989	0	0	0	0
0.0007	0	0.0003	0.9989	0	0	0	0
0.0007	0	0.0003	0.9989	0	0	0	0
0.0007	0	0.0003	0.9989	0	0	0	0
0.0007	0	0.0003	0.9989	0	0	0	0
0.0007	0	0.0003	0.9989	0	0	0	0
0.0007	0	0.0003	0.9989	0	0	0	0
0.0007	0	0.0004	0.9989	0	0	0	0
0.0007	0	0.0004	0.9989	0	0	0	0
0.0007	0	0.0004	0.9989	0	0	0	0
0.0007	0	0.0004	0.9988	0	0	0	0
0.0007	0	0.0004	0.9988	0	0	0	0
0.0007	0	0.0004	0.9988	0	0	0	0
0.0007	0	0.0004	0.9988	0	0	0	0
0.0007	0	0.0004	0.9988	0	0	0	0
0.0007	0.0001	0.0004	0.9988	0	0	0	0
0.0007	0.0001	0.0004	0.9988	0	0	0	0
0.0007	0.0001	0.0004	0.9988	0	0	0	0
0.0007	0.0001	0.0005	0.9988	0	0	0	0
0.0007	0.0001	0.0005	0.9987	0	0	0	0
0.0007	0.0001	0.0005	0.9987	0	0	0	0
0.0007	0.0001	0.0005	0.9987	0	0	0	0
0.0007	0.0001	0.0005	0.9987	0	0	0	0
0.0007	0.0001	0.0006	0.9986	0	0	0	0
0.0007	0.0001	0.0006	0.9986	0	0	0	0
0.0007	0.0001	0.0006	0.9986	0	0	0	0
0.0007	0.0001	0.0007	0.9985	0	0	0	0
0.0007	0.0001	0.0007	0.9985	0	0	0	0
0.0007	0.0001	0.0007	0.9985	0	0	0	0
0.0007	0.0001	0.0008	0.9984	0	0	0	0
0.0007	0.0001	0.0008	0.9984	0	0	0	0
0.0007	0.0001	0.0009	0.9983	0	0	0	0
0.0007	0.0001	0.001	0.9982	0	0	0	0
0.0007	0.0001	0.001	0.9982	0	0	0	0
0.0007	0.0001	0.0011	0.9981	0	0	0	0
0.0007	0.0001	0.0012	0.998	0	0	0	0
0.0008	0.0001	0.0013	0.9979	0	0	0	0
0.0008	0.0001	0.0014	0.9978	0	0	0	0
0.0008	0.0001	0.0015	0.9976	0	0	0	0
0.0008	0.0001	0.0017	0.9975	0	0	0	0
0.0008	0.0001	0.0018	0.9973	0	0	0	0
0.0008	0.0001	0.002	0.9972	0	0	0	0
0.0008	0.0001	0.0021	0.997	0	0	0	0
0.0008	0.0001	0.0023	0.9968	0	0	0	0
0.0008	0.0001	0.0025	0.9966	0	0	0	0
0.0008	0.0001	0.0028	0.9963	0	0	0	0
0.0008	0.0001	0.0031	0.996	0	0	0	0
0.0008	0.0001	0.0033	0.9957	0	0	0	0
0.0008	0.0001	0.0037	0.9954	0	0	0	0
0.0008	0.0002	0.004	0.995	0	0	0	0
0.0008	0.0002	0.0044	0.9945	0	0	0	0
0.0009	0.0002	0.0049	0.994	0	0	0	0
0.0009	0.0003	0.0053	0.9934	0	0	0	0
0.0009	0.0005	0.0059	0.9926	0	0	0	0
0.0013	0.0009	0.0064	0.9914	0	0	0	0
