MV411	chr14_KI270723v1_random
E1	E2	E3	E4	E5	E6	E7	E8
0.0154	0	0	0.9846	0.0001	0	0	0
0.0024	0.0001	0.0002	0.9974	0	0	0	0
0.0009	0.0001	0.0002	0.9989	0	0	0	0
0.0007	0.0001	0.0002	0.999	0	0	0	0
0.0007	0	0.0002	0.999	0	0	0	0
0.0007	0	0.0002	0.999	0	0	0	0
0.0007	0	0.0002	0.999	0	0	0	0
0.0007	0	0.0002	0.999	0	0	0	0
0.0007	0	0.0002	0.999	0	0	0	0
0.0007	0	0.0002	0.999	0	0	0	0
0.0007	0	0.0002	0.999	0	0	0	0
0.0007	0	0.0003	0.999	0	0	0	0
0.0007	0	0.0003	0.999	0	0	0	0
0.0007	0	0.0003	0.999	0	0	0	0
0.0007	0	0.0003	0.999	0	0	0	0
0.0007	0	0.0003	0.999	0	0	0	0
0.0007	0	0.0003	0.999	0	0	0	0
0.0007	0	0.0003	0.9989	0	0	0	0
0.0007	0	0.0003	0.9989	0	0	0	0
0.0007	0	0.0003	0.9989	0	0	0	0
0.0007	0	0.0003	0.9989	0	0	0	0
0.0007	0	0.0003	0.9989	0	0	0	0
0.0007	0	0.0003	0.9989	0	0	0	0
0.0007	0	0.0003	0.9989	0	0	0	0
0.0007	0	0.0003	0.9989	0	0	0	0
0.0007	0	0.0003	0.9989	0	0	0	0
0.0007	0	0.0003	0.9989	0	0	0	0
0.0007	0	0.0003	0.9989	0	0	0	0
0.0007	0	0.0003	0.9989	0	0	0	0
0.0007	0	0.0003	0.9989	0	0	0	0
0.0007	0	0.0003	0.9989	0	0	0	0
0.0007	0	0.0003	0.9989	0	0	0	0
0.0007	0	0.0003	0.9989	0	0	0	0
0.0007	0	0.0003	0.9989	0	0	0	0
0.0007	0	0.0003	0.9989	0	0	0	0
0.0007	0	0.0003	0.9989	0	0	0	0
0.0007	0	0.0003	0.9989	0	0	0	0
0.0007	0	0.0003	0.9989	0	0	0	0
0.0007	0	0.0003	0.9989	0	0	0	0
0.0007	0	0.0003	0.9989	0	0	0	0
0.0007	0	0.0003	0.9989	0	0	0	0
0.0007	0	0.0004	0.9989	0	0	0	0
0.0007	0	0.0004	0.9989	0	0	0	0
0.0007	0	0.0004	0.9989	0	0	0	0
0.0007	0	0.0004	0.9988	0	0	0	0
0.0007	0	0.0004	0.9988	0	0	0	0
0.0007	0	0.0004	0.9988	0	0	0	0
0.0007	0	0.0004	0.9988	0	0	0	0
0.0007	0	0.0004	0.9988	0	0	0	0
0.0007	0.0001	0.0004	0.9988	0	0	0	0
0.0007	0.0001	0.0004	0.9988	0	0	0	0
0.0007	0.0001	0.0004	0.9988	0	0	0	0
0.0007	0.0001	0.0005	0.9988	0	0	0	0
0.0007	0.0001	0.0005	0.9987	0	0	0	0
0.0007	0.0001	0.0005	0.9987	0	0	0	0
0.0007	0.0001	0.0005	0.9987	0	0	0	0
0.0007	0.0001	0.0005	0.9987	0	0	0	0
0.0007	0.0001	0.0006	0.9986	0	0	0	0
0.0007	0.0001	0.0006	0.9986	0	0	0	0
0.0007	0.0001	0.0006	0.9986	0	0	0	0
0.0007	0.0001	0.0007	0.9985	0	0	0	0
0.0007	0.0001	0.0007	0.9985	0	0	0	0
0.0007	0.0001	0.0008	0.9984	0	0	0	0
0.0007	0.0001	0.0008	0.9984	0	0	0	0
0.0007	0.0001	0.0009	0.9983	0	0	0	0
0.0007	0.0001	0.0009	0.9983	0	0	0	0
0.0007	0.0001	0.001	0.9982	0	0	0	0
0.0007	0.0001	0.0011	0.9981	0	0	0	0
0.0007	0.0001	0.0011	0.998	0	0	0	0
0.0007	0.0001	0.0012	0.998	0	0	0	0
0.0008	0.0001	0.0013	0.9978	0	0	0	0
0.0008	0.0001	0.0014	0.9977	0	0	0	0
0.0008	0.0001	0.0016	0.9976	0	0	0	0
0.0008	0.0001	0.0017	0.9975	0	0	0	0
0.0008	0.0001	0.0018	0.9973	0	0	0	0
0.0008	0.0001	0.002	0.9971	0	0	0	0
0.0008	0.0001	0.0022	0.9969	0	0	0	0
0.0008	0.0001	0.0024	0.9967	0	0	0	0
0.0008	0.0001	0.0026	0.9965	0	0	0	0
0.0008	0.0001	0.0029	0.9962	0	0	0	0
0.0008	0.0001	0.0031	0.9959	0	0	0	0
0.0008	0.0001	0.0034	0.9956	0	0	0	0
0.0008	0.0001	0.0038	0.9953	0	0	0	0
0.0008	0.0001	0.0041	0.9949	0	0	0	0
0.0008	0.0002	0.0045	0.9944	0	0	0	0
0.0008	0.0002	0.005	0.9939	0	0	0	0
0.0009	0.0002	0.0055	0.9934	0	0	0	0
0.0009	0.0003	0.006	0.9927	0	0	0	0
0.0009	0.0005	0.0066	0.9919	0	0	0	0
0.0011	0.0008	0.0073	0.9908	0	0.0001	0	0
0.0024	0.0013	0.008	0.9883	0	0.0001	0	0
0.0136	0.0022	0.0086	0.9755	0	0.0001	0	0
0.1129	0.0035	0.0083	0.8752	0	0	0	0
0.9987	0.0013	0	0	0	0	0	0
0.9937	0.0062	0	0	0	0	0	0
0.9913	0.0085	0	0	0.0001	0	0	0
0.1124	0.0068	0.0089	0.8718	0.0001	0	0	0
0.0137	0.0039	0.0093	0.973	0	0.0001	0	0
0.0025	0.0021	0.0087	0.9865	0	0	0	0
0.0012	0.0012	0.0081	0.9895	0	0	0	0
0.001	0.0007	0.0074	0.9909	0	0	0	0
0.0009	0.0004	0.0067	0.9919	0	0	0	0
0.0009	0.0003	0.0061	0.9927	0	0	0	0
0.0009	0.0002	0.0056	0.9933	0	0	0	0
0.0008	0.0002	0.0051	0.9939	0	0	0	0
0.0008	0.0001	0.0046	0.9944	0	0	0	0
0.0008	0.0001	0.0042	0.9948	0	0	0	0
0.0008	0.0001	0.0038	0.9952	0	0	0	0
0.0008	0.0001	0.0035	0.9956	0	0	0	0
0.0008	0.0001	0.0032	0.9959	0	0	0	0
0.0008	0.0001	0.0029	0.9962	0	0	0	0
0.0008	0.0001	0.0027	0.9964	0	0	0	0
0.0008	0.0001	0.0024	0.9967	0	0	0	0
0.0008	0.0001	0.0022	0.9969	0	0	0	0
0.0008	0.0001	0.0021	0.9971	0	0	0	0
0.0008	0.0001	0.0019	0.9973	0	0	0	0
0.0008	0.0001	0.0018	0.9974	0	0	0	0
0.0008	0.0001	0.0016	0.9975	0	0	0	0
0.0008	0.0001	0.0015	0.9977	0	0	0	0
0.0008	0.0001	0.0014	0.9978	0	0	0	0
0.0007	0.0001	0.0013	0.9979	0	0	0	0
0.0007	0.0001	0.0012	0.998	0	0	0	0
0.0007	0.0001	0.0011	0.9981	0	0	0	0
0.0007	0.0001	0.0011	0.9981	0	0	0	0
0.0007	0.0001	0.001	0.9982	0	0	0	0
0.0007	0.0001	0.0009	0.9983	0	0	0	0
0.0007	0.0001	0.0009	0.9983	0	0	0	0
0.0007	0.0001	0.0008	0.9984	0	0	0	0
0.0007	0.0001	0.0008	0.9984	0	0	0	0
0.0007	0.0001	0.0008	0.9984	0	0	0	0
0.0007	0.0001	0.0007	0.9985	0	0	0	0
0.0007	0.0001	0.0007	0.9985	0	0	0	0
0.0007	0.0001	0.0007	0.9985	0	0	0	0
0.0007	0.0001	0.0006	0.9986	0	0	0	0
0.0007	0.0001	0.0006	0.9986	0	0	0	0
0.0007	0.0001	0.0006	0.9986	0	0	0	0
0.0007	0.0001	0.0006	0.9986	0	0	0	0
0.0007	0.0001	0.0006	0.9986	0	0	0	0
0.0007	0.0001	0.0006	0.9986	0	0	0	0
0.0007	0.0001	0.0006	0.9986	0	0	0	0
0.0007	0.0001	0.0006	0.9986	0	0	0	0
0.0007	0.0001	0.0006	0.9986	0	0	0	0
0.0007	0.0001	0.0006	0.9986	0	0	0	0
0.0007	0.0001	0.0006	0.9986	0	0	0	0
0.0007	0.0001	0.0006	0.9986	0	0	0	0
0.0007	0.0001	0.0006	0.9986	0	0	0	0
0.0007	0.0001	0.0006	0.9986	0	0	0	0
0.0007	0.0001	0.0006	0.9986	0	0	0	0
0.0007	0.0001	0.0007	0.9986	0	0	0	0
0.0007	0.0001	0.0007	0.9985	0	0	0	0
0.0007	0.0001	0.0007	0.9985	0	0	0	0
0.0007	0.0001	0.0007	0.9985	0	0	0	0
0.0007	0.0001	0.0008	0.9984	0	0	0	0
0.0007	0.0001	0.0008	0.9984	0	0	0	0
0.0007	0.0001	0.0008	0.9984	0	0	0	0
0.0007	0.0001	0.0009	0.9983	0	0	0	0
0.0007	0.0001	0.0009	0.9982	0	0	0	0
0.0007	0.0001	0.001	0.9982	0	0	0	0
0.0007	0.0001	0.0011	0.9981	0	0	0	0
0.0007	0.0001	0.0011	0.998	0	0	0	0
0.0007	0.0001	0.0012	0.998	0	0	0	0
0.0007	0.0001	0.0013	0.9979	0	0	0	0
0.0008	0.0001	0.0014	0.9978	0	0	0	0
0.0008	0.0001	0.0015	0.9976	0	0	0	0
0.0008	0.0001	0.0016	0.9975	0	0	0	0
0.0008	0.0001	0.0018	0.9974	0	0	0	0
0.0008	0.0001	0.0019	0.9972	0	0	0	0
0.0008	0.0001	0.0021	0.997	0	0	0	0
0.0008	0.0001	0.0023	0.9968	0	0	0	0
0.0008	0.0001	0.0025	0.9966	0	0	0	0
0.0008	0.0001	0.0027	0.9964	0	0	0	0
0.0008	0.0001	0.003	0.9961	0	0	0	0
0.0008	0.0001	0.0033	0.9958	0	0	0	0
0.0008	0.0001	0.0036	0.9955	0	0	0	0
0.0008	0.0001	0.0039	0.9951	0	0	0	0
0.0008	0.0002	0.0043	0.9947	0	0	0	0
0.0008	0.0002	0.0047	0.9942	0	0	0	0
0.0009	0.0003	0.0052	0.9936	0	0	0	0
0.0009	0.0004	0.0057	0.993	0	0	0	0
0.001	0.0007	0.0062	0.992	0	0	0	0
0.0018	0.0012	0.0068	0.9901	0	0.0001	0	0
0.0087	0.0021	0.0073	0.9819	0	0.0001	0	0
0.0689	0.0035	0.0073	0.9202	0	0.0001	0	0
0.0086	0.0025	0.0147	0.9741	0	0.0001	0	0
0.0018	0.0016	0.0164	0.9801	0	0.0001	0	0
0.001	0.0012	0.0171	0.9807	0	0.0001	0	0
0.0009	0.0009	0.0176	0.9804	0	0.0001	0	0
0.0009	0.0009	0.0181	0.98	0	0.0001	0	0
0.001	0.001	0.0186	0.9793	0	0.0001	0	0
0.0013	0.0013	0.0191	0.9782	0	0.0001	0	0
